[-1.20550357e-01  7.20260516e-02  1.64993182e-02 -7.68413767e-02
 -1.59834415e-01  1.27060292e-02  2.22842973e-02 -1.07073806e-01
  1.72074690e-01 -5.81426881e-02  2.60574430e-01 -2.19676066e-02
 -2.84507126e-01 -7.95303807e-02 -2.24957522e-02  2.10916564e-01
 -1.09339118e-01 -8.88068005e-02 -1.22158460e-01 -4.73692901e-02
  2.46371869e-02  8.91381409e-03 -8.95057060e-03  6.52963147e-02
 -1.55542240e-01 -3.33724320e-01 -6.87318668e-02 -6.84112012e-02
 -6.76326007e-02 -7.49961734e-02 -4.70703132e-02  1.22903638e-01
 -1.07795350e-01 -7.02345595e-02  7.03357309e-02  8.04212913e-02
 -5.47716208e-02 -2.77580749e-02  1.53739542e-01 -1.88112110e-02
 -2.45531395e-01  2.20136400e-02  9.93042439e-02  2.67889470e-01
  2.30690747e-01  1.88051891e-02  2.96536479e-02 -5.97391725e-02
  1.14225142e-01 -1.91845149e-01 -8.57958104e-03  9.25915986e-02
  9.29678902e-02  3.89050804e-02  3.35269235e-02 -1.50842279e-01
  4.83234617e-04  1.68061301e-01 -1.72545478e-01 -3.92525271e-02
  6.87411577e-02 -1.60103723e-01 -5.43407984e-02 -6.41523153e-02
  2.31301978e-01  8.44435245e-02 -1.50533423e-01 -1.22463815e-01
  1.63859978e-01 -1.21894792e-01 -4.46116589e-02  2.61775535e-02
 -2.14999110e-01 -2.05136701e-01 -3.01120609e-01  4.22058217e-02
  4.50767338e-01  1.60837695e-01 -1.93788677e-01  2.00657137e-02
 -4.99126241e-02  6.16703741e-02  1.09181307e-01  1.04522027e-01
 -4.45197057e-03 -4.00063954e-02 -8.32950994e-02  6.61358936e-03
  1.91900656e-01 -4.99625020e-02 -2.60561705e-02  2.31773332e-01
  4.32441831e-02  4.89584170e-02  1.35725057e-02 -1.03466548e-02
 -6.36182949e-02  4.98800306e-03 -1.36397228e-01 -4.85906610e-03
 -2.53290813e-02 -4.35996689e-02  7.66008273e-02  9.72777605e-02
 -1.52003437e-01  1.56944811e-01  3.75574157e-02  8.45540091e-02
 -1.21938530e-02  2.48978809e-02 -5.49865775e-02 -4.88577932e-02
  1.21636562e-01 -2.49781847e-01  1.75542921e-01  1.76474243e-01
  5.82906492e-02  1.19379461e-01  8.83390158e-02  3.27201299e-02
  1.09198457e-02 -3.36103149e-05 -1.71006665e-01 -1.15155531e-02
  1.26211464e-01 -8.28433409e-02  1.35755226e-01  2.31597871e-02]