[-0.12910026  0.13066173  0.04314848 -0.07520047 -0.14425637  0.00879389
 -0.02710499 -0.14188814  0.16077541 -0.0710124   0.25216416 -0.0468307
 -0.25910491 -0.08514006 -0.01646862  0.1813978  -0.20269215 -0.09775192
 -0.0686027  -0.01530335  0.07530191  0.00327801  0.03224125  0.04466651
 -0.15694027 -0.38917899 -0.08111297 -0.07230059 -0.0032217  -0.02497808
 -0.05346835  0.03470462 -0.15760717 -0.05626571  0.06148506  0.11565118
 -0.0518962  -0.04105629  0.1219058  -0.06099992 -0.25882846  0.02732738
  0.09006754  0.24889432  0.22824331  0.04189151  0.03414918 -0.10627285
  0.09756722 -0.14861946  0.00945547  0.12532543  0.06201212  0.03544255
  0.04510373 -0.17088534 -0.00793754  0.19588074 -0.13767427 -0.04892661
  0.10017397 -0.09160282 -0.00181348 -0.07948317  0.25348002  0.05828122
 -0.16358161 -0.14924574  0.12103405 -0.10471827 -0.02507892  0.05087333
 -0.21052733 -0.20395628 -0.30172578  0.02674196  0.45596418  0.13083674
 -0.16481714  0.00195159 -0.07560617  0.05823835  0.12390798  0.1220907
 -0.0153144   0.00169188 -0.11342974  0.03207765  0.1842885  -0.06303156
 -0.00842546  0.22341816  0.01077523  0.05338621 -0.01319489 -0.00622168
 -0.11667996  0.04487531 -0.1563044  -0.0265891  -0.0177238  -0.0247003
  0.04639014  0.12777321 -0.16458714  0.11742155  0.04255351  0.06563998
 -0.00340649 -0.01342385 -0.06365731 -0.0542509   0.12746714 -0.27667204
  0.1846993   0.20208429  0.08386587  0.14043437  0.10675091  0.02225571
  0.00265834 -0.00885631 -0.20133555  0.02644515  0.10490979 -0.08071417
  0.12981644 -0.00659715]