[-0.10957672  0.09537398  0.04299201 -0.10051612 -0.10447041 -0.00603881
 -0.01835768 -0.16703472  0.16962501 -0.10250696  0.23914702 -0.03762177
 -0.2569097  -0.07968664 -0.01916068  0.19209571 -0.1748275  -0.10182712
 -0.06832679 -0.00116895  0.08609434 -0.00636879  0.01250044  0.02580256
 -0.14867912 -0.32725164 -0.08195807 -0.07808416 -0.02001046 -0.00596692
 -0.05095359  0.0201028  -0.15585943 -0.02669333  0.05859699  0.06807538
 -0.03029608 -0.07740789  0.15293719 -0.04979556 -0.30106187  0.04751134
  0.08885779  0.18823572  0.21369724  0.00807587  0.02725804 -0.15544032
  0.13749291 -0.16934752  0.01462373  0.11696464  0.04880439  0.02441046
  0.03172642 -0.1553884  -0.00532253  0.15110347 -0.15152858 -0.05742275
  0.13481684 -0.05964733 -0.04567464 -0.09844887  0.21234599  0.09834987
 -0.16497952 -0.17655483  0.13811043 -0.1295047  -0.03532383  0.06380779
 -0.20367284 -0.21088533 -0.25149271  0.01717114  0.43035164  0.15533637
 -0.16712086  0.02983254 -0.10345832  0.07031044  0.15810771  0.12909308
  0.04883903  0.00441552 -0.04927982  0.00088988  0.2235966  -0.08474208
 -0.00598815  0.24969912  0.02290034  0.06258919 -0.04461272 -0.02953354
 -0.07453869  0.04324764 -0.14965868 -0.01257329 -0.02604365  0.02747063
  0.06728227  0.127913   -0.16631775  0.12779908  0.04559228  0.071339
  0.04330965  0.00223622 -0.04144401 -0.06547356  0.08939906 -0.25070807
  0.20045856  0.16029763  0.08962514  0.09191708  0.10989511  0.04229655
  0.03567285 -0.00963019 -0.22873472  0.01878621  0.11984348 -0.06470477
  0.11010849 -0.02267668]