[-1.07959583e-01  1.23562053e-01  5.35646789e-02 -6.68270066e-02
 -1.68334454e-01  1.65305864e-02 -5.39660361e-03 -1.24760918e-01
  1.51059404e-01 -3.50873508e-02  2.64939994e-01  8.81904736e-03
 -2.77887344e-01 -9.14740488e-02  7.75598129e-03  1.70957714e-01
 -1.73490331e-01 -1.07148387e-01 -1.05615102e-01 -4.08907160e-02
  6.23781383e-02  4.67773825e-02 -7.66246160e-03  4.10842337e-02
 -1.44967169e-01 -3.52151334e-01 -6.35932237e-02 -8.02839920e-02
 -1.73172057e-02 -7.18949214e-02 -3.56486626e-03  9.48065296e-02
 -1.06597088e-01 -7.36137619e-03  7.52831250e-02  1.01820111e-01
 -6.99637532e-02 -4.29265089e-02  1.39866769e-01 -7.49814957e-02
 -2.66964942e-01  2.63866168e-02  1.01465978e-01  2.18412742e-01
  2.62159795e-01  2.45855073e-03  2.08699591e-02 -8.72520059e-02
  1.27069116e-01 -1.72558114e-01 -2.35249099e-04  1.50609970e-01
  8.21757093e-02  6.36386126e-02  6.69897422e-02 -1.88796028e-01
 -2.13580462e-03  1.55301496e-01 -1.51335150e-01 -8.42728764e-02
  6.08011186e-02 -1.67448387e-01 -1.07344491e-02 -5.61243780e-02
  1.91792876e-01  3.06834877e-02 -1.50180474e-01 -1.51876435e-01
  1.13140546e-01 -1.49423867e-01 -7.37482011e-02  6.37766346e-02
 -2.05947146e-01 -1.86359912e-01 -3.13724309e-01  3.99603061e-02
  4.58266556e-01  1.21059112e-01 -1.88868791e-01  4.31428328e-02
 -4.36695889e-02  2.21400987e-02  8.49054977e-02  1.12506308e-01
 -4.07893024e-02 -4.28258814e-02 -1.35086700e-01  1.65879168e-02
  1.88602895e-01 -6.52466640e-02  2.30732709e-02  2.46376202e-01
  3.01703513e-02  7.54254237e-02  1.13013377e-02 -1.65529107e-03
 -7.21470937e-02  2.68615577e-02 -1.11765042e-01 -9.42808855e-03
 -3.11172456e-02 -5.37714437e-02  4.18077968e-02  1.01454578e-01
 -1.64413437e-01  1.48879737e-01  4.55661863e-02  8.50929394e-02
 -2.24091280e-02 -3.12307384e-02 -5.55471890e-02 -4.09944169e-02
  1.41969249e-01 -2.77221918e-01  1.90581247e-01  1.73980460e-01
  6.32100403e-02  1.43501505e-01  1.00025035e-01  4.10959460e-02
 -2.00015921e-02 -4.40702699e-02 -1.86630487e-01  1.80206485e-02
  1.13100104e-01 -7.86787495e-02  7.82102868e-02  1.22568775e-02]