[-0.08945242  0.14018196  0.07881975 -0.06164036 -0.15505688 -0.01159137
 -0.03564717 -0.17159067  0.16211031 -0.06310605  0.2710804   0.00538819
 -0.25633433 -0.06689598 -0.00402459  0.19361913 -0.15624923 -0.11481857
 -0.06748553 -0.01335188 -0.01029773  0.02488964  0.01865437  0.01376357
 -0.09090837 -0.29292715 -0.06518225 -0.06755611  0.02658268 -0.02654912
 -0.04575678  0.07269347 -0.12648937 -0.03674252  0.11018021  0.08543339
 -0.08464937 -0.05446887  0.20521788 -0.06279996 -0.24336787  0.01074711
  0.06641556  0.24475805  0.25162014  0.01116323  0.01574913 -0.13770497
  0.13550146 -0.21417487  0.0204224   0.14537714  0.05912356  0.04726317
  0.02682933 -0.19307086 -0.00974817  0.15685621 -0.13780284 -0.07198868
  0.1314445  -0.13859589 -0.02824419 -0.12025713  0.24671824  0.0577583
 -0.15536749 -0.13377546  0.10186058 -0.12125881 -0.0376946   0.05027086
 -0.18525921 -0.17145741 -0.25456458  0.02837949  0.44112355  0.14140324
 -0.1717025   0.01746892 -0.0800185   0.02528834  0.08790603  0.08474737
 -0.0005567  -0.07523908 -0.08395567 -0.03680472  0.2229775  -0.11673559
  0.05536419  0.21196266  0.00421437  0.05487822 -0.04063466 -0.03512499
 -0.07347274  0.03160663 -0.13250543 -0.0134609  -0.08253651 -0.04262858
  0.07905696  0.11813416 -0.20446478  0.1366685   0.04401787  0.05923304
  0.03742253 -0.03625606 -0.03393309 -0.0812967   0.1476911  -0.25501171
  0.22530584  0.15610735  0.06362034  0.14361265  0.08647351  0.09286433
 -0.02370432 -0.00774165 -0.15875804 -0.00665377  0.09947509 -0.05218449
  0.08235754  0.00254688]