[-1.93476170e-01  5.82787581e-02  1.42825274e-02 -6.47884458e-02
 -1.39915332e-01 -1.73513964e-02  3.91127020e-02 -1.54870763e-01
  7.69893453e-02 -1.01610258e-01  1.86639965e-01  1.10137172e-03
 -2.62419641e-01 -1.15558863e-01  1.03077088e-02  1.42981589e-01
 -1.10270977e-01 -1.46600649e-01 -1.47471234e-01 -9.53927711e-02
  9.52916965e-03  1.96478534e-02 -2.30568107e-02  3.02881654e-02
 -1.43178031e-01 -2.89900601e-01 -6.28972277e-02 -2.99435500e-02
 -1.52197080e-02 -9.06537026e-02  1.00285625e-02  1.01264216e-01
 -1.59753427e-01 -3.26153338e-02  4.32217941e-02  6.40743077e-02
 -6.67304620e-02 -2.24037617e-02  1.57131240e-01 -2.96678971e-02
 -2.13695630e-01  3.31473741e-04  1.11792348e-01  2.33232841e-01
  2.24319145e-01 -1.66133788e-04  4.07977030e-04 -6.46504983e-02
  1.13573194e-01 -1.72791421e-01 -3.10679879e-02  1.28352091e-01
  9.55494419e-02  8.63422081e-02  1.82942059e-02 -1.76925242e-01
 -3.06449838e-05  1.10917114e-01 -1.41073331e-01 -1.23326648e-02
  4.16553393e-02 -1.59049824e-01 -8.52958113e-02 -5.42102344e-02
  1.56089276e-01  6.78157732e-02 -1.38569549e-01 -1.53057560e-01
  1.60881355e-01 -1.58849269e-01 -6.83055669e-02  3.19278352e-02
 -1.58099726e-01 -1.89447477e-01 -2.62169659e-01  4.90582697e-02
  3.21023285e-01  1.67525351e-01 -1.77944273e-01 -1.92152557e-03
 -2.96100266e-02  5.77913783e-02  8.97008255e-02  8.47652107e-02
 -7.59797618e-02 -3.65255885e-02 -3.69126312e-02  2.05938406e-02
  1.69752479e-01  8.02445225e-03 -6.40238449e-02  1.96957186e-01
  5.29846661e-02  3.62671427e-02  4.50892411e-02  1.41138379e-02
 -6.15635626e-02 -2.95024971e-03 -1.33544117e-01  1.20348055e-02
  1.51158897e-02 -9.52325240e-02  7.45910332e-02  1.08128048e-01
 -9.51435342e-02  2.12946519e-01  2.48541944e-02  8.52151811e-02
 -5.02454303e-02  1.31047880e-02 -8.36273059e-02  1.85048790e-03
  7.04220161e-02 -2.23841816e-01  2.54600435e-01  2.14926869e-01
  2.52599251e-02  1.31742597e-01  1.34726018e-01  3.52353603e-02
  7.37251854e-03  3.03760208e-02 -1.22745804e-01 -7.14361742e-02
  1.28877416e-01 -6.35797307e-02  1.14632227e-01  9.30676423e-03]