[-1.09064870e-01  1.22691549e-01  5.35266176e-02 -7.79303834e-02
 -1.76343665e-01  2.12450381e-02 -3.68945114e-02 -1.32560611e-01
  1.10905908e-01 -2.85660066e-02  2.87390441e-01 -1.91143882e-02
 -2.77388394e-01 -7.66389668e-02 -6.16896572e-03  1.75545290e-01
 -1.34691522e-01 -8.07252228e-02 -1.18943274e-01 -2.30967663e-02
  2.59682592e-02  2.54422221e-02  2.55938061e-02  2.66975705e-02
 -1.32679507e-01 -3.33284855e-01 -9.30108801e-02 -2.20015310e-02
 -3.53116705e-03 -7.83670992e-02 -4.34556529e-02  6.93695173e-02
 -1.45928234e-01 -3.75274830e-02  7.13144541e-02  6.86312541e-02
 -6.00915030e-02 -7.40472227e-02  1.13662951e-01 -6.05134740e-02
 -2.53077179e-01  5.88956140e-02  9.35497284e-02  2.24710420e-01
  2.42448255e-01  3.25093344e-02  4.03358787e-02 -1.10634997e-01
  8.68227631e-02 -1.51000366e-01  4.22836952e-02  1.28682137e-01
  8.33169073e-02  5.83629869e-02 -2.49089557e-03 -1.69196486e-01
  1.33799796e-03  1.65898144e-01 -1.47273883e-01 -4.53529507e-02
  1.04024790e-01 -1.17090859e-01 -3.15445438e-02 -8.01471099e-02
  1.99241385e-01  9.06380564e-02 -1.59705490e-01 -1.88197955e-01
  1.18123822e-01 -1.15281127e-01 -5.25978990e-02  6.37558624e-02
 -2.14526102e-01 -2.01187059e-01 -2.96362728e-01  7.05300942e-02
  4.31987494e-01  1.21334389e-01 -1.96345910e-01 -1.03636645e-04
 -5.55304550e-02  5.41087463e-02  6.58591017e-02  1.03427649e-01
 -4.02453318e-02 -5.39916530e-02 -1.03802875e-01  2.70496942e-02
  2.23745584e-01 -7.69695193e-02 -2.56073866e-02  2.50933617e-01
  4.59672473e-02  2.96714511e-02  1.27256056e-02  5.86135946e-02
 -5.11921160e-02  3.70145626e-02 -1.02755390e-01  1.81772914e-02
  6.77230814e-03 -8.16112757e-02  3.63505706e-02  1.13322213e-01
 -1.60519987e-01  1.85138404e-01  4.13165204e-02  8.59946609e-02
  1.39378477e-02 -1.92611665e-02 -4.97682095e-02 -5.30728698e-02
  1.30822584e-01 -2.88416117e-01  2.29279861e-01  1.90950751e-01
  1.04169659e-01  1.28072992e-01  1.01904228e-01  8.44615772e-02
  2.08380576e-02 -1.23805124e-02 -1.41454175e-01 -3.07554789e-02
  1.05200164e-01 -7.31580928e-02  1.02350771e-01  4.20699343e-02]