[-0.18771388  0.06680782  0.03266956 -0.07426398 -0.08386553 -0.01735575
  0.03376832 -0.17824703  0.13613771 -0.11896314  0.19904287 -0.0134935
 -0.24928358 -0.10741009 -0.04062207  0.18684602 -0.14542626 -0.1380446
 -0.10779047 -0.05406272  0.03346079  0.02872566 -0.01063535  0.04600072
 -0.13464236 -0.3202942  -0.06800386 -0.05244737 -0.03192529 -0.04162005
 -0.04704949  0.08238237 -0.1690836  -0.0373941   0.07435489  0.09416547
 -0.03989234 -0.04520006  0.12784415 -0.01303859 -0.24466191  0.00421047
  0.11581005  0.23830615  0.21454342 -0.01349727 -0.01781817 -0.10285103
  0.14372212 -0.14904954 -0.05417019  0.10125768  0.07711003  0.06983411
  0.02656455 -0.1846727   0.00466075  0.11665956 -0.12212165 -0.03612971
  0.02965443 -0.15541969 -0.08533581 -0.06056528  0.15323497  0.04901498
 -0.15231661 -0.16824158  0.14392062 -0.13421671 -0.02489982  0.04446679
 -0.17833205 -0.20548768 -0.24294324  0.0351774   0.3596237   0.14430945
 -0.18155019  0.03209048 -0.03713187  0.06700975  0.11298411  0.14493506
 -0.0144594   0.02096212 -0.04270297 -0.00784949  0.17331707 -0.02145478
 -0.04708014  0.2098718  -0.01026933  0.050335    0.02105178 -0.00741574
 -0.09674371  0.02571819 -0.15499257 -0.03790402  0.01819732 -0.04990918
  0.05151737  0.10087188 -0.1356024   0.15585528  0.03481285  0.08160868
  0.00726206 -0.00653995 -0.06540257 -0.02074026  0.06776922 -0.23144417
  0.24008286  0.21192379  0.04361458  0.13903429  0.12781268  0.01350797
  0.02107791  0.0361327  -0.14715742 -0.04214924  0.14686792 -0.06906142
  0.10732235 -0.05450889]