[-1.17758177e-01  1.31534413e-01  5.63936010e-02 -6.07003830e-02
 -1.70747206e-01  2.92370617e-02 -1.13337114e-03 -1.30856484e-01
  1.58641323e-01 -2.97897402e-02  2.65272915e-01  1.43468771e-02
 -2.73120105e-01 -9.69484970e-02 -6.22732285e-03  1.64276049e-01
 -1.69658676e-01 -1.09314851e-01 -9.20451283e-02 -3.38483565e-02
  5.86675070e-02  3.71363051e-02 -3.59417801e-03  3.67661491e-02
 -1.26203194e-01 -3.63961220e-01 -7.19678998e-02 -7.75403902e-02
  3.32243362e-04 -7.60422572e-02 -2.51694750e-02  7.93510079e-02
 -1.09297730e-01 -1.73561741e-02  6.68883547e-02  1.07606806e-01
 -7.25385994e-02 -4.20819707e-02  1.39589742e-01 -7.96452984e-02
 -2.55679637e-01  1.85767300e-02  1.03209689e-01  2.19053373e-01
  2.72488922e-01  1.00440485e-02  1.72890928e-02 -9.09382105e-02
  1.14992693e-01 -1.62510782e-01  6.34172559e-03  1.51532114e-01
  8.32164362e-02  6.42253160e-02  4.60651219e-02 -1.95852414e-01
 -1.40960561e-02  1.53926641e-01 -1.58880457e-01 -8.32129866e-02
  5.60964420e-02 -1.71175584e-01 -1.91259012e-02 -3.98288332e-02
  1.96933910e-01  4.26530205e-02 -1.46493122e-01 -1.54511631e-01
  1.23991229e-01 -1.53856620e-01 -5.45878671e-02  5.16019650e-02
 -2.02921420e-01 -1.88557729e-01 -3.02816242e-01  4.66381460e-02
  4.71235991e-01  1.19569018e-01 -1.78239375e-01  4.28989530e-02
 -6.31751865e-02  1.88056547e-02  8.17802027e-02  1.01634778e-01
 -5.05103059e-02 -4.20077108e-02 -1.45515665e-01  1.67525560e-02
  1.80140451e-01 -5.99050224e-02  2.09443048e-02  2.31468752e-01
  2.79972833e-02  7.53740072e-02  2.30317246e-02  1.63095798e-02
 -7.17776790e-02  3.23065706e-02 -1.25731647e-01 -2.07973905e-02
 -3.55245136e-02 -6.71383888e-02  4.66932766e-02  9.80990455e-02
 -1.70806751e-01  1.45104393e-01  5.79704717e-02  7.86836669e-02
 -1.94286034e-02 -4.98965532e-02 -5.72749674e-02 -3.99190448e-02
  1.52974024e-01 -2.81058758e-01  1.96330681e-01  1.74926579e-01
  6.78178295e-02  1.66527390e-01  1.07682943e-01  4.61770780e-02
 -1.40896654e-02 -5.98956831e-02 -1.76140949e-01  2.53156964e-02
  1.02446258e-01 -7.37235397e-02  9.11315084e-02  2.10832115e-02]