[-1.19686268e-01  1.11785710e-01  4.72744517e-02 -8.28746185e-02
 -1.11162476e-01 -1.34686530e-02 -2.90498640e-02 -1.64176345e-01
  1.69838116e-01 -9.57662314e-02  2.33443365e-01 -4.14447002e-02
 -2.54275531e-01 -7.46348947e-02 -1.51440948e-02  1.83555365e-01
 -1.77233428e-01 -9.07420143e-02 -5.82575798e-02 -1.49542866e-02
  7.80402422e-02  2.46816128e-03  2.59460658e-02  2.20000371e-02
 -1.60448834e-01 -3.48527759e-01 -7.67432600e-02 -8.36550817e-02
 -3.16399895e-02  2.79412768e-03 -6.50825649e-02  2.88798641e-02
 -1.50045559e-01 -3.67635600e-02  6.74980655e-02  7.60468394e-02
 -2.87681166e-02 -5.80493025e-02  1.47444516e-01 -5.47313057e-02
 -3.02082747e-01  4.94875535e-02  9.89224315e-02  1.90090969e-01
  2.11340502e-01  2.31576394e-02  2.49833073e-02 -1.51596546e-01
  1.33254156e-01 -1.66246891e-01  1.75909884e-02  1.29390076e-01
  4.81975190e-02  1.51196299e-02  4.06245813e-02 -1.53801307e-01
 -1.84886530e-02  1.41764745e-01 -1.46345481e-01 -6.84914216e-02
  1.42949626e-01 -4.22731303e-02 -4.31415923e-02 -1.03134036e-01
  2.13919356e-01  1.10100031e-01 -1.61552295e-01 -1.64411247e-01
  1.32282391e-01 -1.38873935e-01 -3.80976163e-02  5.99920712e-02
 -1.96058556e-01 -2.25722194e-01 -2.49157384e-01  1.96164250e-02
  4.28528845e-01  1.69984922e-01 -1.59449518e-01  2.39933226e-02
 -1.01285912e-01  6.73497692e-02  1.57281011e-01  1.22579537e-01
  3.13183665e-02  1.53311482e-02 -3.94204557e-02 -1.11078472e-04
  2.21502647e-01 -7.38416314e-02 -1.11922277e-02  2.45709807e-01
  2.73824930e-02  7.54695237e-02 -3.94200161e-02 -3.57967727e-02
 -8.06890652e-02  3.87293212e-02 -1.65808275e-01 -9.84071475e-03
 -3.11818924e-02  1.91423148e-02  6.46960065e-02  1.27476886e-01
 -1.80070117e-01  1.24284185e-01  4.31177728e-02  6.13256507e-02
  3.68471257e-02  1.90354772e-02 -4.18633260e-02 -6.34269938e-02
  9.28600356e-02 -2.54074901e-01  1.98660001e-01  1.64811835e-01
  8.43606815e-02  1.11028075e-01  1.14994064e-01  3.52644920e-02
  3.82856652e-02 -1.06073944e-02 -2.20900372e-01  5.83187351e-03
  1.22224808e-01 -7.53828362e-02  1.12631798e-01 -2.15966590e-02]