[-0.09750026  0.13607751  0.06227338 -0.06482579 -0.13554877  0.00247451
 -0.04215248 -0.14223109  0.15628926 -0.06518765  0.26464054 -0.03566658
 -0.25497922 -0.07094073 -0.02405859  0.18886423 -0.20917812 -0.09647069
 -0.06696773  0.00138883  0.07684269  0.02809919  0.03201308  0.02101413
 -0.14620234 -0.39649147 -0.07158213 -0.06205728  0.01090026 -0.02307387
 -0.05995111  0.04033403 -0.16894622 -0.0501193   0.07214313  0.10861236
 -0.03680168 -0.05171786  0.11875025 -0.05282397 -0.27893764  0.03053569
  0.09355138  0.24331449  0.22259429  0.03845393  0.03229985 -0.11931358
  0.07980467 -0.15094928  0.0139859   0.12459685  0.05086237  0.05006457
  0.0256089  -0.18403459 -0.01749098  0.17267089 -0.12643002 -0.06393062
  0.11403848 -0.08684362 -0.0044376  -0.09511466  0.25264195  0.03946991
 -0.16713879 -0.15065877  0.09686255 -0.10253686 -0.02903348  0.04290506
 -0.21302362 -0.19606243 -0.30454952  0.03243592  0.44289184  0.11572077
 -0.17080104  0.0178085  -0.06768439  0.05967004  0.12543221  0.14012931
  0.0192356   0.01987877 -0.09477037  0.03823616  0.18922731 -0.08736406
  0.00250468  0.22531064 -0.00977557  0.06249952 -0.02642876  0.00306586
 -0.10100608  0.05999919 -0.15205018 -0.00866254 -0.01547837 -0.00048926
  0.04448861  0.1337481  -0.16124932  0.10734879  0.05014585  0.0633177
  0.03783518 -0.01572204 -0.05006766 -0.08973285  0.12407895 -0.27530512
  0.20541294  0.20826359  0.08007126  0.13913788  0.10084967  0.04193052
  0.00995352 -0.00140814 -0.21341555  0.02924056  0.10580321 -0.07853068
  0.10304244 -0.01551089]