[-1.35556534e-01  7.71679953e-02  4.63709198e-02 -7.89789930e-02
 -7.17361793e-02  9.49051231e-03  4.28834595e-02 -1.19733490e-01
  1.96007326e-01 -4.77229133e-02  2.48023853e-01  2.20376924e-02
 -2.44981721e-01 -1.12724356e-01  8.99596214e-02  1.43022418e-01
 -1.51898608e-01 -6.84595853e-02 -1.31879270e-01 -5.71500324e-02
  3.38096544e-02  3.93839441e-02  4.75872792e-02  7.99874589e-02
 -2.00063944e-01 -3.22553545e-01 -4.30687480e-02 -9.93297026e-02
 -1.52240833e-02 -5.20289950e-02 -4.34491523e-02  1.03368379e-01
 -1.60484895e-01 -2.36149188e-02  5.83237819e-02  9.98593867e-02
 -8.52856413e-02 -4.54047136e-02  1.47102699e-01 -5.29816225e-02
 -2.35975742e-01 -3.43420431e-02  3.62117700e-02  2.15709671e-01
  2.53345162e-01 -2.10561026e-02 -2.03288766e-03 -4.80254404e-02
  1.18436806e-01 -2.37720609e-01  4.89808246e-03  1.28236711e-01
  2.03852803e-02  6.85755238e-02  7.89979026e-02 -1.62029400e-01
 -2.54394114e-03  1.21123448e-01 -1.34855866e-01 -5.56440316e-02
  3.19696032e-02 -1.63089618e-01 -5.24437129e-02 -7.70625025e-02
  1.90547824e-01  6.28289208e-02 -1.77396283e-01 -9.79171768e-02
  7.28034452e-02 -1.16275527e-01 -1.22530973e-02  8.97985324e-02
 -1.89853653e-01 -2.30424449e-01 -2.82400548e-01  5.71073294e-02
  3.99147362e-01  1.44776478e-01 -2.08606124e-01  9.11660213e-03
 -8.79004598e-02  4.05699946e-02  1.03518322e-01  1.08434640e-01
 -5.62115340e-03 -1.09862313e-02 -7.46381879e-02  4.95827980e-02
  1.68588549e-01 -5.78972213e-02  8.02775938e-03  2.90936083e-01
  3.82051250e-04  4.41767201e-02 -1.66600402e-02  1.09279389e-02
 -4.93563935e-02  1.11219557e-02 -1.03470482e-01  1.76068451e-02
  5.36626689e-02 -4.39806320e-02  5.04139550e-02  1.02201365e-01
 -1.97759256e-01  1.74880907e-01  5.96740618e-02  6.89143986e-02
  5.58945797e-02 -4.59547006e-02 -7.98846707e-02 -5.37393354e-02
  1.08687274e-01 -2.97514409e-01  1.91429019e-01  1.90044984e-01
  2.47109812e-02  1.50471106e-01  3.32472175e-02  4.08264808e-02
 -1.67010669e-02  1.54802657e-03 -1.56941518e-01  1.45687191e-02
  1.42170772e-01 -4.39085774e-02  4.86182645e-02 -2.50820126e-02]