[-1.05677679e-01  9.30507183e-02  5.00383638e-02 -6.23738170e-02
 -1.74101472e-01  1.37837250e-02 -9.16812848e-03 -1.62798703e-01
  9.46515128e-02 -6.60900697e-02  2.59739369e-01 -1.39369769e-02
 -2.48964027e-01 -1.21427946e-01  2.84495647e-03  1.69211492e-01
 -1.25425026e-01 -1.06759004e-01 -1.15789950e-01 -4.15288769e-02
  3.34675908e-02  8.68719723e-03  3.89270708e-02  5.82597628e-02
 -1.60200223e-01 -3.37022811e-01 -6.74631745e-02 -7.99141899e-02
 -1.80317238e-02 -4.69426960e-02 -5.32216728e-02  3.91512513e-02
 -1.41483113e-01 -4.13892269e-02  4.88352850e-02  7.30147585e-02
 -6.09765910e-02 -5.41791804e-02  1.28635451e-01 -5.67490235e-02
 -2.39854023e-01  6.07439578e-02  6.60429969e-02  2.40155146e-01
  2.39889219e-01  2.09926665e-02  6.29647300e-02 -7.93926865e-02
  1.29514277e-01 -1.89853758e-01  3.41035463e-02  8.67272764e-02
  6.77632242e-02  3.41419801e-02  1.49637898e-02 -1.35698587e-01
 -2.35526394e-02  1.58207282e-01 -1.58170119e-01  5.68034826e-03
  8.46803710e-02 -1.36261255e-01 -4.05558720e-02 -9.55894142e-02
  2.25940213e-01  9.35073718e-02 -1.64925203e-01 -1.29581958e-01
  1.29763365e-01 -1.43044606e-01 -4.16789167e-02  5.00218086e-02
 -2.10269094e-01 -1.85613677e-01 -2.98570842e-01  6.22559004e-02
  4.55102265e-01  1.52449608e-01 -1.81902558e-01 -4.01120782e-02
 -6.25866055e-02  9.21849832e-02  9.65112671e-02  1.13040566e-01
  7.94459041e-03 -3.95534188e-02 -9.03887078e-02  5.12068570e-02
  2.13103995e-01 -8.53035152e-02 -3.28321159e-02  2.72007197e-01
  4.49416004e-02  5.54410592e-02  7.25388527e-05  3.07411980e-02
 -5.64458556e-02  2.01452821e-02 -9.78877172e-02  4.91509698e-02
 -1.20736230e-02 -4.57914174e-02  8.56408030e-02  8.74461457e-02
 -1.19330071e-01  1.58122644e-01  1.01637561e-02  9.17487368e-02
  9.74399131e-03 -1.37167098e-02 -6.76000491e-02 -6.38893917e-02
  1.12844311e-01 -2.55253851e-01  2.09371760e-01  1.94816142e-01
  9.61396620e-02  1.17367379e-01  6.73147738e-02  3.41612659e-02
  1.11417836e-02 -1.49013167e-02 -1.51750967e-01 -1.13863526e-02
  1.11935966e-01 -8.16624537e-02  1.15050174e-01  2.63621062e-02]