[-0.06554639  0.09672124  0.04578179 -0.06463274 -0.1691784   0.01482447
 -0.00301694 -0.15243429  0.15295595 -0.05106591  0.25898299 -0.04077151
 -0.2985085  -0.09479334  0.0179335   0.17672025 -0.17016278 -0.09858932
 -0.07127673 -0.03603175  0.02871842 -0.00501534  0.03670398  0.03640869
 -0.14472066 -0.36990643 -0.0716612  -0.08045666 -0.01381087 -0.06534375
 -0.06758326  0.07413458 -0.13849564 -0.05951473  0.08479004  0.07698047
 -0.07722914 -0.06685676  0.12513326 -0.05737966 -0.26418874 -0.00522485
  0.07319015  0.22961436  0.25615868  0.04051979  0.00918965 -0.07498471
  0.09196036 -0.20541464  0.03440231  0.1037448   0.06416965  0.03003204
  0.00594741 -0.17581378 -0.03808102  0.16092665 -0.20830527 -0.05364321
  0.12014132 -0.14104934 -0.03767307 -0.07308044  0.23879157  0.11435588
 -0.17192595 -0.14200734  0.12491613 -0.15121834 -0.01452472  0.04655302
 -0.19942555 -0.21936095 -0.27064034  0.03779954  0.4530831   0.14759585
 -0.15308379 -0.05340989 -0.07335238  0.07211935  0.10681746  0.09069441
  0.00465477 -0.03231573 -0.08856025  0.03326744  0.17604394 -0.09587393
 -0.03417622  0.25539881 -0.00964603  0.05217883 -0.01007862  0.01594411
 -0.06197029  0.05306717 -0.15040064 -0.00228375 -0.02475146 -0.03780841
  0.08461982  0.12020747 -0.14664476  0.12963815  0.03688037  0.06133481
  0.01764096 -0.05273188 -0.07293303 -0.07538407  0.13658732 -0.30267748
  0.19784172  0.19722658  0.10164256  0.13840146  0.05361015  0.01418077
  0.03543064 -0.06977492 -0.18730356  0.01897058  0.11071239 -0.06610481
  0.10797577 -0.00526574]