[-0.03788916  0.11261141  0.09613921 -0.05186033 -0.15508977  0.04329869
 -0.0244894  -0.15976739  0.14092425 -0.07513764  0.2483881  -0.03886249
 -0.30872056 -0.04206235 -0.00344599  0.20276415 -0.16631031 -0.09682494
 -0.08181133 -0.01736816  0.02252957  0.02934232  0.015636    0.00784871
 -0.12156191 -0.35103956 -0.05894873 -0.06141783  0.01288955 -0.0523097
 -0.11351129  0.06471092 -0.12832063 -0.03662226  0.09008288  0.0790827
 -0.07170378 -0.10879524  0.10858419 -0.05046815 -0.26848257  0.00808682
  0.06971562  0.21307626  0.25141206  0.01665027  0.01438859 -0.10148881
  0.09240404 -0.23241663  0.03218816  0.08996438  0.04798288  0.06756017
  0.00356529 -0.22191086 -0.04212316  0.14787284 -0.16772024 -0.04665996
  0.12330025 -0.1355767  -0.01861139 -0.08368611  0.21993637  0.1019301
 -0.17146228 -0.15037666  0.10688881 -0.13320474 -0.00547544  0.0275249
 -0.19982724 -0.19223335 -0.26153845  0.04172956  0.44267985  0.1359358
 -0.17052101 -0.04844914 -0.06686985  0.06981658  0.1124777   0.10500431
  0.03865719 -0.04851141 -0.07976124  0.02107837  0.20159984 -0.12622112
 -0.00908732  0.24737759 -0.0243299   0.03821044 -0.02492023  0.04011109
 -0.07831734  0.05522943 -0.1476842   0.00217921 -0.0378194  -0.0364437
  0.06338479  0.1406574  -0.15625976  0.13007613  0.03492818  0.05413224
  0.05948284 -0.06542382 -0.07006852 -0.0777539   0.15138163 -0.27952367
  0.20062552  0.20709403  0.10111415  0.13185883  0.05679724  0.04085452
  0.04341235 -0.04717278 -0.19697641  0.00107383  0.10840773 -0.05812998
  0.04732582 -0.00527341]