[-0.16172661  0.08816054  0.04486583 -0.09641458 -0.08514415 -0.02506464
  0.01121751 -0.09515905  0.17640153 -0.04166305  0.22570506  0.02654245
 -0.23192938 -0.10351624  0.0319356   0.13183998 -0.1463161  -0.07346009
 -0.08758706 -0.06497461  0.05631557  0.05616835  0.03533775  0.09153612
 -0.16208947 -0.29918429 -0.03256676 -0.06760254 -0.04310236 -0.05446026
 -0.02239131  0.10115862 -0.16487752 -0.03882586  0.05139421  0.10618331
 -0.08842071 -0.03506773  0.15366997 -0.02639781 -0.23292649 -0.028914
  0.05475596  0.25644818  0.26334181 -0.011137   -0.01156348 -0.07270426
  0.13119915 -0.21572296  0.0047375   0.14586216  0.04098008  0.06868256
  0.05172835 -0.15326862  0.01931549  0.1142617  -0.11806394 -0.06751771
  0.02793427 -0.15412055 -0.03003862 -0.0799358   0.20729919  0.05444786
 -0.1574169  -0.13133918  0.09816941 -0.12163681 -0.07931412  0.10613977
 -0.17998484 -0.20672642 -0.28933141  0.06464594  0.40334699  0.15214805
 -0.18797734  0.03723937 -0.08497974  0.02822205  0.09901591  0.13394144
 -0.03503552  0.0062527  -0.06688077  0.0254563   0.18354033 -0.02870247
 -0.05400499  0.24726914  0.03948228  0.07071181  0.02073477 -0.00357497
 -0.04482628  0.04019643 -0.14214565 -0.00410316  0.04022101 -0.04748783
  0.04995204  0.12648752 -0.19292946  0.19067191  0.0624525   0.0648993
  0.026946   -0.00911026 -0.0786538  -0.04009045  0.08762205 -0.27933174
  0.21293496  0.17274447  0.08380953  0.15710723  0.07913881  0.03975086
 -0.00307888  0.00371507 -0.1367415   0.00494464  0.14422934 -0.03078005
  0.10582173  0.00175473]