[-1.79656729e-01  7.66401514e-02  1.38971210e-02 -8.28408897e-02
 -1.41381532e-01  6.11232733e-03  6.26944453e-02 -1.25092581e-01
  1.42904207e-01 -1.36995122e-01  1.48618996e-01  1.45849329e-03
 -2.63622969e-01 -4.12640683e-02  1.06772622e-02  1.77212760e-01
 -1.48227409e-01 -1.59509212e-01 -1.74012735e-01 -1.23955987e-01
  7.11658224e-03  5.40731959e-02 -6.59362376e-02  5.01030385e-02
 -1.31547034e-01 -2.73722261e-01 -4.63142172e-02 -1.54883852e-02
  1.87643189e-02 -6.62130937e-02  5.04142779e-04  6.68319985e-02
 -1.55149251e-01 -2.53456533e-02  8.48731995e-02  6.09804578e-02
 -8.83163139e-02 -8.37291852e-02  1.49078965e-01 -6.97228452e-03
 -2.16329321e-01  1.21957441e-04  1.04392268e-01  2.36627385e-01
  2.25137383e-01 -7.52512738e-03 -2.58888192e-02 -8.09084848e-02
  1.53602943e-01 -2.22762853e-01 -4.23518494e-02  1.34179279e-01
  8.22531208e-02  1.09814487e-01  5.23864441e-02 -2.07030341e-01
  2.95069860e-03  1.15987279e-01 -1.53031021e-01 -3.08358613e-02
  3.48502696e-02 -1.55079812e-01 -6.25920892e-02 -6.98242709e-02
  1.56137273e-01  7.43696392e-02 -1.51842386e-01 -1.77513912e-01
  1.66781202e-01 -1.60266981e-01 -5.48703037e-02  1.67761035e-02
 -1.32234797e-01 -1.83490545e-01 -2.34759971e-01  5.53890951e-02
  3.41276705e-01  1.88660175e-01 -1.58963308e-01  3.04346974e-03
 -3.22306566e-02  5.62683940e-02  7.71954507e-02  9.81828198e-02
 -7.97856003e-02 -5.92084341e-02 -2.24477109e-02  1.90934539e-02
  1.79213375e-01 -5.11241565e-03 -6.48980886e-02  2.06432298e-01
  3.08437478e-02  4.62498656e-03  1.84131302e-02  1.03600873e-02
 -1.15700744e-01  2.42744689e-03 -1.31140396e-01 -1.25181973e-02
  2.69669350e-02 -6.62979260e-02  7.47673139e-02  1.30382583e-01
 -1.20387457e-01  2.15948030e-01  1.60658010e-03  5.85088506e-02
 -5.29954210e-02  4.09180298e-03 -1.09725825e-01  2.34948844e-02
  7.57397562e-02 -2.28106484e-01  2.61723995e-01  2.06447676e-01
  2.43039932e-02  1.44760653e-01  1.24994449e-01  8.30098614e-03
  3.63270305e-02  2.83838864e-02 -1.25239909e-01 -9.36906561e-02
  1.27830938e-01 -5.23513556e-02  9.05565992e-02 -4.87315794e-03]