[-0.11506422  0.14965387  0.04539891 -0.07450442 -0.12939422 -0.01848707
  0.00711143 -0.15408514  0.17831114 -0.09478357  0.24995959  0.01172975
 -0.24405687 -0.07152333 -0.02678165  0.18719742 -0.17517553 -0.13606921
 -0.11302616 -0.06443428  0.02112633  0.00276203  0.01341652  0.07720645
 -0.12751451 -0.30560049 -0.05995866 -0.07574356  0.01554482 -0.03866081
 -0.00247289  0.03745975 -0.12874983 -0.00737501  0.07065554  0.07126707
 -0.06845978 -0.03061136  0.18498805 -0.03870917 -0.25535351  0.04093711
  0.07127469  0.25052175  0.22153591  0.02528017  0.03400504 -0.11089742
  0.13257973 -0.16525654  0.02748199  0.13466597  0.08594548  0.05749517
  0.05307338 -0.20158441 -0.01421242  0.15912041 -0.15335828 -0.0397725
  0.08507305 -0.13641731 -0.01627648 -0.07158192  0.22528563  0.07639732
 -0.15807812 -0.14709315  0.17325214 -0.15133242 -0.04064943  0.05976715
 -0.15911148 -0.17859434 -0.25507718  0.05379553  0.45778161  0.18791179
 -0.14129229  0.01148264 -0.07333605  0.03651792  0.06682108  0.11652446
 -0.06336261 -0.03057257 -0.07572379  0.00355256  0.17607483 -0.03330275
 -0.01929077  0.22431135  0.02535118  0.05213426 -0.02677559 -0.04896081
 -0.10597103  0.04082426 -0.12566024 -0.00862391 -0.0830073  -0.02961994
  0.07310921  0.08213035 -0.15890656  0.14930789  0.03209063  0.0513076
 -0.04630823  0.07154183 -0.06373816 -0.05190555  0.10984125 -0.2718057
  0.24251996  0.18320405  0.10677123  0.14721146  0.11244725  0.04275586
  0.03092848 -0.0290984  -0.14414777 -0.01489321  0.1042153  -0.08823934
  0.13974558  0.02472971]