[-0.1096496   0.12192102  0.06685736 -0.05886538 -0.16784093  0.00932187
 -0.03088341 -0.11577729  0.15962975 -0.07240768  0.25398669 -0.02496856
 -0.25914547 -0.06650313  0.00142713  0.18569942 -0.19663779 -0.09539479
 -0.06393488 -0.01901154  0.06485198  0.02945815  0.02865823  0.02088006
 -0.16149405 -0.39882034 -0.06089017 -0.06893332 -0.00122148 -0.03804392
 -0.06149678  0.05102115 -0.16005547 -0.0496477   0.07027122  0.13043062
 -0.06526052 -0.05838428  0.1218968  -0.04987914 -0.26731649  0.01909894
  0.08265587  0.25468284  0.22513573  0.02202921  0.02925255 -0.0946953
  0.09499367 -0.17426097  0.02642309  0.1185177   0.06485078  0.04131788
  0.04398545 -0.18681376 -0.01375878  0.17735451 -0.14002851 -0.06427151
  0.10121188 -0.08332153 -0.00877242 -0.09159376  0.25334314  0.06024876
 -0.16333161 -0.14202249  0.09624274 -0.10360637 -0.0306702   0.03998313
 -0.21595307 -0.20158391 -0.30394441  0.03413326  0.45217758  0.11526139
 -0.18351258 -0.00927352 -0.06132854  0.04949229  0.12341978  0.1306365
  0.00782041 -0.00193997 -0.10801027  0.04200383  0.1861278  -0.0878619
 -0.01001329  0.21334162  0.01157828  0.05322658 -0.01779219 -0.00593704
 -0.10951054  0.0495573  -0.16135012 -0.02092942 -0.01910653 -0.02730614
  0.02625628  0.13829641 -0.17286812  0.12455148  0.05459234  0.05046577
  0.02033671 -0.02434108 -0.07796982 -0.0756069   0.12935431 -0.27368692
  0.19322483  0.20929722  0.07186852  0.15478431  0.09511303  0.02561809
  0.00726669 -0.00112702 -0.20969336  0.02550125  0.09949319 -0.07273393
  0.09484451 -0.00730905]