[-0.12309634  0.08592239  0.11923575 -0.01575253 -0.10487788  0.00657451
 -0.00450821 -0.12711781  0.09737506 -0.04802402  0.23891199  0.02144033
 -0.27192166 -0.09667804  0.019361    0.16142023 -0.16596203 -0.06095245
 -0.10478459 -0.02034618 -0.00308879  0.04898478  0.02203165  0.00444933
 -0.11486892 -0.32336673 -0.03262739 -0.08250001  0.0071337  -0.02002248
 -0.05313789  0.0606536  -0.13580397 -0.03335503  0.045674    0.06945035
 -0.07887925 -0.04685959  0.13159081 -0.06870218 -0.23676632  0.01305832
  0.0248841   0.2077446   0.25015604 -0.00656217  0.01116887 -0.09153724
  0.10300793 -0.22471619 -0.01861394  0.10667259  0.03785547  0.07062664
  0.00546911 -0.19605343 -0.01970469  0.13439207 -0.1349043  -0.03052608
  0.0410498  -0.14691536 -0.02679363 -0.06129667  0.19636045  0.06780648
 -0.16398565 -0.14876588  0.09507193 -0.1461588  -0.01592838  0.07923043
 -0.15180384 -0.17664617 -0.25794783  0.02890572  0.39279258  0.10267959
 -0.22286654 -0.03349936 -0.11345762  0.04096583  0.12206     0.10811212
  0.01795113 -0.05158389 -0.07907598 -0.04118548  0.18795909 -0.0667362
 -0.00359509  0.25600505  0.02671751  0.04358181  0.01622761  0.01016822
 -0.05276667  0.02584063 -0.1086901  -0.00786019  0.00281037 -0.08493955
  0.0576107   0.09773028 -0.15618792  0.19253056  0.04546343  0.11716936
  0.10777124 -0.0484081  -0.05485938 -0.05069223  0.16255735 -0.26702285
  0.23835976  0.19081275  0.03961986  0.14023829  0.07002906  0.07163953
 -0.05057831  0.00377457 -0.17276527 -0.00210764  0.10402342 -0.08211274
  0.05837188 -0.01236558]