[-0.10952306  0.16591303  0.0342192  -0.06652877 -0.12052339 -0.02040387
 -0.01558511 -0.15906383  0.18891396 -0.0861463   0.24975097  0.0027093
 -0.24332456 -0.06387029 -0.04653355  0.19254425 -0.18097787 -0.13209105
 -0.09599706 -0.04862228  0.04630301 -0.00584643  0.01108917  0.0793434
 -0.11175752 -0.3166056  -0.05731606 -0.0672183   0.03250817 -0.04700965
 -0.0137527   0.02586393 -0.14322791 -0.01628743  0.06279098  0.06897631
 -0.04917471 -0.04345432  0.182849   -0.02915364 -0.25728074  0.04596873
  0.07016682  0.24029379  0.20354636  0.03693261  0.03913571 -0.13239034
  0.11671759 -0.14054023  0.03543834  0.14564431  0.08381158  0.05205226
  0.03531349 -0.22080477 -0.03475332  0.15412693 -0.14495622 -0.03965723
  0.08454689 -0.09623151 -0.02917822 -0.09235788  0.21346262  0.08202683
 -0.15136163 -0.15581596  0.17190056 -0.14370541 -0.04479554  0.04441877
 -0.1662392  -0.18543139 -0.25378999  0.04892744  0.44601855  0.18209775
 -0.14213614  0.02130131 -0.06635763  0.02460347  0.06107567  0.1322449
 -0.04595808 -0.01425395 -0.05343122  0.00638574  0.16719203 -0.02964976
 -0.01912421  0.216601    0.01356592  0.05958143 -0.04775901 -0.05130189
 -0.10484989  0.05526666 -0.13073085 -0.02376751 -0.08462325 -0.00564042
  0.06679422  0.09025899 -0.1643021   0.12758073  0.04992351  0.04860561
 -0.02849891  0.08880557 -0.06382809 -0.06831741  0.11222531 -0.25877842
  0.25274417  0.19538304  0.12125949  0.14038764  0.12305585  0.05369738
  0.06141815 -0.0223138  -0.16246557 -0.00670157  0.0966996  -0.08851181
  0.12165774  0.02247635]