[-0.08210712  0.08526859  0.05557889 -0.05371228 -0.16718589  0.03823359
 -0.0072613  -0.15647939  0.09135048 -0.06345872  0.2611064  -0.01157153
 -0.26048523 -0.09995252  0.01141353  0.15823899 -0.12028266 -0.08311364
 -0.1271731  -0.03124352  0.03049842  0.01908068  0.03013162  0.04816863
 -0.14868851 -0.32404244 -0.06183509 -0.07493638  0.01136576 -0.04928269
 -0.06842728  0.03409141 -0.13889547 -0.04325682  0.05843216  0.07926897
 -0.06667308 -0.06927197  0.11185241 -0.05581244 -0.2268362   0.05033915
  0.05441077  0.23461512  0.23726223  0.02435224  0.04647007 -0.07675695
  0.12163488 -0.21284156  0.03798295  0.07323059  0.06863867  0.04814741
  0.018365   -0.16513999 -0.02173881  0.15977313 -0.1632496   0.00461971
  0.07225236 -0.1337475  -0.04426851 -0.10407906  0.21999709  0.08721908
 -0.1787412  -0.12791795  0.10704123 -0.13953136 -0.02999361  0.04028551
 -0.20287357 -0.18475543 -0.29765353  0.06740521  0.44601098  0.15411392
 -0.20302165 -0.04265563 -0.057185    0.0873958   0.10038225  0.11278558
  0.02885082 -0.04661379 -0.08161823  0.03796624  0.19432564 -0.10358179
 -0.02084885  0.27212414  0.02583667  0.04686794 -0.00789532  0.03546254
 -0.06523504  0.01941279 -0.10044568  0.04470661 -0.01077309 -0.04760506
  0.07845854  0.08846032 -0.13361633  0.17095813  0.02019731  0.08033821
  0.04089712 -0.04959161 -0.0798685  -0.05752836  0.13305394 -0.28094915
  0.21220671  0.20478979  0.09816753  0.12593129  0.06568798  0.03318706
  0.02539106 -0.00140481 -0.16578682 -0.01851192  0.10768699 -0.09319571
  0.07535962  0.0120861 ]