[-0.09876716  0.11252027  0.07314363 -0.03353003 -0.15610969 -0.0026824
 -0.05228829 -0.1214872   0.17750947 -0.02913901  0.23892184 -0.01002336
 -0.22779913 -0.07401507  0.02749977  0.18488696 -0.19827721 -0.04828288
 -0.04224391 -0.06668892 -0.00575677  0.05316288  0.01479911 -0.00114992
 -0.11945093 -0.31887361 -0.07546858 -0.08470108  0.01538514 -0.05703819
 -0.06224671  0.0761084  -0.13777839 -0.08825582  0.09375974  0.08847889
 -0.07636695 -0.05591803  0.14978586 -0.05187876 -0.2050557   0.01353239
  0.07330289  0.22174449  0.23924409  0.02805896 -0.00258838 -0.09138086
  0.14637199 -0.157654   -0.01559303  0.12578195  0.04202392  0.022051
  0.02897917 -0.16894998 -0.0238066   0.15821758 -0.14128046 -0.04000826
  0.10815493 -0.15960152 -0.03136307 -0.06232201  0.22800155  0.06526541
 -0.11570115 -0.17169699  0.0998577  -0.10430268 -0.04029197  0.0571526
 -0.1701642  -0.17809555 -0.27587304  0.01477396  0.41672134  0.05632535
 -0.18004967  0.02251303 -0.05473284  0.0026011   0.1262226   0.13043353
  0.02528762 -0.0540697  -0.0895889  -0.03118883  0.22077881 -0.09248296
  0.02769966  0.21119867 -0.00710035  0.07250269 -0.01191608 -0.02300005
 -0.08341433  0.03301025 -0.11542856 -0.03118632 -0.00187507 -0.05812143
  0.04131804  0.11305534 -0.17875765  0.12661947  0.04956308  0.07367621
  0.02518623 -0.06970288 -0.04485881 -0.04430918  0.17677064 -0.27293417
  0.21742438  0.16062354  0.01690642  0.14979559  0.05943372  0.06752831
 -0.02168031 -0.00055459 -0.18006007  0.00127572  0.07312646 -0.06907707
  0.06968386 -0.00236395]