[-1.48240671e-01  1.05023324e-01  2.73474697e-02 -2.27410514e-02
 -9.22022089e-02 -3.46983857e-02 -7.17740431e-02 -1.65122986e-01
  8.31273347e-02 -5.09257615e-02  2.43387848e-01 -4.53158468e-02
 -1.90537229e-01 -9.85753164e-02 -2.56102923e-02  1.74478233e-01
 -1.91548765e-01 -9.92916077e-02 -6.39719889e-02 -9.93061718e-03
  5.66773526e-02 -5.76705523e-02  1.89448949e-02  3.10458299e-02
 -9.38655734e-02 -3.42953712e-01 -6.64570108e-02 -5.81964515e-02
 -2.59004155e-04 -2.99511710e-03 -1.29091948e-01  2.60781534e-02
 -1.91212937e-01 -1.23149730e-01  5.41503318e-02  1.09404422e-01
 -1.29590230e-02 -3.02281585e-02  1.63846657e-01 -2.64385939e-02
 -1.80545136e-01  3.90376039e-02  7.56719634e-02  2.54211843e-01
  2.53849059e-01  1.07250348e-01  3.81230866e-03 -1.06950693e-01
  1.48189470e-01 -2.08887488e-01  5.53009622e-02  9.30985808e-02
  7.12038279e-02  4.38514352e-02  2.02460075e-03 -1.36498675e-01
  1.69460364e-02  8.18858072e-02 -1.06438003e-01 -2.80402210e-02
  6.88551962e-02 -1.24449924e-01 -4.70587686e-02 -1.02627851e-01
  2.42608219e-01  1.21268921e-01 -7.85800591e-02 -1.26909763e-01
  1.09492101e-01 -1.01578407e-01 -8.89370367e-02 -2.35709604e-02
 -1.53801069e-01 -1.55426010e-01 -3.61799598e-01  1.94918979e-02
  3.88228565e-01  1.24008477e-01 -2.13072225e-01  2.45071109e-02
 -2.32246052e-02  3.58838961e-02  1.91766128e-01  1.07008412e-01
 -1.13961510e-02  1.47806285e-02 -9.31131467e-02 -1.77836921e-02
  2.38141701e-01 -7.44217560e-02 -4.49149571e-02  1.98437959e-01
 -4.00353238e-05  8.19745585e-02  6.54605329e-02  3.83624546e-02
 -3.63892689e-02  1.97090469e-02 -1.86458349e-01 -2.59565245e-02
  8.88220444e-02 -1.06040696e-02  4.49262410e-02  1.18086353e-01
 -1.86579958e-01  5.09276092e-02 -1.73705316e-03  7.49443844e-02
  4.98263054e-02 -5.70038632e-02 -8.45460147e-02 -7.14827105e-02
  1.03692494e-01 -2.06939027e-01  1.96496174e-01  2.13077456e-01
  2.32865363e-02  1.13998115e-01  1.18750788e-01  3.35750356e-02
  4.31817025e-05  3.51415463e-02 -1.82618693e-01 -3.42214778e-02
  1.19897537e-01  2.10304148e-02  9.70537812e-02  3.45383100e-02]