[-0.11866977  0.10810699  0.08730268  0.02199806 -0.08374878 -0.06503224
 -0.02378121 -0.17588337  0.08163821 -0.0370204   0.2643539  -0.07944895
 -0.1751269  -0.11631638 -0.02768966  0.16766022 -0.1744799  -0.07802936
 -0.04261316 -0.0538083   0.05641739 -0.06865728  0.02798355  0.03445227
 -0.10484141 -0.32405806 -0.10098753 -0.11726619  0.02409645 -0.0301233
 -0.13658454  0.01344838 -0.17423145 -0.15227292  0.01962703  0.0251259
  0.01232809 -0.05997165  0.1351856  -0.02472452 -0.15062486  0.06965424
  0.03815184  0.25639722  0.23212349  0.09000745  0.01805662 -0.05704227
  0.09569147 -0.18056396  0.02500692  0.09276368  0.09178518  0.00889206
 -0.00740506 -0.09706128 -0.02144628  0.04771073 -0.15559216  0.03360434
  0.0830425  -0.09842353 -0.03528816 -0.06335576  0.20682983  0.14540155
 -0.06548011 -0.12402353  0.1453847  -0.15326194 -0.06647983 -0.05122456
 -0.16753297 -0.16059636 -0.33200544  0.03356822  0.37989935  0.14019716
 -0.21724527 -0.00524151 -0.08793042  0.06839292  0.15785371  0.10404628
  0.01704397  0.0046328  -0.08856464 -0.03569568  0.19005492 -0.0906191
 -0.05675064  0.25243434 -0.00992203  0.02894651  0.04262638  0.00648904
 -0.03886544  0.01669614 -0.13203393 -0.0071765   0.05765773 -0.02743686
  0.05308524  0.13534515 -0.18469439  0.01887594 -0.02660549  0.06184063
  0.03508737 -0.00544584 -0.08964693 -0.10713442  0.11224317 -0.20005791
  0.16650699  0.25339624  0.00359495  0.08245499  0.07136016  0.03527732
  0.03250338  0.02380302 -0.13873337 -0.04406166  0.07255867 -0.00841014
  0.03246756  0.03635108]