[-0.11194088  0.15519588  0.06328883 -0.00553221 -0.05974203 -0.04491567
 -0.04056727 -0.17507915  0.10113671 -0.01655574  0.25446153 -0.06330551
 -0.15071458 -0.12641218 -0.06051003  0.18034333 -0.2432214  -0.08112569
 -0.0552225   0.0161666   0.06839703 -0.04473766  0.05132921  0.01709416
 -0.03196025 -0.31947741 -0.08653346 -0.11105019  0.09424769  0.00740407
 -0.13418047 -0.02202298 -0.18048309 -0.14229599  0.04540779  0.07572707
 -0.05212575 -0.05050131  0.16147999 -0.04189758 -0.15692814  0.08085225
  0.04314331  0.26425743  0.2529422   0.11321964  0.0276393  -0.13185284
  0.13149245 -0.17774032  0.06894495  0.11136452  0.10318329  0.03929812
  0.02639982 -0.13924907 -0.00147278  0.06975524 -0.11545946  0.02705027
  0.09523666 -0.08906188 -0.03258145 -0.08492693  0.22815883  0.10306694
 -0.09126566 -0.14952146  0.13789681 -0.10423744 -0.07692607 -0.01998552
 -0.14996953 -0.13047348 -0.34076419  0.0148309   0.43245736  0.08768136
 -0.19934689  0.03110213 -0.06753214  0.03415161  0.16054539  0.15476118
 -0.01659057  0.00268861 -0.11256534 -0.05050188  0.17092584 -0.12651332
 -0.04816903  0.18306896 -0.02095914  0.05882371  0.02475156  0.00639961
 -0.04186774  0.05370241 -0.14949442 -0.02653566  0.06540789 -0.03082437
  0.01470837  0.10882276 -0.15728261  0.02881772  0.01183801  0.07786196
  0.05831416 -0.05958445 -0.08839613 -0.07112477  0.12231617 -0.22891012
  0.23284948  0.21576285  0.01411688  0.09810615  0.11278699  0.07388832
  0.03032616  0.03646106 -0.17725252 -0.03802222  0.07555092  0.02702657
  0.05121586  0.04010919]