[-1.06182091e-01  9.81753692e-02  5.12518175e-02  6.13564393e-03
 -8.68370757e-02  3.70413368e-03 -3.14710476e-02 -1.17075004e-01
  1.14693724e-01 -3.71605121e-02  2.42416620e-01 -4.07971814e-02
 -1.72535807e-01 -7.14989975e-02 -5.16993180e-02  1.47470638e-01
 -1.97610900e-01 -8.52135345e-02 -4.25392017e-02 -8.00399203e-03
  9.72377062e-02  5.43542905e-03  1.59396231e-02  3.00410390e-02
 -1.28348395e-01 -3.11498284e-01 -9.15773883e-02 -8.83576870e-02
  8.02763477e-02 -2.78595574e-02 -1.27358675e-01  2.60898117e-02
 -1.50996342e-01 -8.40464458e-02  5.59399836e-02  1.02711014e-01
 -7.61975870e-02 -5.88351451e-02  1.42344043e-01  3.55511568e-02
 -1.60821453e-01  2.03269068e-02  2.84017231e-02  2.86400020e-01
  2.41244316e-01  8.87130722e-02  5.68862958e-03 -1.12928763e-01
  1.04457214e-01 -2.43710428e-01  8.38770792e-02  1.26348659e-01
  4.22553532e-02  5.85825555e-02  1.05391160e-01 -1.30658686e-01
  1.01148067e-02  7.26500973e-02 -1.29693493e-01  5.42563908e-02
  4.91309166e-02 -6.10637926e-02  2.37941020e-03 -8.97793770e-02
  1.61074817e-01  1.35835543e-01 -3.30299214e-02 -1.55844033e-01
  1.77800462e-01 -1.58756778e-01 -1.18960537e-01  3.84433828e-02
 -1.12165011e-01 -1.71321914e-01 -3.26406777e-01 -2.49835551e-02
  4.43231434e-01  1.82919547e-01 -1.91426381e-01  2.21811626e-02
  8.51195306e-03 -1.31624183e-02  2.25756526e-01  9.69691500e-02
 -4.38603908e-02  3.11323050e-02 -1.30530223e-01 -1.01658106e-02
  2.20802531e-01 -5.71040176e-02 -5.93239665e-02  2.26316959e-01
  6.41956940e-05  4.05090414e-02  1.12799816e-01  7.70952925e-03
 -3.91400456e-02  1.92337427e-02 -2.03712150e-01 -9.27277431e-02
  7.93965831e-02 -5.48549183e-02  2.18571220e-02  1.40067503e-01
 -1.43363014e-01  6.45938814e-02  6.84163440e-03  3.58838663e-02
  1.05427913e-02 -4.92483340e-02 -1.47544608e-01 -2.22140900e-03
  1.57548591e-01 -2.09519461e-01  1.75815463e-01  1.78038523e-01
  3.09460051e-02  7.46769682e-02  1.12441458e-01  3.22220996e-02
 -7.27389380e-03 -3.69604565e-02 -1.72592863e-01 -3.30241732e-02
  4.21919972e-02 -3.45870643e-03  4.52461280e-02  2.78124902e-02]