[-0.1066066   0.14122975  0.10871711  0.03130252 -0.02947332 -0.0615758
  0.01202745 -0.1490864   0.09522077 -0.00900614  0.33570251 -0.02922481
 -0.17526244 -0.15047623 -0.0026336   0.17069858 -0.18438986 -0.0768837
 -0.06719512 -0.00196345  0.06659025 -0.0612272   0.0180813   0.03538103
 -0.07773592 -0.29882729 -0.0738548  -0.09694041  0.08769038 -0.03437394
 -0.1229563   0.01587831 -0.1828274  -0.1676809   0.0435925   0.05357108
  0.01376754 -0.02734336  0.19431055 -0.01676711 -0.17558359  0.09303864
  0.01026436  0.27494544  0.23740561  0.07406951  0.02745442 -0.09655638
  0.10236893 -0.19928972  0.04925827  0.09033402  0.1184141   0.02088789
  0.00250741 -0.164619   -0.03478287  0.035856   -0.16243824 -0.00052979
  0.06363947 -0.12220067 -0.01462768 -0.06292468  0.18907551  0.09316937
 -0.0703299  -0.1327858   0.15681347 -0.11277373 -0.0429318   0.01242181
 -0.15618324 -0.12632638 -0.37907484  0.05534234  0.4177458   0.10966136
 -0.22929572  0.02816197 -0.09244456  0.04960844  0.15164439  0.11523675
  0.00941751  0.02707644 -0.08901089 -0.01657827  0.15422088 -0.07391574
 -0.05753045  0.21168163 -0.00613209  0.07034305  0.05673185 -0.00297306
 -0.00348056  0.00825421 -0.16079777  0.00170063  0.01586527 -0.00321237
  0.06892594  0.13175635 -0.18555722  0.00933152  0.00793284  0.05047181
  0.03005479 -0.00513231 -0.07635406 -0.08311889  0.10055464 -0.25172004
  0.20483939  0.23125489 -0.0085226   0.07216143  0.09280898  0.03368355
  0.02186999  0.01296354 -0.14774413 -0.01735809  0.08284498 -0.00469631
  0.07683323  0.0251718 ]