[-0.13020647  0.11314457  0.04992079 -0.00049952 -0.08712103 -0.06326282
 -0.05392463 -0.1562182   0.11335869 -0.04297569  0.26364532 -0.02142764
 -0.19074893 -0.13060012 -0.02865415  0.1667936  -0.2145621  -0.07985751
 -0.0380844   0.00219403  0.07876093 -0.05414641  0.05155187  0.01516991
 -0.06781166 -0.36325446 -0.07134433 -0.09401795  0.02485961 -0.00576055
 -0.13754705  0.05195614 -0.16519777 -0.15036601  0.04393305  0.11794578
 -0.00252538 -0.03324481  0.16897823 -0.02893035 -0.19553047  0.01547197
  0.04743722  0.25881171  0.2710197   0.07697017  0.01659967 -0.10313423
  0.15696587 -0.19405256  0.04771914  0.09195613  0.10944843  0.02273706
  0.00711109 -0.14486162  0.01777055  0.06049314 -0.13029766 -0.03957067
  0.07389756 -0.13050418 -0.02508681 -0.05178528  0.22926095  0.10836349
 -0.07122401 -0.12995534  0.1308509  -0.12204285 -0.07651671 -0.00885391
 -0.17047104 -0.14962599 -0.36638427 -0.00205288  0.41751719  0.09806272
 -0.21268895  0.01471073 -0.06759132  0.01696276  0.18208407  0.13596255
 -0.01220125  0.03172851 -0.13869795 -0.04174272  0.2119749  -0.09422699
 -0.05757347  0.20870021  0.00933639  0.09840818  0.07947502  0.02819273
 -0.03874379  0.03030349 -0.19731317 -0.04136045  0.06964639 -0.04241998
  0.02125485  0.12571388 -0.18461068  0.02005666  0.00194124  0.08086998
  0.05393926 -0.07848638 -0.08584847 -0.10169567  0.11600369 -0.19189373
  0.16664295  0.21956328  0.02329218  0.12620397  0.11200936  0.03961537
  0.00125887 -0.00205772 -0.17952877 -0.00833738  0.09201202  0.02739504
  0.06767958  0.02466115]