[-1.37449026e-01  1.24242678e-01  8.42135400e-02 -4.41316655e-03
 -4.15104292e-02 -8.73012170e-02 -1.77585110e-02 -1.49244413e-01
  1.26411572e-01 -2.15741079e-02  2.33943731e-01 -3.71731184e-02
 -1.37951195e-01 -1.39719173e-01 -1.22200772e-02  1.58677980e-01
 -2.04618737e-01 -7.50669464e-02 -4.58743982e-02  4.31520259e-03
  8.75040144e-02 -5.48081994e-02  6.76958486e-02  1.47319930e-02
 -8.96778032e-02 -3.36926848e-01 -1.13252699e-01 -1.09798290e-01
  5.48413284e-02 -1.87393893e-02 -1.20168388e-01  9.62981489e-03
 -1.83034748e-01 -1.80626974e-01  2.70314645e-02  9.61113274e-02
 -2.76234001e-02 -5.55320755e-02  1.63349390e-01 -3.17343883e-02
 -1.72621638e-01  5.38515449e-02  6.01212643e-02  2.66923398e-01
  2.87168741e-01  6.66012093e-02  2.36936864e-02 -1.11888669e-01
  1.15541399e-01 -1.56125054e-01  4.79539149e-02  8.20109174e-02
  7.92498589e-02  6.56822845e-02  1.54529931e-02 -1.09006666e-01
  3.57303917e-02  6.72810301e-02 -1.49164364e-01  2.24855356e-02
  9.07746851e-02 -1.19313478e-01 -3.62131707e-02 -2.87529472e-02
  2.02329919e-01  1.03023805e-01 -7.06177726e-02 -1.44469544e-01
  1.31636858e-01 -1.25062719e-01 -5.95413707e-02 -3.10523435e-04
 -1.71712309e-01 -1.41227350e-01 -3.52399707e-01  3.04791349e-04
  4.18743819e-01  9.74827632e-02 -2.06060886e-01  2.61316746e-02
 -8.96589756e-02  2.43177917e-02  1.68628514e-01  1.51700348e-01
 -4.94245160e-03  2.52956282e-02 -1.05948463e-01 -1.35783898e-02
  1.84525058e-01 -6.74916133e-02 -6.48513287e-02  1.99420899e-01
  4.54274565e-03  6.42379299e-02  6.42639324e-02  2.23854147e-02
 -4.08836566e-02  3.46981324e-02 -1.83239117e-01 -4.97356914e-02
  7.82428682e-02 -5.40234260e-02  2.10883301e-02  1.32415995e-01
 -1.80673286e-01  5.81749566e-02  3.39938663e-02  7.88911805e-02
  5.20993434e-02 -5.31806163e-02 -8.41691568e-02 -6.62110299e-02
  1.21828929e-01 -1.93153560e-01  1.97620049e-01  2.36812428e-01
  7.88684748e-03  9.64636132e-02  1.01525210e-01  6.22767471e-02
  4.92774323e-03  2.90988740e-02 -1.64887488e-01  1.67049021e-02
  5.92724681e-02  3.38592418e-02  9.58327278e-02  3.99745516e-02]