[-0.14301728  0.13208543  0.08391348  0.0093834  -0.04297579 -0.09544579
 -0.01625441 -0.15254435  0.12484141 -0.02359002  0.23435572 -0.03562814
 -0.13801816 -0.14692198 -0.01004389  0.15857655 -0.22043383 -0.08281995
 -0.03903682  0.00653095  0.0915572  -0.05834086  0.07169937  0.00950596
 -0.08731111 -0.33679128 -0.11304283 -0.1135781   0.06665608 -0.01257137
 -0.11820012 -0.00124387 -0.18394731 -0.1839826   0.02737244  0.07455884
 -0.02658745 -0.05678296  0.17312448 -0.03237253 -0.17487931  0.05086219
  0.06249076  0.26478684  0.28490415  0.07373371  0.0178178  -0.11385828
  0.11649325 -0.1524962   0.0453941   0.08724045  0.07717898  0.06052906
  0.016363   -0.11880477  0.0259427   0.06261619 -0.14936005  0.02199355
  0.0849596  -0.11545396 -0.03622168 -0.03329041  0.20055167  0.0954917
 -0.06559225 -0.14722145  0.13914074 -0.12300301 -0.05545131  0.0061549
 -0.16736712 -0.14072517 -0.3442274  -0.0030193   0.42182866  0.09050532
 -0.19392121  0.02276802 -0.08915877  0.01333234  0.15980129  0.1541196
 -0.0056653   0.01703787 -0.10393884 -0.02232333  0.17775565 -0.06801436
 -0.06428873  0.19626532  0.00304597  0.05996547  0.06213292  0.01413598
 -0.04630088  0.03807173 -0.18092537 -0.05616144  0.07323875 -0.0582516
  0.01977208  0.13250946 -0.17598772  0.04372552  0.03707477  0.07506782
  0.04764989 -0.05051484 -0.08408462 -0.06919114  0.11298654 -0.19261341
  0.20487376  0.23688792  0.01019734  0.09971596  0.09564848  0.06160436
  0.0031421   0.03288586 -0.16327953  0.01271257  0.05703821  0.03173952
  0.09377886  0.03648221]