[-0.10541064  0.11847945  0.03185201 -0.03302781 -0.03971281 -0.08849979
 -0.05554858 -0.14426245  0.10827308 -0.01731651  0.29348099 -0.04126665
 -0.19952364 -0.15699099 -0.04671136  0.19000064 -0.22466965 -0.06694786
 -0.06187145  0.0096995   0.07471766 -0.02684638  0.06140229  0.03513109
 -0.04867094 -0.33860368 -0.07459707 -0.04856097  0.03023132  0.01561473
 -0.09941797  0.05022984 -0.19336022 -0.14674787  0.07720142  0.11413427
 -0.00805691 -0.03121313  0.15867898 -0.04090275 -0.18578444  0.02472941
  0.06493302  0.25638464  0.25625643  0.08183891  0.03027225 -0.16019779
  0.11639098 -0.15142415  0.05471528  0.10894871  0.09162745  0.02432684
  0.00132444 -0.13016069  0.01633187  0.0965737  -0.09954517 -0.06788725
  0.0845576  -0.08159038 -0.02623985 -0.07641063  0.21028545  0.0564469
 -0.10272626 -0.16010311  0.12693113 -0.11108606 -0.08228933  0.0210761
 -0.14240503 -0.14771302 -0.36861643 -0.00532124  0.41513902  0.07074258
 -0.2344435   0.03471486 -0.06048907  0.00093806  0.18357223  0.12729003
 -0.02265217  0.0399812  -0.15241262 -0.03797248  0.22386944 -0.08640841
 -0.05513002  0.18649609  0.01714972  0.07120638  0.08110962  0.03677796
 -0.03881346  0.05526274 -0.21667635 -0.03945174  0.06823479 -0.02154775
 -0.01045976  0.10776571 -0.15119001  0.06248065  0.03967343  0.06148226
  0.04549618 -0.0638797  -0.09141652 -0.09795733  0.11358849 -0.18991749
  0.17957741  0.18159179  0.0605919   0.12236706  0.13410275  0.08444168
 -0.00846844 -0.00965969 -0.1669617  -0.02726412  0.0959181   0.0211226
  0.12662758  0.00771225]