[-1.15735970e-01  1.01657510e-01  7.49621317e-02  2.03238260e-02
 -1.10015966e-01 -7.28085265e-02 -6.84320321e-03 -1.78876311e-01
  7.00531155e-02 -3.21611054e-02  2.72327989e-01 -1.00561395e-01
 -1.69417843e-01 -1.05288580e-01 -3.23362090e-02  1.81352898e-01
 -1.75197467e-01 -8.62086639e-02 -6.11260347e-02 -4.30171899e-02
  6.19307533e-02 -6.28083572e-02  2.57763024e-02  2.88810916e-02
 -9.76679251e-02 -3.29208910e-01 -9.88145992e-02 -9.30025578e-02
  5.14578484e-02 -4.72072512e-02 -1.20526932e-01  2.54988503e-02
 -1.83882788e-01 -1.61139354e-01  4.04192954e-02  1.52743207e-02
  1.12880068e-02 -7.53787234e-02  1.56102791e-01 -2.27933489e-02
 -1.66868031e-01  8.14279541e-02  5.44165559e-02  2.67896265e-01
  2.23024800e-01  8.15153569e-02  1.90952048e-02 -6.38888031e-02
  9.19721946e-02 -1.82237610e-01  2.25910395e-02  8.68429542e-02
  8.02759156e-02  9.42059141e-03 -4.36620275e-03 -9.42940935e-02
 -1.43472375e-02  5.32656200e-02 -1.57564133e-01  2.59411633e-02
  1.03762820e-01 -8.80039558e-02 -2.69145072e-02 -7.82437846e-02
  1.92588732e-01  1.21791445e-01 -5.45529686e-02 -1.32535219e-01
  1.34556755e-01 -1.48281738e-01 -6.33866414e-02 -5.29377759e-02
 -1.67984232e-01 -1.51094437e-01 -3.42774421e-01  2.66109109e-02
  3.92401516e-01  1.38469920e-01 -2.13040113e-01 -2.25813757e-03
 -5.69185019e-02  6.51809797e-02  1.63502634e-01  1.04250543e-01
  1.64783187e-02  8.28147214e-03 -8.56005698e-02 -1.81969944e-02
  1.91090956e-01 -8.77430364e-02 -5.79074919e-02  2.48683885e-01
 -3.41816479e-03  1.63701419e-02  4.81960028e-02  7.79991364e-03
 -3.99802066e-02  1.06402449e-02 -1.30700052e-01  3.53603828e-04
  5.18020093e-02 -2.08797064e-02  6.03508949e-02  1.54102877e-01
 -1.76620200e-01  2.75128726e-02 -3.75426188e-02  6.00808077e-02
  1.75458398e-02 -3.06799612e-03 -7.55073875e-02 -9.87004191e-02
  9.10153687e-02 -1.92732200e-01  1.61527947e-01  2.54450738e-01
  6.48982814e-06  6.65455759e-02  6.57325611e-02  2.59601176e-02
  3.46773528e-02  4.93068099e-02 -1.37809426e-01 -4.79929149e-02
  6.78150654e-02 -9.36714839e-03  3.97796780e-02  3.46913300e-02]