[-0.14402424  0.10354268  0.04245135 -0.0136592  -0.04630236 -0.06349996
 -0.05549623 -0.15395002  0.11153032 -0.01819486  0.2714754  -0.04875838
 -0.14347745 -0.17181943 -0.03419808  0.19406985 -0.20573094 -0.10734042
 -0.07610453 -0.01482843  0.03722103 -0.08709937  0.03602376  0.02724373
 -0.10466402 -0.36359495 -0.09194906 -0.09812349  0.0246229   0.00619539
 -0.10364342  0.04506164 -0.20190091 -0.15302776  0.05299417  0.12011623
  0.0182351  -0.04436297  0.1717581  -0.02378565 -0.18394879  0.01836866
  0.05563485  0.25684065  0.25556639  0.07850581  0.03378354 -0.08787964
  0.13976811 -0.16213132  0.04927298  0.08913586  0.08704065  0.04810289
 -0.00820455 -0.12504689  0.03533337  0.08302172 -0.1192975  -0.05228053
  0.04563396 -0.13497496 -0.04473714 -0.04852658  0.23575993  0.12310796
 -0.06981307 -0.14853178  0.16007476 -0.08353994 -0.03547921 -0.00235419
 -0.16386208 -0.13037485 -0.39140892  0.02350186  0.44484043  0.08430865
 -0.23258172  0.00452299 -0.08884667  0.02890393  0.16403446  0.12268974
 -0.01887306  0.02766607 -0.13418336 -0.04453694  0.22148466 -0.06479268
 -0.05940652  0.1703224  -0.00491706  0.06723777  0.06699546  0.03567566
 -0.04592804  0.03097361 -0.16057374 -0.04105766  0.09445722 -0.00331289
  0.0219843   0.12390182 -0.16880664  0.03481682  0.02463146  0.06940842
  0.04029841 -0.03824357 -0.0610938  -0.10871127  0.11291298 -0.18934047
  0.16725783  0.21457963  0.01140356  0.12853597  0.1218802   0.07078901
 -0.02539833  0.01173343 -0.15957423 -0.01632719  0.07765497  0.04034652
  0.08851667  0.03368817]