[-1.65352896e-01  1.06801711e-01  4.75071333e-02 -4.27197888e-02
 -4.45092730e-02 -6.56080395e-02  5.47970412e-03 -9.04787332e-02
  1.30446866e-01 -1.19251451e-02  2.67012686e-01 -5.25084436e-02
 -1.78106293e-01 -1.83460489e-01  2.86983419e-03  1.75028428e-01
 -1.73367754e-01 -8.01950768e-02 -1.09441303e-01 -6.09508641e-02
  3.98716740e-02 -5.44521026e-02  6.14291430e-02  5.85194118e-02
 -1.32913932e-01 -3.20432633e-01 -3.75723839e-02 -6.06258176e-02
  6.80177659e-03 -7.10003376e-02 -5.57827912e-02  6.74267709e-02
 -2.00695515e-01 -1.41689226e-01  9.68691707e-03  1.05137303e-01
 -1.82329863e-02  1.47275245e-02  1.85091451e-01 -1.21827722e-02
 -1.53352410e-01  4.28764373e-02  3.86727937e-02  3.01143527e-01
  2.66230106e-01  6.91579506e-02  1.32337650e-02 -7.29620829e-02
  1.33283228e-01 -2.39600882e-01  3.64072956e-02  1.19340025e-01
  6.89420477e-02  3.53358015e-02  4.75911275e-02 -8.82254839e-02
  6.36958331e-03  7.06772059e-02 -1.02392279e-01  5.16318623e-03
  6.56094626e-02 -1.11313820e-01 -2.76952870e-02 -8.23048502e-02
  2.18486100e-01  8.36187378e-02 -8.55701938e-02 -9.47807357e-02
  1.46386042e-01 -6.12771586e-02 -4.58541587e-02  3.44513953e-02
 -1.41332850e-01 -1.45561352e-01 -3.57986718e-01  5.74394241e-02
  3.97922724e-01  1.20404318e-01 -2.17870146e-01  2.18296424e-04
 -1.05366543e-01  5.20189703e-02  1.35187611e-01  5.64275496e-02
 -5.07232919e-02 -7.92662799e-03 -1.18656270e-01  3.24206352e-02
  1.83695897e-01 -4.73726913e-02 -6.87538013e-02  1.84029937e-01
  4.25310023e-02  6.16082959e-02  4.92579415e-02  1.46215260e-02
 -4.95555177e-02  3.74197550e-02 -1.83863759e-01  6.21856609e-03
  9.61866900e-02 -4.80597988e-02  6.47099391e-02  9.32754278e-02
 -1.46142602e-01  1.03567816e-01  3.55138741e-02  5.74301966e-02
  7.10341800e-03  3.32764946e-02 -9.85153541e-02 -4.07939218e-02
  9.14442614e-02 -2.06341863e-01  2.29344472e-01  2.01842830e-01
  1.18471552e-02  1.01919532e-01  1.04505338e-01  7.37886131e-02
 -2.47379746e-02  4.44450341e-02 -6.64628744e-02 -3.53585295e-02
  7.68559799e-02  3.21298614e-02  1.31190270e-01  5.63661158e-02]