[-1.11605443e-01  1.41326025e-01  5.65902255e-02 -1.82566349e-03
 -7.85656497e-02 -6.36436939e-02 -3.00739687e-02 -1.52870804e-01
  1.28614545e-01 -1.67998299e-02  2.95714378e-01 -1.57725215e-02
 -1.68519378e-01 -1.43096149e-01 -3.04316226e-02  1.81241661e-01
 -1.99371427e-01 -7.67481923e-02 -5.08002155e-02 -2.14253627e-02
  8.68536010e-02 -1.57348737e-02  3.07141226e-02  6.82076737e-02
 -1.17483914e-01 -3.34445387e-01 -9.16197821e-02 -6.22508787e-02
  5.95346056e-02 -4.63883132e-02 -1.19161345e-01  4.02998403e-02
 -1.80851266e-01 -1.66588530e-01  8.94405842e-02  9.65198576e-02
 -1.06607004e-04 -4.14241441e-02  1.75972834e-01  1.19215548e-02
 -1.72100231e-01  7.21056089e-02  5.54875098e-02  3.03639024e-01
  2.54438370e-01  9.87333581e-02  2.39017960e-02 -1.27247825e-01
  1.31696030e-01 -1.95495471e-01  6.56977296e-02  1.15516961e-01
  9.20385644e-02  3.71731631e-02  1.37022855e-02 -1.08245052e-01
 -1.51404953e-02  1.00198559e-01 -1.82874247e-01  2.15699221e-03
  8.26521590e-02 -1.31084189e-01  5.04013756e-03 -7.42935911e-02
  2.02870473e-01  1.19349681e-01 -8.65357965e-02 -1.08873747e-01
  1.33331224e-01 -1.52577624e-01 -8.01307708e-02 -1.43522592e-02
 -1.29483968e-01 -1.50037929e-01 -3.81147623e-01  2.11469065e-02
  4.32511896e-01  1.54198691e-01 -2.15339780e-01  6.35688007e-03
 -5.42966910e-02  2.55375411e-02  1.71059921e-01  1.21699631e-01
 -3.29498537e-02  1.19760148e-02 -8.33769515e-02  7.00963289e-03
  2.27165684e-01 -3.62857878e-02 -3.82227451e-02  2.55877465e-01
  1.30560715e-02  6.58417419e-02  7.33590648e-02  2.60534380e-02
 -4.51118834e-02  9.27391637e-04 -1.55994222e-01 -1.86117981e-02
  1.90516859e-02 -2.95872521e-02  8.26364458e-02  1.38123572e-01
 -1.99139103e-01  4.43033911e-02  4.34747571e-03  3.81405018e-02
  3.10253240e-02 -2.01105755e-02 -9.23070461e-02 -9.35627222e-02
  1.10002995e-01 -2.25637123e-01  2.07480550e-01  2.12599993e-01
  1.74547769e-02  1.10572040e-01  8.77512693e-02  5.39046191e-02
  4.05186275e-03 -3.54278572e-02 -9.96312350e-02 -2.44659837e-02
  9.04179290e-02 -1.65729504e-02  1.32015824e-01  8.34433641e-03]