[-0.14848903  0.14096232  0.05377278 -0.09767071 -0.15001391 -0.03805499
 -0.03242553 -0.17948507  0.14047621 -0.09631207  0.24501045 -0.09103028
 -0.22551893  0.00061291 -0.08245018  0.21926306 -0.19206516 -0.123932
 -0.07736227 -0.0856467   0.03494177  0.05223664 -0.01689285  0.03806397
 -0.04709912 -0.34773684 -0.08282401 -0.0445802   0.03482917 -0.0187427
  0.00073101  0.07648917 -0.18294266 -0.04227203  0.08761507  0.05795033
 -0.02006812 -0.11804757  0.17916799 -0.01358455 -0.235521   -0.00212391
  0.15062019  0.20734926  0.15167791  0.01305501 -0.00142158 -0.16413653
  0.17896193 -0.13638805 -0.04737371  0.12787029  0.03813907  0.05871524
  0.00731593 -0.15241723  0.05206951  0.13041651 -0.1976887  -0.05944028
  0.08580836 -0.15620857 -0.05179628 -0.10485492  0.21700013  0.10058446
 -0.09802411 -0.15241204  0.14828792 -0.10412287 -0.03386337  0.07133413
 -0.14311463 -0.14382897 -0.25861791  0.00389577  0.46368575  0.06805479
 -0.09821238  0.04506388 -0.01785715 -0.02025573  0.10895453  0.15249239
 -0.06235199 -0.01868338 -0.04261097  0.0172765   0.24039605 -0.04481349
 -0.01927614  0.20065084 -0.02916562  0.06634915  0.01393115  0.06035353
 -0.11974382 -0.0132378  -0.10036948 -0.03582544 -0.01090844 -0.05211418
  0.00560404  0.08511151 -0.18542074  0.07807494  0.00831563  0.01780381
 -0.0261146  -0.05032932  0.02122742 -0.02520033  0.09870699 -0.22243133
  0.20156848  0.14313088  0.00923499  0.16930167  0.07427853  0.04770623
 -0.02427296 -0.05982452 -0.14129271 -0.06193076  0.12693    -0.02629854
  0.10034963 -0.03754418]