[-0.10887183  0.18239695  0.08874951 -0.03983671 -0.10377294  0.01124084
 -0.01958639 -0.18288676  0.16110432 -0.10049248  0.26050243 -0.0047074
 -0.26241875 -0.07889946 -0.05771386  0.19594537 -0.14494912 -0.10543831
 -0.05578904 -0.0164107   0.04386188  0.0595524   0.00372849 -0.03160135
 -0.04813027 -0.38102022 -0.09382036 -0.01366611 -0.02401944 -0.04884813
 -0.03948448  0.01488219 -0.16125314 -0.03834073  0.06731614  0.09163918
 -0.08828919 -0.07606637  0.1488885   0.0377987  -0.22139756 -0.00198598
  0.07673161  0.20351875  0.19962414  0.00205151  0.03936024 -0.22822337
  0.17176129 -0.13387077 -0.02517089  0.14297879  0.04382778  0.08090713
  0.00090023 -0.15399651 -0.02774456  0.12925021 -0.17837071 -0.07696962
  0.08019888 -0.13714424 -0.10155397 -0.06806561  0.16854452  0.12780419
 -0.11777605 -0.22212206  0.14531742 -0.12920327 -0.0539842   0.06140882
 -0.13508599 -0.17110084 -0.2479132   0.04040833  0.43471032  0.04738265
 -0.12338263 -0.00911504 -0.07688888 -0.01126147  0.08397894  0.15529835
 -0.01998201 -0.00437466 -0.06777121  0.00558007  0.20223026 -0.08448469
 -0.01358117  0.17272376 -0.03592754  0.10041457  0.01975449  0.07217493
 -0.14924081  0.06485979 -0.13465479 -0.09182265 -0.00464378 -0.05945374
  0.04143918  0.09066134 -0.15410812  0.15858595  0.01692622  0.03045881
  0.0417619  -0.11079022 -0.01084692 -0.02619276  0.11122789 -0.22628181
  0.24249451  0.12458079 -0.00953373  0.16999574  0.1070623   0.10370009
 -0.03045966 -0.05344479 -0.16258888 -0.02953282  0.06114798  0.01809861
  0.07086986 -0.08439395]