[-0.1349116   0.17173491  0.06065991 -0.11337344 -0.19484895 -0.01848599
 -0.02916605 -0.20194922  0.1227188  -0.10622595  0.25384012 -0.05415118
 -0.20720445 -0.02416585 -0.04705207  0.20807071 -0.1764818  -0.15904231
 -0.09664271 -0.07235249 -0.00986269  0.04937547  0.00697637  0.03159916
 -0.01188634 -0.36089912 -0.08420857 -0.06054307  0.07655822 -0.03404389
 -0.00597785  0.05528606 -0.17755103 -0.02632732  0.07017306  0.05416629
 -0.0654548  -0.10665812  0.1931899  -0.03281991 -0.24254696  0.00333709
  0.134103    0.20187278  0.22114091 -0.00415104  0.02853929 -0.16863176
  0.16569598 -0.16019106 -0.00132046  0.12112164  0.01727007  0.07158732
  0.0110535  -0.16929619  0.02061806  0.11017269 -0.1808795  -0.08173874
  0.08857477 -0.12161364 -0.08382825 -0.09849634  0.22596884  0.13072145
 -0.08258491 -0.17367525  0.15871434 -0.13987771 -0.05112256  0.07440893
 -0.15941854 -0.11053248 -0.24055104  0.00354506  0.46847677  0.08399411
 -0.09211983  0.026917   -0.02571029 -0.02010128  0.08461953  0.11804022
 -0.07986154 -0.02949163 -0.05269494  0.04637757  0.22644952 -0.06323481
 -0.01057557  0.19291043 -0.0060673   0.07410679  0.03455634  0.07772712
 -0.0881118  -0.01601538 -0.14216036 -0.05147425 -0.02175361 -0.03415215
  0.00723783  0.09468892 -0.18085089  0.1309932   0.00797222  0.0281984
 -0.04501605 -0.08086362  0.04275609 -0.00609605  0.11614911 -0.1868166
  0.2139753   0.14011882  0.00891183  0.16506539  0.07977349  0.0380245
 -0.0332284  -0.08633082 -0.15642439 -0.03991818  0.11076687 -0.01958148
  0.08957162 -0.00889844]