[-0.10763565  0.18954168  0.11637708 -0.04484456 -0.14208463  0.01020625
 -0.02331573 -0.19997434  0.1359815  -0.08977871  0.24563725  0.00355885
 -0.26835325 -0.10196052 -0.05859742  0.20068057 -0.13155098 -0.15829943
 -0.08336437 -0.06036544 -0.01371798  0.05713266  0.03269487  0.02283161
 -0.04645653 -0.37257811 -0.09593185 -0.05109239  0.04276171 -0.03439907
 -0.06601362  0.01622047 -0.18021838 -0.05223269  0.07765421  0.11746992
 -0.12726183 -0.08658367  0.17078607 -0.00338454 -0.19612156 -0.016716
  0.08820289  0.19511414  0.20192479  0.01810696  0.07377356 -0.19130382
  0.14387304 -0.18011136  0.04912454  0.16593464  0.06332488  0.10420742
  0.04302911 -0.19963947 -0.0380922   0.1628395  -0.15659149 -0.047268
  0.01923437 -0.11799466 -0.09027056 -0.06900877  0.17720775  0.1179042
 -0.10021569 -0.16439259  0.20192073 -0.14279978 -0.03345414  0.08849939
 -0.12412182 -0.14938398 -0.25584885  0.04288059  0.4676497   0.09853692
 -0.11307799 -0.01821671 -0.08580122 -0.02172391  0.02031909  0.09676804
 -0.07578988 -0.01607217 -0.08179129  0.03355956  0.18571949 -0.07506163
  0.00961253  0.18618691  0.00415592  0.08817344  0.03384984  0.0797255
 -0.11713675  0.00910002 -0.14512169 -0.08886241 -0.00709755 -0.06398105
  0.01951006  0.06644405 -0.18183351  0.13131396  0.03398293 -0.01362838
 -0.00905524 -0.09733703 -0.02884484 -0.02684236  0.15424739 -0.24307337
  0.24005492  0.1686428  -0.01937756  0.19439664  0.09553611  0.07612579
 -0.02165666 -0.15240505 -0.11832032 -0.06424494  0.09362566 -0.0089459
  0.05091565 -0.02504217]