[-0.09765087  0.21979068  0.04624653 -0.11384063 -0.12893395  0.0064591
 -0.03909327 -0.21745327  0.1704731  -0.08613219  0.20363753  0.01681623
 -0.21215418 -0.0763843  -0.02584489  0.18383193 -0.13736606 -0.18818413
 -0.10302644 -0.05319201  0.00146895  0.06298267 -0.00771293  0.06416991
 -0.05323626 -0.33305731 -0.06966945 -0.0573171   0.03734912 -0.01621355
 -0.0452522   0.02721845 -0.21317665 -0.02461044  0.06474494  0.0876877
 -0.06086079 -0.08441595  0.1601932   0.00429692 -0.25614828 -0.01782413
  0.12852803  0.19250806  0.21845002 -0.02226826  0.04186754 -0.1518151
  0.17483909 -0.14011224  0.01874192  0.14111525  0.06320073  0.07569625
  0.02009013 -0.19739209 -0.00241912  0.10727765 -0.19941954 -0.05525834
  0.07669313 -0.1487142  -0.11084228 -0.09814973  0.20583187  0.16080952
 -0.08112513 -0.21127109  0.18054412 -0.16599604 -0.0551307   0.08319746
 -0.13260368 -0.10177597 -0.26485473 -0.00646258  0.44329339  0.10356629
 -0.11160385  0.02274895 -0.07981962 -0.01269134  0.04579253  0.07798769
 -0.07613074  0.01099171 -0.06752216  0.03043756  0.2624177  -0.02617233
  0.00259421  0.18084675 -0.01647281  0.05841512  0.01232276  0.05699423
 -0.10762437 -0.00247605 -0.14074254 -0.0473209  -0.06440745 -0.06589018
  0.02108714  0.09462628 -0.20777832  0.12982525  0.04879153  0.01973143
 -0.02946983 -0.03275284 -0.02717425 -0.04528023  0.13497221 -0.19551979
  0.24968584  0.11575105  0.02793194  0.14609438  0.07703961  0.07945128
 -0.04148747 -0.11194829 -0.14600497 -0.064059    0.10282129 -0.04779242
  0.10313445  0.00478749]