[-0.13277586  0.17272614  0.02207943 -0.09720041 -0.12387762 -0.02094719
 -0.02688066 -0.20529376  0.16144331 -0.09034088  0.28337616 -0.04814593
 -0.24109884 -0.08566167 -0.08132277  0.20725372 -0.19424962 -0.14969777
 -0.06711306 -0.04685637  0.0453057   0.02925133  0.00911988  0.02767192
 -0.03510251 -0.36203787 -0.0972429  -0.07316624  0.02676213 -0.04839262
 -0.02654364  0.04594935 -0.19020329 -0.04615262  0.06121     0.06612008
 -0.02671428 -0.08183797  0.15411283 -0.00790962 -0.23859592  0.00386494
  0.15134203  0.19128494  0.19360851  0.0264509   0.0071084  -0.18937473
  0.14468171 -0.12207126 -0.02258618  0.13000375  0.04768608  0.06241238
 -0.00567101 -0.17769168  0.00279534  0.10275825 -0.16609679 -0.07934448
  0.0737384  -0.12697995 -0.10712042 -0.08791492  0.20064513  0.1211494
 -0.10734405 -0.18541834  0.13638578 -0.15260208 -0.06373681  0.07944597
 -0.14319131 -0.13710992 -0.25413737 -0.00305959  0.44291863  0.04827094
 -0.11102252  0.03274707 -0.03974825 -0.02717708  0.07653472  0.14466792
 -0.05452086  0.00442281 -0.08179156 -0.00730523  0.22602208 -0.05988039
  0.00994915  0.19194515 -0.04267918  0.09592507  0.02069106  0.07592037
 -0.11004247  0.00879894 -0.12221997 -0.06928436 -0.02713409 -0.05590615
 -0.02914105  0.0647956  -0.17831783  0.08519343  0.02621158  0.01910507
 -0.01772329 -0.0829166   0.04030226 -0.03116265  0.10694742 -0.2079246
  0.22610326  0.15778561  0.0230097   0.16289972  0.09867158  0.06785147
 -0.03785683 -0.07518322 -0.17158975 -0.04648123  0.09019748 -0.04148051
  0.07927651 -0.06087555]