[-0.16359915  0.19356054  0.04201692 -0.08490887 -0.17030148  0.00059767
 -0.06228201 -0.1870787   0.14843695 -0.05937091  0.26007617 -0.02203782
 -0.20711176 -0.07449512 -0.03502713  0.19033836 -0.18609564 -0.12579989
 -0.09735709 -0.05557594  0.02832922  0.05392289 -0.0023541   0.01912273
 -0.06385954 -0.38597342 -0.08330063 -0.0754462   0.0725468  -0.02473181
 -0.01328001  0.03110497 -0.19618964 -0.06582663  0.08550968  0.09321405
 -0.06883388 -0.05994015  0.19783483 -0.02380489 -0.21373951  0.00834218
  0.11744906  0.20166929  0.20276223  0.02879356  0.05927136 -0.18541589
  0.17930524 -0.14736773  0.01496098  0.16197933  0.05246762  0.07763141
  0.0470159  -0.14981113  0.01087002  0.11976939 -0.18353888 -0.07862755
  0.10261533 -0.11133754 -0.09505899 -0.11516162  0.20842107  0.08879264
 -0.09169965 -0.17117186  0.14583573 -0.11357488 -0.04918156  0.08974913
 -0.13050516 -0.14024399 -0.28967148  0.01779247  0.47846189  0.10143393
 -0.13135588  0.01826052 -0.06274612 -0.06061637  0.0746744   0.0843178
 -0.0599876  -0.01585664 -0.06285204  0.0454955   0.23539524 -0.05154757
  0.04021641  0.18606268  0.02314147  0.08485226  0.00716244  0.07193214
 -0.11957385 -0.02585767 -0.11886006 -0.05468078 -0.01599612 -0.01900342
  0.02239038  0.07119486 -0.19357632  0.15770969  0.02865025  0.00803884
 -0.05468529 -0.10322902  0.00259002  0.00133304  0.14220917 -0.21388169
  0.21553536  0.12740804 -0.00084094  0.17375098  0.08976398  0.04832225
 -0.06469268 -0.08484251 -0.16787599 -0.06954098  0.0952194  -0.03367954
  0.09316679 -0.02265886]