[-0.13346185  0.19581278  0.09061944 -0.0662166  -0.13145475 -0.01909591
 -0.03177394 -0.20289786  0.15822266 -0.08856809  0.2435123  -0.01785867
 -0.25244901 -0.03591494 -0.07765101  0.19847761 -0.15397479 -0.16203874
 -0.06854714 -0.06040993 -0.03278043  0.03553286  0.00571931  0.0257176
 -0.027931   -0.36123589 -0.08118226 -0.06096075  0.03696324 -0.0454821
 -0.02986648  0.04766649 -0.16550718 -0.02663428  0.07061981  0.11371725
 -0.09373486 -0.08133155  0.20164831  0.00242632 -0.22761357 -0.0563965
  0.08931224  0.23947144  0.22701485 -0.01190151  0.0336447  -0.17188881
  0.15906857 -0.16462563  0.02412931  0.15199271  0.07568116  0.08552516
  0.02940033 -0.17142121  0.00596525  0.10291995 -0.19872743 -0.07205379
  0.0932354  -0.14231908 -0.07018699 -0.08978534  0.22254489  0.1234734
 -0.10200423 -0.15955165  0.20211707 -0.17194997 -0.04828252  0.06395833
 -0.11777625 -0.15081541 -0.27156952  0.00279717  0.45831832  0.12860914
 -0.0905767   0.03473798 -0.06230893 -0.05527848  0.05215869  0.1261144
 -0.08555911  0.0271189  -0.05287343  0.01201941  0.21886075 -0.03781652
 -0.02992586  0.16520467 -0.03706614  0.07693537  0.04322277  0.04091908
 -0.09210698 -0.00246671 -0.15341939 -0.06344664 -0.07100554 -0.07412777
  0.02408969  0.07000798 -0.18567495  0.14068641  0.0357978   0.0234209
 -0.03594385 -0.06926908 -0.03041065 -0.02272001  0.16881858 -0.24268179
  0.23065829  0.13152517  0.02046987  0.17550729  0.10054958  0.06120422
 -0.0216741  -0.11231384 -0.13712795 -0.05080416  0.08000915 -0.03102457
  0.11355294  0.00690651]