[-8.62435326e-02  6.96028396e-02  1.39812395e-01 -1.68809593e-02
 -1.15798585e-01 -5.93464039e-02 -5.02197817e-02 -1.87728882e-01
  1.04209922e-01 -9.53811631e-02  2.21628457e-01 -5.46704642e-02
 -1.77722007e-01 -6.95180520e-02 -4.12460640e-02  2.26609617e-01
 -1.98774427e-01 -1.47778824e-01 -6.07193299e-02  1.08903982e-02
  8.37375596e-03  2.22078022e-02  5.91209941e-02 -1.46296667e-02
 -1.27430201e-01 -3.70372266e-01 -1.00138955e-01 -4.55691330e-02
  1.05844354e-02 -5.37031516e-03 -1.24952152e-01  8.09300691e-02
 -1.57293186e-01 -5.16408794e-02  7.37675056e-02  6.99617192e-02
 -2.43801363e-02 -9.07888338e-02  1.40680000e-01 -1.75519716e-02
 -2.97364175e-01  9.81184468e-02  7.68647194e-02  2.20034152e-01
  2.48982355e-01  7.94130564e-03  3.08902394e-02 -1.39239192e-01
  1.20048024e-01 -1.71622097e-01  1.37907341e-02  1.00986294e-01
  4.97093983e-02  2.84518991e-02  2.69317422e-02 -1.21833265e-01
 -1.88409723e-02  1.28052548e-01 -9.51259509e-02 -3.87049876e-02
  1.04218341e-01 -6.87168092e-02 -2.04022806e-02 -8.45322981e-02
  1.43099114e-01  8.34543705e-02 -1.09650634e-01 -1.67505801e-01
  1.14899412e-01 -1.16108529e-01 -6.07295036e-02  2.78099775e-02
 -1.69147268e-01 -1.59724250e-01 -2.90733278e-01 -3.64588201e-02
  3.75559181e-01  3.91569100e-02 -2.11591586e-01  2.00586077e-02
 -2.45075915e-02  5.59138544e-02  1.34876013e-01  1.55494958e-01
  2.23992225e-02  3.55233881e-03 -8.56464803e-02 -3.51721458e-02
  2.26695538e-01 -8.56163427e-02  2.42169248e-03  2.25675389e-01
  7.69710494e-03  4.53609079e-02  2.37110481e-02  6.07531779e-02
 -5.02715074e-02  6.06563203e-02 -1.57452375e-01 -1.70101225e-03
  2.08576005e-02  3.95710906e-03 -1.44915311e-02  1.28952429e-01
 -1.74106047e-01  1.25235543e-01  1.35514839e-02  8.04632232e-02
  7.28704855e-02 -4.09454480e-02 -1.21113174e-02 -6.48119971e-02
  8.55611339e-02 -2.40461618e-01  1.55794099e-01  2.26773784e-01
  3.48936774e-05  9.03742239e-02  6.39958233e-02  2.98781972e-02
 -1.04354396e-02  1.64951682e-02 -2.10102797e-01 -2.56226659e-02
  9.66185555e-02 -5.75828739e-02  7.16726342e-03  1.69851836e-02]