[-0.12550735  0.07868885  0.12519048 -0.06743169 -0.08859482 -0.0584114
 -0.06243302 -0.15957184  0.11451908 -0.10339834  0.20913593 -0.06383399
 -0.18328665 -0.07955766 -0.03441053  0.23276357 -0.17221141 -0.13605843
 -0.07192931  0.05007575  0.01601438 -0.00210109  0.03180608  0.03099646
 -0.08884846 -0.3528583  -0.08724853 -0.05305123 -0.02435997 -0.02716673
 -0.11686977  0.05388182 -0.15272202 -0.05152876  0.04924094  0.07728163
  0.00826446 -0.05094395  0.15169333 -0.02526834 -0.29721531  0.05931006
  0.093262    0.21270399  0.22921793  0.04435174  0.04947412 -0.15943554
  0.14833771 -0.17819333 -0.00548502  0.0881212   0.08194768  0.00561597
  0.01539055 -0.15899818 -0.01693917  0.13374983 -0.08476764 -0.00608612
  0.08256929 -0.03849611 -0.04644756 -0.08800425  0.20055568  0.07706822
 -0.15163805 -0.14610173  0.11813097 -0.1004193  -0.04854553  0.02757134
 -0.17427388 -0.16503127 -0.29637158 -0.04411421  0.37288246  0.02704432
 -0.22633384  0.01831772 -0.06814422  0.04513427  0.09274358  0.15585367
 -0.02334357  0.01898419 -0.06251361 -0.04509128  0.24544309 -0.07475998
  0.05777429  0.19993751  0.01612161  0.06220448 -0.03190905  0.03898214
 -0.05723443  0.04927082 -0.15288372 -0.00362739  0.0083854  -0.01194604
  0.00662078  0.13046287 -0.23324883  0.11830679  0.02487676  0.06663836
  0.07411921  0.01621312 -0.02624704 -0.08651713  0.10319769 -0.20142153
  0.13910227  0.24000005  0.02577544  0.07500422  0.09840821  0.06948417
  0.00234526  0.04946625 -0.20192409 -0.00368257  0.12429615 -0.06777282
  0.02909251  0.01067748]