[-7.70129189e-02  1.36214107e-01  1.38818488e-01  3.16644832e-02
 -8.25584121e-03 -1.41478991e-02 -1.16848303e-02 -1.56878337e-01
  1.06061354e-01 -7.14715794e-02  3.25728416e-01  5.19695971e-03
 -1.84105068e-01 -1.46267220e-01  2.32814942e-02  2.07086250e-01
 -1.94594890e-01 -9.00349244e-02 -9.76215452e-02  3.44984196e-02
 -2.25536013e-03 -9.96817648e-03  6.78474829e-02 -1.55050205e-02
 -4.97206114e-02 -3.44309539e-01 -9.13250670e-02 -6.58385307e-02
  7.27674961e-02 -4.95895632e-02 -5.75720184e-02 -8.57073057e-04
 -1.82823226e-01 -3.17373574e-02  5.13502322e-02  8.36380795e-02
 -3.65554243e-02 -2.81139612e-02  1.96888566e-01 -1.32400636e-02
 -2.09309772e-01  2.63202190e-02  3.55498753e-02  1.78109214e-01
  2.48473868e-01  4.19679694e-02  1.76750105e-02 -1.23652115e-01
  8.97079855e-02 -1.90272063e-01  1.38288261e-02  9.87712964e-02
  8.25319961e-02  7.53230676e-02 -1.26049668e-02 -1.42082095e-01
 -3.70105617e-02  1.02566294e-01 -1.00968935e-01 -2.49290243e-02
  5.16550206e-02 -1.53727204e-01 -4.05580476e-02  1.72486957e-02
  1.72931373e-01  6.50037304e-02 -1.13453142e-01 -1.35491624e-01
  1.24810278e-01 -1.21316247e-01 -3.66394233e-04  7.65224472e-02
 -1.09880626e-01 -1.37184128e-01 -2.76307017e-01  8.98064673e-03
  4.39106077e-01  2.26881281e-02 -2.03896686e-01 -3.13819051e-02
 -1.05275564e-01 -1.19049763e-02  8.32152516e-02  1.24860466e-01
 -1.62405556e-03 -4.18804996e-02 -1.15096770e-01 -2.09512115e-02
  2.09922627e-01 -8.46945569e-02  5.29937819e-02  2.06865653e-01
 -3.38655561e-02  7.95868263e-02 -2.59970292e-03  1.89221036e-02
 -1.35614080e-02  1.29129207e-02 -1.12077095e-01 -6.27840087e-02
 -3.46957855e-02 -3.94401811e-02  1.01189343e-02  7.11516067e-02
 -1.88312948e-01  9.49214250e-02  4.58643697e-02  3.07279117e-02
  1.09110370e-01 -1.79821495e-02 -2.41298266e-02 -9.10139009e-02
  1.29958138e-01 -2.28788614e-01  2.07300097e-01  2.18010619e-01
 -3.25031579e-02  1.02926254e-01  7.21177682e-02  1.48252875e-01
 -3.90316509e-02 -3.15011106e-02 -1.46633789e-01 -1.28881363e-02
  3.00517771e-02 -1.94292364e-03  3.23867537e-02 -4.41764109e-02]