[-1.40847862e-01  7.06503764e-02  1.20264590e-01 -6.07184656e-02
 -6.23917952e-02 -4.40456942e-02 -5.55097237e-02 -1.71708599e-01
  8.31794739e-02 -7.71789178e-02  1.96417630e-01 -6.08716980e-02
 -1.79991469e-01 -4.78534177e-02 -9.05031618e-03  2.17111737e-01
 -1.69655859e-01 -1.31986186e-01 -9.18229148e-02  2.65076011e-02
 -1.91096198e-02 -4.30578738e-03  3.56025584e-02  1.90366935e-02
 -1.02990292e-01 -3.38104546e-01 -1.00124277e-01 -5.61117306e-02
 -1.81511622e-02  2.67194565e-02 -1.29885957e-01  2.73297708e-02
 -1.76613078e-01 -5.21451496e-02  6.24630414e-02  1.08337283e-01
 -2.17967127e-02 -8.38977620e-02  1.46533400e-01 -1.16377445e-02
 -2.55181432e-01  6.44282773e-02  1.12438120e-01  2.16936499e-01
  2.46751457e-01  2.69714128e-02  3.52316201e-02 -1.06831573e-01
  1.18164279e-01 -1.91974148e-01  3.38222720e-02  7.52900988e-02
  7.74096698e-02  5.79099134e-02  3.05019617e-02 -1.61336705e-01
  1.73222106e-02  1.29272833e-01 -9.13854986e-02 -1.81262922e-02
  6.86336607e-02 -2.52359249e-02 -2.19529066e-02 -7.17625767e-02
  2.15666920e-01  1.41448453e-01 -1.17996812e-01 -1.64086923e-01
  1.17680982e-01 -9.87352505e-02 -3.98234278e-02  2.71103978e-02
 -1.85832068e-01 -1.44493267e-01 -2.73720562e-01 -3.70846316e-02
  3.60387772e-01  4.16775420e-02 -2.31108621e-01  3.44262435e-03
 -6.59038350e-02  2.25676727e-02  1.30807608e-01  1.23926096e-01
  2.49489378e-02 -2.56104395e-04 -6.72026500e-02 -5.45142181e-02
  2.74967432e-01 -6.54142797e-02  1.39335962e-02  1.88116565e-01
  1.70147438e-02  1.45285418e-02  6.52594864e-03  3.38841900e-02
 -4.60481755e-02  3.03075369e-02 -1.67978972e-01 -2.40160283e-02
 -1.48992753e-02 -4.95311618e-03 -2.15645377e-02  1.26532003e-01
 -2.25764588e-01  1.26231685e-01  4.54429574e-02  6.10756651e-02
  5.41394949e-02 -1.17709804e-02 -2.65105367e-02 -5.79654388e-02
  1.10155486e-01 -2.16520146e-01  1.68498024e-01  2.24492103e-01
 -4.03486658e-03  6.86140209e-02  5.69307767e-02  5.18859699e-02
 -1.93702430e-03  6.52566701e-02 -2.00511262e-01 -2.09432971e-02
  9.18648168e-02 -4.75161336e-02  2.80114915e-02  3.99880670e-02]