[-0.08482464  0.09695873  0.08808207 -0.07207403 -0.06794095 -0.02326611
 -0.05983785 -0.1550193   0.12172581 -0.10297395  0.19454375 -0.06727564
 -0.17588915 -0.05931757 -0.05403034  0.22175436 -0.17525215 -0.12488929
 -0.0875531   0.01890732  0.01696351  0.02374681  0.02893061  0.02728998
 -0.07849803 -0.37923998 -0.08419733 -0.04243941 -0.01520744 -0.00939653
 -0.11378825  0.05915043 -0.16324392 -0.03889081  0.05838181  0.10779154
 -0.02211219 -0.0749931   0.14674716  0.0146153  -0.2521697   0.09571397
  0.08745076  0.24406961  0.25561917  0.03064018  0.04017429 -0.13011219
  0.14595449 -0.15977231  0.00941452  0.10377598  0.06558714  0.03894122
  0.03384867 -0.14267454 -0.01656188  0.14475258 -0.09602909 -0.03032904
  0.08586437 -0.0309927  -0.03081337 -0.0937008   0.21875349  0.11932593
 -0.14070667 -0.15407747  0.1358283  -0.10102346 -0.02932377  0.00107008
 -0.18023367 -0.13859648 -0.22601981 -0.0159017   0.36780682  0.04073599
 -0.20792972  0.01880739 -0.05886893  0.04260856  0.1370576   0.13533835
  0.00813001 -0.00494477 -0.04893301 -0.03661302  0.24806456 -0.046865
  0.00963915  0.19396475 -0.01418314  0.02729335  0.00465927  0.01067692
 -0.07685109  0.06752837 -0.16878666 -0.00525547 -0.02571066 -0.03642716
 -0.01373143  0.10855919 -0.19344147  0.12767798  0.02492567  0.08621349
  0.07358939 -0.00138106 -0.05018514 -0.04942742  0.11881701 -0.22448114
  0.18642259  0.18540339  0.01629341  0.08973952  0.09063191  0.08179265
  0.01211549  0.03374917 -0.21845627 -0.01935356  0.10359889 -0.04122785
  0.04539924  0.00467655]