[-8.39106739e-02  1.28371105e-01  1.02102913e-01 -5.04106544e-02
 -1.42817974e-01  4.06419970e-02 -5.12233563e-03 -8.28150436e-02
  1.43442437e-01 -1.16703749e-01  2.19373345e-01 -5.51449060e-02
 -1.99164018e-01 -1.84494685e-02 -8.02198984e-03  2.32036576e-01
 -1.90312490e-01 -1.41309470e-01 -4.74857800e-02 -5.51556349e-02
  1.20652951e-02  8.29512998e-02 -6.30987510e-02 -6.87937019e-03
 -8.39064941e-02 -3.68676424e-01 -6.40141517e-02 -5.18099032e-02
  8.29221755e-02 -3.01375836e-02 -5.40549867e-02  8.37353542e-02
 -1.01101398e-01 -2.51665059e-02  3.81942093e-02  8.59181657e-02
 -8.61143470e-02 -5.52423559e-02  1.67496189e-01  5.79324141e-02
 -2.58506060e-01  6.43116608e-02  4.96325158e-02  3.07073265e-01
  2.22640619e-01  4.43343036e-02  3.17945257e-02 -1.03251278e-01
  9.56930220e-02 -2.41277739e-01  1.66821759e-02  1.30729035e-01
  1.76324435e-02  7.16802627e-02  3.46220396e-02 -1.53716594e-01
 -6.23481674e-03  5.78599982e-02 -1.80500135e-01  3.16771882e-04
  1.23037994e-01 -8.28176960e-02  2.18552034e-02 -4.13776189e-02
  2.24379569e-01  7.65756890e-02 -9.85706002e-02 -1.27233967e-01
  1.80228516e-01 -1.47310421e-01 -8.75655413e-02  3.48762982e-02
 -1.16893306e-01 -1.43006802e-01 -2.69510567e-01  3.56492214e-02
  4.86227959e-01  1.05995156e-01 -1.70575112e-01  1.19867725e-02
  1.11471023e-03 -1.70783736e-02  2.34800339e-01  1.56341031e-01
 -4.51366603e-03 -6.93949088e-02 -8.61746073e-02 -1.78303197e-02
  2.37173423e-01 -4.92995977e-02 -3.81893367e-02  1.94443211e-01
  5.17983548e-02  4.85544764e-02  5.60329147e-02  9.14075300e-02
 -5.59692979e-02  2.22717430e-02 -1.73074052e-01 -4.48939167e-02
 -9.03680827e-03 -4.90333661e-02 -1.53234331e-02  1.40397564e-01
 -1.42193824e-01  2.28362799e-01  3.99303399e-02  3.50729637e-02
 -1.31797856e-02  2.71110586e-03 -5.09383976e-02  2.91564944e-03
  1.58544898e-01 -2.00689480e-01  1.56501502e-01  1.89836815e-01
 -3.82048194e-03  1.31080538e-01  1.11392669e-01  5.49128726e-02
 -1.89126916e-02 -6.76538870e-02 -2.14451000e-01 -6.54884651e-02
  4.74510454e-02 -3.68034206e-02  6.08015917e-02  4.93441597e-02]