[-0.05528135  0.11888099  0.1464182   0.03366469  0.02295564 -0.03143254
 -0.0378869  -0.1951142   0.1062329  -0.09858863  0.32886928  0.01205316
 -0.14965142 -0.14671479  0.04991172  0.18099801 -0.19870742 -0.08277932
 -0.08238394  0.03883299 -0.03373967 -0.05597937  0.06110923  0.04586138
 -0.04632575 -0.2778697  -0.11766161 -0.08397623  0.11648142 -0.02157437
 -0.07718907 -0.01927952 -0.16068088 -0.00946749  0.00079506  0.02120902
 -0.0224362  -0.06930068  0.2193927  -0.02897733 -0.22348225  0.05868347
 -0.03264315  0.16189787  0.22461228  0.00962411  0.03578983 -0.08532614
  0.07063823 -0.19304405  0.03861142  0.10684267  0.08480109  0.04465923
 -0.01744578 -0.18638059 -0.05527313  0.10594621 -0.12103415  0.0125731
  0.04115063 -0.13551472  0.00457997  0.00972709  0.18386607  0.16589755
 -0.10546941 -0.15864824  0.15067981 -0.13088529  0.00547549  0.08116658
 -0.1166721  -0.13858044 -0.27151114  0.02994821  0.4218373   0.08119794
 -0.20954183 -0.01655421 -0.14943819  0.00797411  0.09061895  0.10683417
 -0.01059937 -0.05327374 -0.08807621 -0.06841782  0.18776666 -0.03934237
  0.00704751  0.21215408 -0.02958341  0.03045718  0.00248645 -0.02382896
  0.01614152 -0.00252683 -0.0893081  -0.020804   -0.06836709 -0.04456696
  0.03174945  0.07990455 -0.19581138  0.09855025  0.0567331   0.02184
  0.10696814  0.07400652 -0.05654007 -0.0842947   0.13528399 -0.27237952
  0.23734704  0.19080581  0.02604021  0.1109486   0.06711122  0.17210536
 -0.04322619 -0.02994764 -0.10559038 -0.02350033  0.04054688 -0.01026284
  0.06253964  0.00743889]