[-0.05202465  0.12897533  0.15869868  0.0437065   0.02035294 -0.03608717
 -0.04876414 -0.19139729  0.10139713 -0.10058357  0.33746251  0.02785929
 -0.13985531 -0.14837937  0.03686187  0.19083895 -0.20170496 -0.09406059
 -0.08362036  0.03339111 -0.03075027 -0.06753748  0.04377327  0.02672531
 -0.05115823 -0.26659322 -0.11974645 -0.08648984  0.1101532  -0.01358388
 -0.06865194 -0.00923477 -0.15309441 -0.01183293 -0.00567358  0.02824589
 -0.01182309 -0.04438417  0.2102032  -0.03784195 -0.21854714  0.06405053
 -0.02934982  0.1741726   0.22201984  0.01627971  0.04591384 -0.08120795
  0.05691994 -0.19822942  0.0316688   0.10642662  0.08869963  0.06023176
 -0.02569458 -0.18561991 -0.04953278  0.10726932 -0.11512869  0.00510153
  0.0522382  -0.13298875 -0.01348983  0.00234757  0.1914787   0.17133637
 -0.09890735 -0.17622256  0.15572181 -0.13425037 -0.01235092  0.07679417
 -0.11486547 -0.12436336 -0.27173656  0.03034556  0.4136717   0.079453
 -0.21581006 -0.01726106 -0.14915326  0.01012743  0.0867274   0.07993208
 -0.00904153 -0.04741289 -0.09898637 -0.07899915  0.1928968  -0.04755803
  0.03026905  0.20005642 -0.01852037  0.02297429 -0.00230506 -0.02574961
  0.02097156  0.01577521 -0.10507872 -0.02162105 -0.0669824  -0.03730332
  0.02786113  0.07301523 -0.1905162   0.10729492  0.04809529  0.03146109
  0.10106307  0.07573323 -0.060228   -0.08848527  0.1573699  -0.25184166
  0.23100422  0.20326598  0.02254513  0.09776334  0.08343749  0.18213604
 -0.05848864 -0.03181222 -0.12917455 -0.02127175  0.03903526 -0.03222733
  0.04094093  0.01199572]