[-0.10494148  0.07304862  0.08296581 -0.04992481 -0.10510886 -0.02325982
 -0.04779777 -0.14713918  0.09416609 -0.09692012  0.18826342 -0.06674799
 -0.19477537 -0.05395472 -0.02818999  0.19618995 -0.13983557 -0.11628617
 -0.07887968  0.04502913  0.00852396  0.01142142  0.02504153  0.00947599
 -0.09626709 -0.36406088 -0.08168278 -0.01659214 -0.02465849  0.00214797
 -0.12459072  0.09208653 -0.16468182 -0.05230771  0.04880254  0.10857495
 -0.01889814 -0.06785312  0.13915907  0.02583496 -0.28160486  0.0819267
  0.06468473  0.22652543  0.23615883  0.03075091  0.04766444 -0.14876096
  0.13642518 -0.15813957  0.02072746  0.10906513  0.06086714  0.02152249
  0.01616501 -0.15454525 -0.00538409  0.11154467 -0.0839388  -0.04162764
  0.09951972 -0.01681838 -0.01826346 -0.11859721  0.18670659  0.10107458
 -0.11222948 -0.16055298  0.15072948 -0.09606964 -0.04543037  0.02677719
 -0.17537443 -0.1594687  -0.24767862 -0.00614619  0.35474226  0.05904436
 -0.20268536  0.01062647 -0.06306183  0.02886576  0.13787501  0.13784097
  0.02004021 -0.00574623 -0.04888516 -0.04870321  0.2634221  -0.0522863
  0.00486408  0.19340713  0.02236098  0.02902178  0.02154774  0.02627728
 -0.06075779  0.07647648 -0.16217506  0.00665388 -0.00352739 -0.06969842
 -0.00699117  0.12940094 -0.20367466  0.14739861  0.02257346  0.08886673
  0.08163338 -0.01539115 -0.04860891 -0.04507303  0.10825463 -0.22667162
  0.17354226  0.18432997  0.02288601  0.08537506  0.10213571  0.09455559
  0.00497915  0.03941486 -0.22465871 -0.03384635  0.10698282 -0.04753307
  0.02489345  0.0311703 ]