[-0.09805581  0.13503608  0.13159782  0.04034428 -0.0113412  -0.00719875
  0.00491634 -0.13986778  0.10040598 -0.06287401  0.32884604  0.0107476
 -0.18288378 -0.15000175  0.03232322  0.19036561 -0.16269317 -0.10388622
 -0.1168943   0.0325859  -0.02784929 -0.04098651  0.06337867 -0.02168824
 -0.06603404 -0.32906929 -0.08782353 -0.06132277  0.047711   -0.07052219
 -0.03586077 -0.00310652 -0.20566987 -0.03235785  0.02718431  0.07746795
 -0.02287162 -0.01597305  0.2087599  -0.01440795 -0.20205522  0.01320752
  0.03400902  0.17606586  0.2700676   0.02664421 -0.00262207 -0.07593941
  0.07684449 -0.2086743   0.01213039  0.08962738  0.09432901  0.06909359
 -0.01432978 -0.15112273 -0.02816986  0.09122102 -0.08695545 -0.03734573
  0.02512123 -0.16621529 -0.0468023   0.03161336  0.16807917  0.0718449
 -0.09001054 -0.13438915  0.1343744  -0.11602656  0.02185793  0.07793584
 -0.11032338 -0.13689254 -0.29443449  0.01957831  0.42070886  0.04534195
 -0.21111782 -0.0232526  -0.11816458  0.00465733  0.05245615  0.08372783
 -0.01479888 -0.03937535 -0.13774864 -0.02163592  0.20129383 -0.06096513
  0.0340641   0.192966   -0.04343642  0.06457641  0.01271528  0.00149292
 -0.00332625 -0.00783146 -0.11272843 -0.06188448 -0.03196568 -0.05220866
  0.0105501   0.07882654 -0.20087183  0.08811756  0.03521239  0.03632591
  0.07970095 -0.00509574 -0.02015823 -0.06661107  0.13017434 -0.22548075
  0.20597339  0.21125732 -0.06235111  0.10396045  0.08857416  0.13929191
 -0.05357319 -0.00733641 -0.13199916 -0.02167479  0.0070707  -0.00181494
  0.0554358  -0.01478696]