[-7.54174665e-02  1.12696789e-01  1.35644779e-01  3.57507728e-02
 -4.66527864e-02 -1.39193907e-02  4.78302548e-03 -1.84563845e-01
  1.24258079e-01 -6.56396523e-02  3.21611613e-01  2.55013641e-04
 -1.47835955e-01 -1.38507321e-01  8.18130821e-02  1.94448784e-01
 -2.25094318e-01 -9.20563266e-02 -8.96158516e-02 -7.43486919e-04
 -8.03228766e-02 -5.58794625e-02  4.68613170e-02  5.41711450e-02
 -5.20967506e-02 -3.02927405e-01 -1.06911860e-01 -1.17130779e-01
  1.32142782e-01 -2.37544756e-02 -6.60992414e-02 -6.76614651e-03
 -2.07822010e-01 -3.69444713e-02  2.46697720e-02  2.49972772e-02
 -2.46176273e-02 -3.41207795e-02  2.07009718e-01 -2.10212376e-02
 -1.80838987e-01  2.84994598e-02 -1.22625874e-02  1.86363712e-01
  2.47051150e-01  9.11444332e-03  3.50874178e-02 -5.15587218e-02
  7.26674944e-02 -1.50955886e-01  2.33097859e-02  9.34470668e-02
  1.15608715e-01  3.45465764e-02 -3.64212580e-02 -1.75529510e-01
 -6.48982897e-02  9.21880826e-02 -1.35066345e-01  3.49192359e-02
  6.48507923e-02 -1.36586055e-01 -6.29543141e-02  1.14298156e-02
  2.20346361e-01  1.41477972e-01 -9.74188894e-02 -1.98112100e-01
  1.54575065e-01 -1.52884692e-01  4.67337156e-03  7.69498274e-02
 -1.47244111e-01 -1.05538405e-01 -2.85254449e-01  1.28746775e-04
  4.28084761e-01  2.25932542e-02 -2.51493961e-01 -6.25395104e-02
 -1.24007419e-01 -2.40289909e-03  7.96193555e-02  1.32020593e-01
  1.38185089e-02 -5.23502938e-02 -9.30823907e-02 -4.76414748e-02
  1.91388309e-01 -5.35436757e-02  2.47115102e-02  2.05365881e-01
 -2.72789244e-02  4.86437324e-03 -1.16346264e-02 -4.19105105e-02
  2.45631430e-02 -2.35755518e-02 -8.88410434e-02 -4.79124263e-02
 -8.52702782e-02 -2.82426178e-02  8.28589406e-03  7.78736696e-02
 -2.03044608e-01  1.18864909e-01  4.91308384e-02  3.15188318e-02
  5.43367937e-02  2.01886129e-02 -5.14361523e-02 -8.31316188e-02
  1.78015202e-01 -2.57811964e-01  2.28143200e-01  2.07090214e-01
 -1.86289884e-02  7.65099823e-02 -7.07088411e-03  1.44173190e-01
 -5.30889295e-02  8.00495688e-03 -1.26636028e-01 -1.10502457e-02
  5.19392965e-03 -8.11549947e-02  4.33456786e-02 -1.05010560e-02]