[-0.09535958  0.06915456  0.13630164 -0.01417763 -0.09422165 -0.06405517
 -0.03803792 -0.18272564  0.10180911 -0.10731544  0.21806411 -0.02743212
 -0.17526653 -0.07722437 -0.03338154  0.22018336 -0.19336312 -0.13639359
 -0.06552826  0.02738492  0.03398798  0.05218527  0.04587338 -0.01532276
 -0.08693925 -0.38307005 -0.10373628 -0.06275013  0.02555219  0.01995707
 -0.09520816  0.05909581 -0.14232071 -0.05960403  0.06750292  0.05727951
 -0.03160016 -0.08077268  0.1519655   0.02331001 -0.28382623  0.07757945
  0.05604506  0.21878646  0.25933823  0.02949522  0.05066151 -0.14258009
  0.10581638 -0.1904847  -0.01230965  0.08491974  0.03138354  0.04183282
  0.04241021 -0.14831954 -0.01782051  0.10662824 -0.09854109 -0.03989286
  0.07944503 -0.06503357 -0.01156943 -0.06470462  0.17659603  0.06373072
 -0.11472487 -0.1443394   0.12695889 -0.12809125 -0.07058066  0.02752395
 -0.16045159 -0.13291578 -0.2688092  -0.03621779  0.40546346  0.03778944
 -0.19974498  0.01272649 -0.04347716  0.04148357  0.14804865  0.15472174
  0.03320255 -0.01205694 -0.065918   -0.06333366  0.21667202 -0.06388358
  0.00972399  0.22554143 -0.00589992  0.06613397  0.03362553  0.0398631
 -0.05138614  0.05539653 -0.13967018 -0.02640687  0.00711312 -0.00058348
  0.00633816  0.1291761  -0.17089443  0.1359701  -0.00081393  0.08273429
  0.07996385 -0.043272   -0.0185733  -0.03640225  0.09635243 -0.21036473
  0.17198516  0.22403438 -0.01760912  0.09351758  0.07297633  0.03699499
 -0.03603461  0.01990257 -0.23635054 -0.02104732  0.08928445 -0.05869438
  0.01491535 -0.00767315]