[-0.09280416  0.07231718  0.11666618 -0.02433504 -0.11921438 -0.05335394
 -0.03570696 -0.19753705  0.10165861 -0.09893142  0.22027221 -0.04399529
 -0.16890144 -0.06218342 -0.03495484  0.21944468 -0.18437421 -0.13502076
 -0.06297933  0.00951528  0.01923893 -0.01167535  0.03989894 -0.0117092
 -0.11338612 -0.3570869  -0.11427249 -0.04733772  0.01928585 -0.00722741
 -0.09953632  0.08626333 -0.15660943 -0.0508977   0.0430389   0.03108087
 -0.02410826 -0.08868212  0.17049955 -0.0098079  -0.29024908  0.1111169
  0.06933872  0.19852987  0.25293511 -0.00524784  0.06109741 -0.13338678
  0.11060563 -0.15082853 -0.0055733   0.10914337  0.05662248  0.0320895
 -0.00121698 -0.13733505 -0.01904589  0.11746595 -0.11534282 -0.01777501
  0.11000194 -0.077425   -0.03026497 -0.06245095  0.14953893  0.10763388
 -0.1018186  -0.17485259  0.13855211 -0.11699384 -0.04591564  0.01821013
 -0.19194442 -0.17132103 -0.27770841 -0.02101992  0.35918781  0.06238869
 -0.19710049  0.02797553 -0.05277824  0.06738722  0.13919859  0.14742367
  0.0187227  -0.01627014 -0.05730676 -0.03678931  0.2166246  -0.06252702
 -0.01553338  0.22990572  0.01107927  0.03532057  0.01777968  0.05520377
 -0.03995805  0.04176341 -0.13566895 -0.00098211  0.00253299 -0.0175894
  0.01300218  0.13372633 -0.17388032  0.12986417 -0.00582386  0.10337158
  0.04857023 -0.02239916 -0.01048772 -0.04436699  0.08753035 -0.2221512
  0.17670144  0.22389928 -0.01857648  0.08298378  0.08648848  0.04844348
 -0.01271194  0.01813405 -0.20615129 -0.0115389   0.09368559 -0.04663348
  0.03264272  0.02352501]