[-9.39609036e-02  1.18522346e-01  1.10632993e-01  4.54760157e-02
  1.84536874e-02 -5.52222133e-04 -2.41158046e-02 -1.57375395e-01
  1.49089724e-01 -8.91478956e-02  3.13038647e-01  3.52631137e-02
 -1.72513962e-01 -1.51714221e-01  5.89957498e-02  1.87540337e-01
 -1.71056494e-01 -8.56317729e-02 -1.15485780e-01 -2.11740974e-02
 -2.95762718e-02 -4.51315083e-02  8.80475193e-02  2.91712917e-02
 -8.70355442e-02 -3.18768144e-01 -1.02159761e-01 -1.14175558e-01
  4.57058623e-02 -9.17004198e-02 -4.47124764e-02 -1.93105191e-02
 -1.98960632e-01 -3.42363752e-02 -2.38384660e-02  6.08908348e-02
 -2.71857437e-02 -2.37681232e-02  2.09864900e-01 -2.24301275e-02
 -1.68302462e-01  4.19216603e-02 -3.53957489e-02  2.04493955e-01
  2.19652638e-01 -2.18990967e-02  2.31573042e-02 -7.79075623e-02
  6.82339519e-02 -2.25470528e-01  4.61025387e-02  8.18022192e-02
  6.46594539e-02  8.59237462e-02 -1.31833302e-02 -1.45368829e-01
 -3.04754321e-02  8.88351426e-02 -9.05118510e-02  2.75095999e-02
  5.02405278e-02 -1.58194706e-01 -7.62575194e-02  2.70954426e-02
  1.83588400e-01  1.63019702e-01 -9.26400423e-02 -1.66602239e-01
  9.73394439e-02 -1.16598867e-01  3.90968705e-03  5.81338964e-02
 -1.21843934e-01 -1.51207685e-01 -3.12553108e-01  5.81627302e-02
  4.07005608e-01  5.79617806e-02 -2.60802239e-01 -3.37065533e-02
 -1.43737748e-01  3.50021385e-02  9.05250609e-02  9.74555314e-02
  7.34940579e-04 -3.43357287e-02 -1.14740826e-01  1.37069318e-02
  1.67118669e-01 -6.17687367e-02 -2.08380268e-04  2.13780984e-01
 -1.80799700e-02  6.75838739e-02  2.43269484e-02  2.81349123e-02
 -1.08508172e-03 -5.75426826e-03 -1.17953517e-01 -3.36738746e-03
 -2.05307198e-03 -2.65234057e-02  8.50391854e-03  4.94521484e-02
 -1.71571001e-01  1.40090793e-01  5.38945906e-02  1.54273426e-02
  9.90259126e-02  4.44417670e-02 -7.13282600e-02 -8.37964490e-02
  1.51910737e-01 -2.42651850e-01  2.40277991e-01  2.19111592e-01
 -2.49275845e-02  1.32847726e-01  5.62244616e-02  1.74408779e-01
 -6.68165311e-02  1.96867399e-02 -1.32997751e-01  4.67785168e-03
  2.10151616e-02  2.56727189e-02  6.20783493e-03  1.03849696e-03]