[-1.15058497e-01  1.25967145e-01  8.85714889e-02  4.12939191e-02
 -2.01572683e-02 -2.15924159e-02 -3.80113050e-02 -1.58415869e-01
  1.27891794e-01 -7.04534575e-02  3.22807759e-01 -1.07988378e-03
 -1.56538382e-01 -1.80000022e-01  6.16483465e-02  1.84798479e-01
 -2.24771261e-01 -6.40166923e-02 -1.12044670e-01  2.19841823e-02
 -3.14855017e-02 -3.43320034e-02  9.53227207e-02  6.32341653e-02
 -9.34326276e-02 -3.52245122e-01 -9.50800180e-02 -1.30009919e-01
  7.33422115e-02 -7.04135671e-02 -5.02557233e-02 -3.10652684e-02
 -1.73270389e-01 -6.43095896e-02  6.25369186e-03  3.59025374e-02
 -2.43234877e-02 -3.07797827e-02  2.24868700e-01 -2.44279597e-02
 -2.13522106e-01  5.71483262e-02 -8.13875813e-03  2.12982282e-01
  2.42372498e-01  2.85960082e-02  2.16015037e-02 -8.27704147e-02
  8.16336498e-02 -1.59205675e-01  4.21630405e-02  1.09388746e-01
  1.01595975e-01  2.66237315e-02  2.54808553e-02 -1.33517370e-01
 -3.39284725e-02  1.07057847e-01 -1.04681544e-01 -2.88662245e-03
  4.16236408e-02 -1.05464391e-01 -1.07971644e-02  1.85924079e-02
  1.97222203e-01  1.14045039e-01 -9.08946916e-02 -1.30318582e-01
  1.16965055e-01 -1.22972369e-01 -3.87086207e-03  6.73169121e-02
 -1.24609284e-01 -1.58738360e-01 -3.02150786e-01  4.52584168e-03
  4.16995138e-01  5.53390384e-02 -2.58636653e-01 -2.84446385e-02
 -1.22001879e-01 -1.37434248e-02  9.89786834e-02  1.35896772e-01
 -1.54232802e-02 -5.90650141e-02 -8.21815729e-02 -3.74335907e-02
  1.68209195e-01 -3.09803374e-02  2.33339723e-02  2.22224280e-01
  1.80659074e-04  3.49829206e-03  4.13438007e-02 -3.68065573e-02
 -1.46231893e-02 -3.97644658e-03 -6.92902729e-02 -2.57534273e-02
 -7.72882765e-03 -6.12601899e-02  2.10143421e-02  5.08681126e-02
 -2.23449752e-01  1.11181282e-01  6.44164905e-02  2.54525375e-02
  1.18807256e-01  6.05277903e-02 -5.43041490e-02 -9.09448639e-02
  1.60758778e-01 -2.64262199e-01  2.34839126e-01  2.05658704e-01
 -2.49911975e-02  1.27600893e-01  4.41094972e-02  1.67899430e-01
 -7.08781257e-02  3.80520001e-02 -1.11529730e-01 -1.69643275e-02
  3.06904670e-02 -3.35951559e-02  7.66529366e-02 -9.79948603e-03]