[-0.10908498  0.07392012  0.10787928 -0.03284905 -0.08352594 -0.05936962
 -0.04396845 -0.15728357  0.12089884 -0.07195929  0.19422315 -0.03440185
 -0.18765987 -0.08131277 -0.03841855  0.21655141 -0.16793953 -0.1179625
 -0.07133819  0.01146743  0.03153848  0.01275447  0.07495973 -0.00574853
 -0.11211445 -0.34129229 -0.07638025 -0.04691845 -0.02100306 -0.0113453
 -0.1215189   0.06239789 -0.17937787 -0.05381559  0.06169666  0.09170185
 -0.03319098 -0.07908943  0.13519166 -0.02208987 -0.28855917  0.06376068
  0.05489074  0.19531608  0.27038145  0.02419916  0.00923214 -0.14824773
  0.14429627 -0.17850827  0.0310748   0.08869785  0.03359252  0.01134081
  0.02480504 -0.11909973  0.00437194  0.10301089 -0.08902758 -0.07280382
  0.11231321 -0.07804681 -0.05681986 -0.10309019  0.1427068   0.0812
 -0.11116514 -0.16581726  0.11870416 -0.11869097 -0.02954893  0.05428375
 -0.15908419 -0.16617779 -0.28468391 -0.01568805  0.38044071  0.05546984
 -0.18706952  0.01781702 -0.04025176  0.07587443  0.14370771  0.13270083
  0.01003767  0.00599166 -0.08349692 -0.04086409  0.22186367 -0.0817795
 -0.02008048  0.20351124  0.00110649  0.05747738  0.01741906  0.03750918
 -0.03314289  0.06942315 -0.15252003  0.01002828  0.03744634 -0.0220561
 -0.01233227  0.12047551 -0.16616322  0.10494311  0.0110665   0.09310873
  0.09157941 -0.04489027 -0.05406479 -0.07368099  0.07910295 -0.22911859
  0.16417949  0.19999087  0.00626843  0.08357187  0.07957281  0.07405493
 -0.01291445  0.03145042 -0.22228487 -0.01362048  0.12254133 -0.03468241
  0.03686645  0.00782371]