[-0.09383271  0.11619433  0.10794199  0.03395343  0.02024532 -0.01712592
 -0.02518277 -0.16878864  0.16545475 -0.10372666  0.31914315  0.04228387
 -0.16201894 -0.14803477  0.05176176  0.19158219 -0.1847508  -0.08845943
 -0.12197658 -0.00724338 -0.03069699 -0.05093988  0.08548702  0.04114336
 -0.07481705 -0.33079138 -0.10901564 -0.10539503  0.06377426 -0.07662638
 -0.04164965 -0.02109997 -0.19355561 -0.03169878 -0.01759886  0.06092999
 -0.02360398 -0.02393655  0.20850407 -0.0218033  -0.18577467  0.03912089
 -0.04540906  0.20703414  0.23010717 -0.02185746  0.03070259 -0.08516837
  0.06914979 -0.23402846  0.03561832  0.08092552  0.06578322  0.07414519
  0.00069679 -0.14062883 -0.04169883  0.10448968 -0.10311943  0.02686089
  0.03665617 -0.16873786 -0.07534438  0.02334859  0.18696304  0.16978119
 -0.10634798 -0.15789402  0.11991899 -0.12964459  0.00717716  0.04623079
 -0.1058796  -0.15573896 -0.32016852  0.04214754  0.4116089   0.06737623
 -0.26272398 -0.02016038 -0.15176044  0.03957625  0.08149391  0.10239222
 -0.00715438 -0.02542778 -0.11419894 -0.00106889  0.1623802  -0.05928716
  0.01374884  0.22738111 -0.02608372  0.05419189  0.02698128  0.03371058
 -0.00927982 -0.02113755 -0.12284183 -0.01763587 -0.00058999 -0.02793914
  0.01781179  0.04749971 -0.18449071  0.13721086  0.04971903  0.01259746
  0.11174872  0.0502086  -0.05910151 -0.09813026  0.15115806 -0.2500883
  0.23889871  0.22491817 -0.02885866  0.14692073  0.05152884  0.17029379
 -0.0687492   0.00686814 -0.11334711 -0.00337415  0.00955359  0.02668607
  0.00582901 -0.00240339]