[-0.08106738  0.12284198  0.10810216 -0.0699226  -0.10240942  0.04973422
 -0.03680304 -0.10127474  0.11402873 -0.09925696  0.26320049 -0.03111613
 -0.24185495 -0.11051925  0.00417968  0.21929565 -0.17752604 -0.14188974
 -0.00041766 -0.03340202 -0.00431363  0.06587051  0.03533338  0.00365748
 -0.11647528 -0.37252486 -0.07437481 -0.08715283 -0.01491169 -0.0439703
 -0.06614699  0.08332582 -0.12793197 -0.01197603  0.09110982  0.13750176
 -0.05509126 -0.07708176  0.15054595  0.03014488 -0.19212818  0.0051147
  0.10349329  0.27013209  0.24825513  0.0197839   0.00444774 -0.10042799
  0.15792833 -0.21175683  0.0536547   0.07968893  0.08206591  0.02397589
  0.10091492 -0.18551184 -0.02854022  0.09976609 -0.15739593 -0.03462254
 -0.0070617  -0.05488751 -0.0183329  -0.11022718  0.22823201  0.09512909
 -0.11886006 -0.11749391  0.21669547 -0.09220871 -0.04956807  0.0709823
 -0.16759382 -0.1505615  -0.23395729 -0.01847932  0.37090051  0.0824922
 -0.2093966   0.00576029  0.0183339  -0.02478769  0.08597653  0.16213243
  0.01217577 -0.00599037 -0.08302089 -0.03090521  0.22048879 -0.07190827
 -0.02543838  0.21941546 -0.02644554  0.06708311  0.07797586 -0.00165782
 -0.08028855  0.00113034 -0.24011627 -0.10456337 -0.06332409 -0.08016478
 -0.05180626  0.11856426 -0.17933637  0.1195508   0.03995731  0.01023766
 -0.02772122 -0.0628893  -0.04763801  0.00825038  0.16019545 -0.24344824
  0.16284157  0.14790271  0.00890656  0.15188584  0.08299624  0.04613186
 -0.00853859 -0.08752645 -0.19011849 -0.04679657  0.0654153  -0.06537347
  0.05609718  0.00761247]