[-0.14952248  0.13184632  0.14371    -0.02103689 -0.16697586  0.02091386
  0.0017876  -0.15192038  0.12360759 -0.1101215   0.20761795 -0.08322337
 -0.21897891  0.02927696  0.00518062  0.17746367 -0.17646234 -0.19224922
 -0.03014573 -0.05882022  0.00190145  0.02921252  0.03383547  0.04637231
 -0.15974066 -0.34158298 -0.07301887 -0.055093    0.0191157  -0.04467985
 -0.01536576  0.08821534 -0.13378665  0.00091271  0.06220685  0.14777361
 -0.03884654 -0.11363953  0.18081661  0.01760113 -0.28066954  0.04081212
  0.07443067  0.27618837  0.2398901  -0.00047776 -0.01160111 -0.06595296
  0.1658303  -0.20784794  0.02553438  0.14403433  0.06622272  0.00778974
  0.1073181  -0.16384904 -0.00812076  0.09525068 -0.13046978 -0.06471021
  0.07716092 -0.07062157  0.07963709 -0.11080237  0.15670638  0.09727024
 -0.06190976 -0.09077989  0.20151353 -0.10177135 -0.05964624  0.08596239
 -0.17256425 -0.14760868 -0.22477117 -0.01113173  0.43713388  0.09948518
 -0.1569342   0.00703447  0.02109129  0.03532408  0.08385064  0.16606207
 -0.01535424 -0.02044228 -0.09910274 -0.03282761  0.20462906 -0.02595369
 -0.04831106  0.19029379  0.01356991 -0.01344864  0.10628328  0.02436979
 -0.11303058 -0.01522776 -0.20671387 -0.08744694 -0.09249485 -0.04115516
 -0.03647114  0.12131772 -0.19529901  0.12612942  0.00354384  0.00221827
 -0.07829865 -0.00245742 -0.01024093  0.0253305   0.1160953  -0.26736248
  0.09998087  0.15684448 -0.07636796  0.15409863  0.05117662  0.05572699
 -0.02156717 -0.00730552 -0.11958684 -0.09880923  0.05328397 -0.02850141
  0.04696807  0.02919757]