[-0.08104319  0.1110078   0.12449796 -0.08276673 -0.09250467  0.0562946
 -0.02290133 -0.10875773  0.12652519 -0.11336479  0.2694988  -0.05603529
 -0.22491276 -0.08907272  0.02727947  0.22557445 -0.19734235 -0.15782057
 -0.00751562 -0.07002942 -0.03063497  0.06199337  0.01488292  0.01305158
 -0.1594826  -0.37308675 -0.09253518 -0.07138945 -0.01942805 -0.03200265
 -0.03930555  0.1162369  -0.13648586  0.00971948  0.08940084  0.14886178
 -0.05210212 -0.08707383  0.12059055  0.03948373 -0.1876682   0.00689025
  0.11547559  0.28793204  0.24272013  0.01263906 -0.00042043 -0.06400728
  0.14166065 -0.20766644  0.04122198  0.09597557  0.07763955  0.03362306
  0.10343327 -0.17820886 -0.02770961  0.09880617 -0.13929939 -0.01534682
 -0.00527106 -0.06116812  0.00624508 -0.10025783  0.22076462  0.10456695
 -0.13270885 -0.10159873  0.2218217  -0.07619637 -0.05376107  0.05126361
 -0.19496234 -0.16106987 -0.25808463 -0.02242882  0.3916527   0.06861037
 -0.20981732  0.00517885  0.02873082 -0.00499209  0.09036653  0.19499794
  0.01585704 -0.01890147 -0.08133621 -0.01006085  0.22931147 -0.06031597
 -0.04434135  0.22670515 -0.04244002  0.04911736  0.05924153  0.00888205
 -0.07248767 -0.00519632 -0.22775514 -0.09362369 -0.07619239 -0.06299483
 -0.07156113  0.1338421  -0.17390463  0.13920212  0.06906058  0.02311999
 -0.04115329 -0.02126569 -0.04412315  0.003143    0.1542608  -0.25835869
  0.1391886   0.17550078 -0.01107373  0.15153341  0.07088981  0.04711738
  0.00160344 -0.07826395 -0.1740233  -0.05222458  0.03190074 -0.06272855
  0.03201156  0.02666103]