[-0.04353735  0.14193687  0.13043594 -0.04753648 -0.16044647  0.02030367
 -0.00236559 -0.10011255  0.16323511 -0.07647305  0.23473911 -0.09756797
 -0.18752418 -0.03128307  0.00744567  0.20544945 -0.1732952  -0.0867184
 -0.00814137 -0.05621486  0.0532971   0.04968391  0.00314617  0.02885433
 -0.15226893 -0.35157803 -0.06050174 -0.0564668   0.05593383 -0.09045679
 -0.03664231  0.10414729 -0.12759247 -0.03902959  0.04853667  0.10019868
 -0.09028444 -0.09616854  0.16081308  0.06926103 -0.23753345  0.06534586
  0.02052928  0.26556718  0.2495888   0.02720434  0.03814451 -0.12719789
  0.16393992 -0.1846249   0.00822501  0.12137299  0.04623807  0.00416413
  0.08245676 -0.12111113 -0.03378907  0.1127219  -0.19585554 -0.00683262
  0.10452336 -0.05741818  0.0177195  -0.07586879  0.18747644  0.08906444
 -0.07765789 -0.11634947  0.19478317 -0.10540545 -0.06976779  0.08521242
 -0.12544999 -0.15984817 -0.2164603  -0.00138618  0.41493949  0.07192358
 -0.20947717 -0.0169095  -0.00960388  0.0162349   0.18262488  0.15585458
  0.0210954  -0.05491829 -0.07145269 -0.03086697  0.22155201 -0.07861521
 -0.02190232  0.24463396  0.01998164  0.02353217  0.03805996 -0.00694067
 -0.11465955  0.05327353 -0.17010865 -0.11341017 -0.00583598 -0.03878753
 -0.01172439  0.12132223 -0.19974904  0.17799744  0.02318089  0.0249529
 -0.00645093 -0.05934122 -0.06685419  0.02334251  0.17069532 -0.26051447
  0.14623606  0.14356177 -0.03485439  0.10772166  0.08234277  0.04706034
  0.01972912 -0.07294993 -0.15761445 -0.02637441  0.07298381 -0.05743374
  0.04384722 -0.02142699]