[-0.11627864  0.05574015  0.11556486 -0.08707961 -0.08600228 -0.06858948
 -0.0499233  -0.17421441  0.12533264 -0.10501911  0.22444513 -0.05231683
 -0.16828512 -0.06102512 -0.03225866  0.22199793 -0.18662322 -0.13220567
 -0.0707533   0.03300942  0.01493785  0.00952119  0.04883804  0.02956299
 -0.11566698 -0.33058882 -0.11223457 -0.05096539 -0.0122943  -0.02325437
 -0.11113371  0.06460771 -0.17386894 -0.04598994  0.05510979  0.0807277
  0.01091786 -0.0826503   0.15819758 -0.04112766 -0.29310367  0.08483714
  0.10735591  0.19074711  0.20676906  0.02400039  0.03808272 -0.16859853
  0.15299289 -0.1428982   0.02162329  0.08745621  0.06221125  0.02104225
  0.01572978 -0.14395031 -0.00454022  0.16173981 -0.08519257 -0.00608288
  0.10010397 -0.03713134 -0.02809282 -0.10737717  0.17672566  0.10023414
 -0.13651909 -0.16955361  0.1026897  -0.09681261 -0.05722811  0.04807795
 -0.18603273 -0.1567829  -0.28241044 -0.04125844  0.34292918  0.02899338
 -0.21878469  0.01669011 -0.05638068  0.04790527  0.11264187  0.14395873
 -0.00871797  0.01421118 -0.0739338  -0.040012    0.2685999  -0.05832504
  0.03795492  0.20611945  0.00614463  0.04831926 -0.02229328  0.05420876
 -0.07292762  0.04393621 -0.14677833  0.00492175  0.0120428  -0.00461261
 -0.02098682  0.14230092 -0.20926316  0.11640935  0.01313363  0.06660136
  0.06666987  0.01255025 -0.01195284 -0.08392219  0.08697256 -0.20598002
  0.16545504  0.20903759  0.00913587  0.07379761  0.07598057  0.08733251
 -0.02886857  0.04731321 -0.20810428 -0.0090703   0.13543203 -0.05598832
  0.05687132  0.00807657]