[-0.08750796  0.06707164  0.07744595 -0.03529496 -0.09301037 -0.04790639
 -0.00438483 -0.14087565  0.06099202 -0.02258648  0.30067152 -0.02642963
 -0.21557187 -0.15622871  0.08927386  0.08850995 -0.10468977 -0.10852102
 -0.07941625 -0.00309035 -0.00901056 -0.04200869  0.09183071  0.02606717
 -0.09955486 -0.35230634 -0.12343377 -0.10287658  0.04740247 -0.07189696
 -0.0167164   0.07815113 -0.12941636 -0.03838652  0.00892783  0.0809718
 -0.06169049 -0.09432746  0.26677391 -0.03565496 -0.19223042 -0.03669655
  0.02474566  0.25196117  0.22271962 -0.03252557  0.08693942 -0.0104555
  0.09428352 -0.15604098  0.10250532  0.10402135  0.14721404  0.00465548
  0.0304537  -0.1606051   0.00156323  0.13376145 -0.19605555  0.03988851
  0.04755298 -0.15868762 -0.0947836  -0.05816102  0.19649957  0.1622515
 -0.08695962 -0.15099016  0.15945669 -0.12933053 -0.06166033  0.04341854
 -0.21539672 -0.15637405 -0.31342992  0.01367917  0.30722567  0.0553762
 -0.21781461  0.01229024 -0.02123067  0.01028927  0.06241963  0.10565849
 -0.08647949  0.02158587 -0.12926213  0.01157116  0.17627972 -0.06191718
 -0.04892964  0.2009341  -0.01023169  0.02576026  0.09265853 -0.01195634
  0.02897947 -0.00793817 -0.13175903  0.03589707  0.06111924 -0.17063676
  0.00315252  0.06230096 -0.2157288   0.10449368  0.03460363  0.04284574
  0.01533774 -0.09558228 -0.10020144 -0.03239181  0.18834001 -0.2537275
  0.1886452   0.18933004  0.03929488  0.13916026  0.09476586  0.07427185
 -0.00899396 -0.02237699 -0.16870582  0.00436279  0.06090361  0.01338633
  0.06171048  0.07573431]