[-0.19178537  0.09127911  0.08000239 -0.01612712 -0.07180534 -0.11125284
  0.02473462 -0.12766284  0.08590248 -0.01629741  0.26747134 -0.05230312
 -0.20739403 -0.16824539  0.02885689  0.11036322 -0.13622609 -0.10484983
 -0.01609701 -0.05454652  0.03319108 -0.04798145  0.0823241   0.07606407
 -0.08726334 -0.37080523 -0.1021771  -0.13507262  0.05238565 -0.02425347
 -0.06743743  0.11281788 -0.16671732 -0.08687561  0.00287836  0.13738036
 -0.00401971 -0.00314303  0.21734479 -0.07050072 -0.14355762 -0.03423109
  0.03680411  0.28505847  0.23151071 -0.00585194  0.07699976  0.00126506
  0.05290919 -0.11939915  0.05722648  0.13564703  0.09737091 -0.01701443
  0.03255786 -0.13796742 -0.03225969  0.0709618  -0.14903668  0.02508115
  0.04487647 -0.11609646 -0.09021522 -0.03289042  0.20562799  0.10178439
 -0.06066389 -0.14391972  0.2110313  -0.16256441 -0.03409104  0.03341775
 -0.21928954 -0.14720897 -0.27676642  0.05032138  0.3259753   0.08367079
 -0.16804673  0.08894289 -0.06122363 -0.00118252  0.09943335  0.07149754
 -0.0618551   0.07313726 -0.15089038  0.04843591  0.15808947 -0.03769698
 -0.04772709  0.17269425 -0.0012783   0.02789527  0.10611703 -0.03354674
  0.01923138 -0.00106638 -0.20847388 -0.0021859   0.0743137  -0.14055163
 -0.00992011  0.06447377 -0.18619196  0.02351635  0.02671817  0.0380541
 -0.05409669 -0.03817195 -0.14066802 -0.03936125  0.16683517 -0.19132893
  0.21035759  0.20001908  0.02021478  0.13043554  0.10474608  0.03487336
  0.02984097 -0.03924266 -0.1183573  -0.00787465  0.09298712  0.00241954
  0.0905806   0.05840556]