[-0.06686657  0.12391454  0.10407934  0.03102191 -0.01001058 -0.02259536
 -0.03092401 -0.1841315   0.12805544 -0.07737851  0.3281076   0.00185104
 -0.15971313 -0.14709711  0.00934977  0.19294481 -0.21966091 -0.09021178
 -0.06844328  0.03743417  0.00171954 -0.04036572  0.06084276  0.02333146
 -0.07697322 -0.31167147 -0.09847517 -0.10236587  0.08155053 -0.03545217
 -0.08534823 -0.03206997 -0.19655566 -0.04676607  0.01122899  0.03391145
 -0.06524747 -0.0358317   0.20985797 -0.03023149 -0.22703706  0.06635242
 -0.00121634  0.17619617  0.21119535  0.01720983  0.04968569 -0.17834489
  0.09325401 -0.13748585  0.02188516  0.12639421  0.0727069   0.07012149
 -0.0442875  -0.15885292 -0.04285228  0.12393457 -0.10050409  0.02323518
  0.06330904 -0.10610402 -0.01939291  0.00372683  0.19035804  0.10697355
 -0.10749628 -0.17166738  0.12830842 -0.12120049 -0.02216343  0.08704638
 -0.11651696 -0.17432265 -0.29351729 -0.00428373  0.43090221  0.00884955
 -0.21313153 -0.01000508 -0.13228545 -0.00818409  0.13060233  0.15141121
 -0.00423433 -0.02239563 -0.09401189 -0.03197166  0.22331195 -0.07727438
  0.02829199  0.19517392 -0.01762327  0.06630684  0.01826736  0.03179877
 -0.01847365  0.03756257 -0.09659378 -0.02639729 -0.03543076 -0.05054224
  0.0116509   0.06270643 -0.17606764  0.11447294  0.07389642  0.04729478
  0.10310502  0.01324522 -0.03470175 -0.0928662   0.13995948 -0.25517368
  0.26427701  0.19070499  0.01181269  0.11306145  0.07433802  0.15418087
 -0.06940614 -0.01969877 -0.16593485  0.02063966  0.0411578  -0.0101833
  0.06782857 -0.02400249]