[-0.09594635  0.09468134  0.12619779 -0.07370891 -0.14869545 -0.03823355
 -0.01959814 -0.13499701  0.08966514 -0.10473605  0.21980913 -0.11976626
 -0.25412217 -0.0047168   0.04773974  0.21249905 -0.19336379 -0.19455937
 -0.05785331 -0.0369773   0.00050209  0.05783475  0.01002621  0.0501989
 -0.12903483 -0.38854325 -0.09368502 -0.02236316  0.02246535 -0.01761452
 -0.05459763  0.12295374 -0.14671375 -0.03226915  0.10093892  0.16757005
 -0.03916329 -0.13240705  0.18155257  0.02896467 -0.26497823  0.02731239
  0.12741098  0.26045117  0.24642411  0.00976149  0.01451773 -0.0638083
  0.10335261 -0.23784629  0.04847512  0.13679045  0.08180269  0.0437072
  0.10913409 -0.19625583 -0.02697498  0.10740831 -0.16431589 -0.0587968
  0.06921424 -0.06586973  0.04103363 -0.14057583  0.21092518  0.1069565
 -0.11026207 -0.09718657  0.20506263 -0.10765787 -0.09283834  0.02344531
 -0.18211763 -0.11916604 -0.29044768 -0.02937021  0.35647058  0.07297009
 -0.19982004  0.02487059  0.04205125 -0.00147024  0.07646255  0.15912925
  0.00822804 -0.00389912 -0.08627679  0.00884596  0.20099322 -0.0457533
 -0.01487944  0.20515783 -0.00377402  0.02917775  0.09434434  0.04885958
 -0.09127878 -0.03381857 -0.23435126 -0.04357778 -0.05404157 -0.02872886
 -0.04373598  0.15733711 -0.16386609  0.11753093  0.01882389 -0.01624409
 -0.07578165 -0.02919272 -0.02976635 -0.00942941  0.11808433 -0.24891953
  0.11986802  0.17862585 -0.06433561  0.1280527   0.05217673  0.04010285
 -0.00219198 -0.03958759 -0.18549708 -0.07991251  0.06255893 -0.02221885
  0.03451345  0.06355541]