[-0.19307749  0.09309153  0.08897173  0.010214   -0.08905185 -0.10551955
  0.04636288 -0.13174336  0.12192201 -0.03771045  0.30332765 -0.0558812
 -0.19411018 -0.17454191  0.02463599  0.12772956 -0.14606492 -0.08575509
 -0.02393349 -0.0271592   0.04169296 -0.08436274  0.07775649  0.08037718
 -0.0724716  -0.36386117 -0.09297704 -0.14526622  0.04644152 -0.04692397
 -0.07703008  0.10594272 -0.16205309 -0.10189807 -0.03809854  0.10646778
  0.01047454  0.00779122  0.19378838 -0.09478421 -0.15980069 -0.02489953
  0.00456235  0.25076562  0.22789243  0.00581621  0.06185442 -0.03050455
  0.06615162 -0.13430659  0.01961342  0.11213173  0.10799105 -0.0327126
  0.02492566 -0.14140707 -0.02512152  0.02603418 -0.14141181  0.01396365
  0.05473919 -0.10858928 -0.07042573 -0.02974808  0.20648502  0.09802815
 -0.0400159  -0.14035265  0.21183789 -0.15682818 -0.02400282  0.04776738
 -0.20953622 -0.16829064 -0.29092717  0.03966129  0.34650919  0.09603812
 -0.17455961  0.05794007 -0.10408267  0.01769581  0.08963609  0.05569962
 -0.05215206  0.04784608 -0.18101607  0.0387758   0.14957437 -0.06607991
 -0.03063749  0.18721291  0.00924819  0.03652705  0.07219549 -0.04036768
  0.01588484  0.03504064 -0.19142823  0.00925506  0.08055448 -0.11466276
  0.00799722  0.06119354 -0.1886747   0.01486269  0.00710992  0.04800397
 -0.03926403 -0.02859696 -0.14249466 -0.03522656  0.16394092 -0.1835327
  0.20793684  0.19825874  0.02464647  0.11981149  0.09030502  0.04940566
  0.00491814 -0.0406686  -0.12316253  0.01092638  0.09158765 -0.02081602
  0.07333604  0.05763545]