[-0.11655904  0.1275474   0.1043558  -0.05133688 -0.10060107  0.04216101
 -0.00333787 -0.12750725  0.13528381 -0.10740846  0.27475858 -0.11110178
 -0.23010723  0.00515015 -0.08115204  0.21936598 -0.24235635 -0.16263446
 -0.03154716 -0.08368103 -0.02058034  0.03519873 -0.03247659  0.03147271
 -0.13399099 -0.32729641 -0.06794401 -0.085553    0.00860651 -0.05767223
  0.01208491  0.07620808 -0.12766311  0.0385413   0.03902739  0.06073278
 -0.03493972 -0.09909912  0.15846668  0.01017797 -0.22077246  0.0233326
  0.11563982  0.3191739   0.20750551  0.02220152 -0.04312512 -0.1143114
  0.15174155 -0.21523695 -0.00355141  0.12469145  0.05639767  0.03338255
  0.06922923 -0.14756152 -0.00115937  0.10268245 -0.13672246 -0.00460415
  0.04614882 -0.05820005  0.04365051 -0.13447435  0.1982355   0.07081152
 -0.1134124  -0.1090821   0.17162387 -0.12285712 -0.07725867  0.08014732
 -0.12716024 -0.18269394 -0.26621935 -0.0147179   0.46550727  0.09184783
 -0.13710003  0.03808936  0.0275005  -0.04898998  0.11565985  0.17271312
 -0.04899886 -0.04180114 -0.08565198 -0.02766349  0.26761562 -0.03539538
 -0.04045868  0.1922783  -0.0611436  -0.01588811  0.02881454  0.02305528
 -0.10130809  0.03820207 -0.15400602 -0.06962761 -0.06152482 -0.07176107
 -0.05471017  0.09547057 -0.20884578  0.14184836  0.0416209   0.01300458
 -0.0227839  -0.00212338 -0.03511051  0.04363296  0.18624508 -0.27486503
  0.14454047  0.15918301  0.04257179  0.14014956  0.07712447  0.03824582
 -0.03920368 -0.0312209  -0.18188466 -0.06981724  0.05256445 -0.08575606
  0.07511151  0.01621881]