[-1.04801849e-01  5.87908626e-02  1.25328049e-01 -5.82128055e-02
 -6.72087520e-02 -5.21077178e-02 -3.90933864e-02 -1.35720834e-01
  1.31582960e-01 -1.22640528e-01  2.11596772e-01 -4.07838859e-02
 -1.75347731e-01 -6.98621795e-02  2.52206926e-03  2.26145312e-01
 -1.79012284e-01 -1.33865327e-01 -9.16757807e-02  3.02870516e-02
  1.44734401e-02  2.48482655e-04  3.17137204e-02  6.37898361e-03
 -9.36212465e-02 -3.58897656e-01 -1.05289057e-01 -5.54497540e-02
 -4.16296395e-03 -3.16721350e-02 -1.35169894e-01  4.93865609e-02
 -1.41216323e-01 -6.09657876e-02  4.76879664e-02  7.92158768e-02
  1.44183193e-03 -4.33611199e-02  1.48199171e-01 -2.92855799e-02
 -2.75439709e-01  7.50061050e-02  1.06920816e-01  2.01101050e-01
  2.34466076e-01  6.63992092e-02  3.90227325e-02 -1.62705600e-01
  1.34277090e-01 -1.80021092e-01  3.23281959e-02  7.07591176e-02
  7.48636350e-02  3.76339965e-02  4.55504656e-02 -1.59324899e-01
 -7.75460247e-03  1.20232239e-01 -1.02954760e-01  8.40365421e-03
  9.89409611e-02 -3.69230919e-02 -3.74519899e-02 -6.78353012e-02
  2.10030794e-01  9.71789509e-02 -1.30891353e-01 -1.66070148e-01
  1.22755110e-01 -1.06346205e-01 -5.35749160e-02  2.23743301e-02
 -1.67083547e-01 -1.50510445e-01 -2.77665854e-01 -2.96740271e-02
  3.74377221e-01  3.31876762e-02 -2.15762898e-01  2.30783131e-02
 -6.10661879e-02  1.12232119e-02  1.23822883e-01  1.30826518e-01
 -2.30402593e-02 -6.46153325e-03 -7.46869221e-02 -2.68709064e-02
  2.46900842e-01 -5.78635633e-02  4.93749119e-02  1.78981185e-01
  9.07281693e-03  5.99738322e-02 -1.38826212e-02  4.76240851e-02
 -7.87057802e-02  6.34814054e-02 -1.78487405e-01 -1.82488617e-02
  1.81624014e-02 -1.16855875e-02 -5.27694589e-03  1.29938096e-01
 -2.01265931e-01  1.31980255e-01  1.13824876e-02  5.43155633e-02
  6.70989156e-02  1.43764419e-02 -4.34972346e-02 -6.76809773e-02
  1.00319579e-01 -2.00347587e-01  1.57598481e-01  2.22006604e-01
  2.00439692e-02  6.92111403e-02  8.38937312e-02  8.40698406e-02
 -1.46091101e-03  4.93188761e-02 -2.39059284e-01  8.49070027e-03
  1.17739014e-01 -5.99762797e-02  4.61799204e-02  2.87864096e-02]