[-8.68059173e-02  1.13633536e-01  1.10240318e-01  3.89293171e-02
  5.73953101e-03 -1.28515260e-02 -2.25583147e-02 -1.58426598e-01
  1.50482118e-01 -1.01328276e-01  3.11179966e-01  3.48692946e-02
 -1.61045596e-01 -1.48580357e-01  5.37922941e-02  1.88739970e-01
 -1.79925308e-01 -9.63362604e-02 -1.21363953e-01 -4.25743824e-03
 -2.69340258e-02 -5.46500571e-02  6.80228323e-02  1.63047966e-02
 -8.36675242e-02 -3.22948664e-01 -9.89008397e-02 -1.07728265e-01
  5.53102456e-02 -7.44365081e-02 -5.29759042e-02 -1.21322963e-02
 -1.97242126e-01 -3.97101678e-02 -1.91890895e-02  6.91815242e-02
 -2.78693866e-02 -2.23860089e-02  1.97249383e-01 -2.45114733e-02
 -1.80414781e-01  4.96137403e-02 -2.39100326e-02  2.01219961e-01
  2.30171278e-01 -2.23737936e-02  3.58929671e-02 -8.63455012e-02
  7.35414699e-02 -2.24534914e-01  3.73058617e-02  7.93077946e-02
  8.20996910e-02  9.62127075e-02  5.28880535e-03 -1.38912901e-01
 -2.09309403e-02  8.45804736e-02 -8.86156708e-02  3.00876927e-02
  6.01943731e-02 -1.45156354e-01 -7.09270164e-02  2.29758210e-02
  1.97923690e-01  1.45414665e-01 -9.82768685e-02 -1.56154871e-01
  1.06917739e-01 -1.22566700e-01 -8.03993363e-03  4.88445126e-02
 -1.12235561e-01 -1.47177577e-01 -3.10990304e-01  5.03579080e-02
  4.07647938e-01  6.56163767e-02 -2.68812269e-01 -2.21847575e-02
 -1.41778961e-01  2.68184524e-02  9.45629925e-02  1.00557283e-01
  2.77638179e-03 -2.40694731e-02 -1.17153123e-01  3.13670578e-04
  1.82898447e-01 -6.43998981e-02  2.03386843e-02  2.17353776e-01
 -1.00883171e-02  5.21147624e-02  2.54995767e-02  2.59305891e-02
 -2.84949015e-03 -9.94733907e-03 -1.19085751e-01 -1.26178740e-02
  4.59977333e-03 -4.19046283e-02  1.44241005e-03  4.75028716e-02
 -1.74728483e-01  1.37688905e-01  4.50415425e-02  2.66716070e-02
  1.03073917e-01  3.96350734e-02 -6.09598421e-02 -8.80685449e-02
  1.46203622e-01 -2.41987139e-01  2.35988960e-01  2.17473611e-01
 -2.81014778e-02  1.25104681e-01  5.59583083e-02  1.71534419e-01
 -6.59834668e-02  1.70885455e-02 -1.25470057e-01 -7.58176297e-03
  1.06935157e-02  2.02343967e-02  2.19357270e-03  5.60754538e-03]