[-0.09212621  0.1228521   0.13913217 -0.06185669 -0.18359068  0.00077731
 -0.02755827 -0.09541406  0.09234799 -0.0770965   0.23503418 -0.0681429
 -0.18543173 -0.00634572 -0.0238326   0.22604704 -0.19721286 -0.14300698
 -0.04107102 -0.08388434  0.01050322  0.10582206 -0.03778127 -0.03057405
 -0.10013034 -0.37294772 -0.05172703 -0.05220349  0.06725144 -0.04317663
 -0.03527816  0.11572335 -0.13707404 -0.01193191  0.0719737   0.10842665
 -0.07616418 -0.07974287  0.18363087  0.06934448 -0.26305565  0.06245042
  0.06847253  0.28435943  0.24827015  0.02299559  0.01986386 -0.10596403
  0.1236905  -0.19738169  0.03885763  0.14367555  0.03637649  0.04467492
  0.02929531 -0.15697071 -0.00334881  0.0483018  -0.18731201 -0.04266613
  0.14477466 -0.10782602  0.02183189 -0.0800354   0.18757199  0.07259802
 -0.06295466 -0.14515108  0.19563751 -0.11557224 -0.08138654  0.06012195
 -0.13680761 -0.11456785 -0.24695049  0.00239719  0.45919019  0.06634438
 -0.17238037 -0.00599718 -0.01164803 -0.02966797  0.1949672   0.11888096
  0.00330445 -0.06027175 -0.10024716 -0.00798257  0.25748181 -0.06165469
 -0.04647785  0.18356776  0.02708877  0.03922418  0.07024001  0.05939127
 -0.08191033  0.03399865 -0.16952477 -0.06555479 -0.04285095 -0.07054115
 -0.0330222   0.13957988 -0.15844758  0.20241201  0.02967555  0.03410655
 -0.05514112 -0.05025505 -0.04381289  0.017036    0.16722529 -0.19059485
  0.17585438  0.16416411 -0.00896888  0.13767911  0.10937779  0.04265531
 -0.0417096  -0.09106243 -0.21654272 -0.06387501  0.0477247  -0.02800293
  0.0777757   0.05892804]