[-0.15392207  0.09148191  0.06910645 -0.02797117 -0.09068929 -0.08746259
  0.00563737 -0.13527416  0.09679704 -0.03239764  0.26969522 -0.06844248
 -0.20450993 -0.12541477  0.02846089  0.13179386 -0.17411198 -0.09441011
 -0.04744931 -0.02648909  0.02483019 -0.10139974  0.08081422  0.04954205
 -0.07163351 -0.33441687 -0.09344373 -0.09360643  0.04310292 -0.04579582
 -0.04227889  0.07162026 -0.19246589 -0.06711722  0.00111548  0.11377833
 -0.05448904 -0.0401185   0.21379876 -0.09917431 -0.18293776 -0.05123485
  0.0544644   0.21346214  0.25031382  0.03288518  0.02223802 -0.04556597
  0.07739177 -0.16907266  0.03907837  0.12494325  0.06415714 -0.01658827
  0.06366413 -0.13747624 -0.00113596  0.08854049 -0.15344001 -0.0195577
  0.04851234 -0.11845537 -0.05848239 -0.07855862  0.20818238  0.13627723
 -0.06007958 -0.15228212  0.17844073 -0.16407219 -0.0381996   0.0664831
 -0.15218587 -0.17276292 -0.32460073 -0.01389137  0.34055027  0.09898772
 -0.14230111  0.04536458 -0.02625673 -0.02364103  0.11159078  0.06949902
 -0.08825972  0.05250198 -0.15384074  0.01572911  0.17642918 -0.05679757
 -0.03825199  0.15879162 -0.03397032  0.01117204  0.06356343 -0.02444072
 -0.01088814  0.0071128  -0.21515098 -0.02811792  0.06086557 -0.11163814
 -0.0080724   0.08155656 -0.17638829 -0.00240212  0.00204517  0.01517707
 -0.06361914 -0.07151891 -0.13526668 -0.01814566  0.15261368 -0.22516024
  0.19516167  0.18475328  0.00122546  0.10336336  0.11269776  0.04481592
 -0.0089435  -0.03698244 -0.13327889 -0.00564116  0.07410129  0.00943899
  0.11564678  0.03703103]