[-0.11407484  0.0929148   0.07311582  0.00243533 -0.09510078 -0.05602523
 -0.03160223 -0.13601492  0.05341721 -0.02150103  0.30490056 -0.06211996
 -0.21243326 -0.11379886  0.03915603  0.09155965 -0.11037757 -0.06158753
 -0.08062769 -0.014802   -0.00049188 -0.04956532  0.09617297  0.02039194
 -0.06513388 -0.33906379 -0.10322588 -0.10935944  0.06752633 -0.07828829
 -0.08660129  0.07908498 -0.13663256 -0.08293702  0.01868608  0.08331189
 -0.0532813  -0.0668432   0.23202734 -0.03708569 -0.14592065 -0.03170239
  0.02099284  0.26108581  0.24584317  0.01371541  0.03501235 -0.03471885
  0.09212928 -0.17220964  0.09258061  0.09287353  0.15425532 -0.00530188
  0.07524171 -0.12755194 -0.01208353  0.08717649 -0.15586051  0.01828048
  0.04682361 -0.10258108 -0.10135275 -0.12035336  0.19113922  0.1716657
 -0.06514863 -0.1288006   0.14031096 -0.14496259 -0.07598033  0.04078194
 -0.17214213 -0.15438245 -0.29673025 -0.01080256  0.31553078  0.11789139
 -0.2298187   0.0131249   0.01205278 -0.03375937  0.10422897  0.10048378
 -0.0798308   0.04297198 -0.09336898 -0.00773105  0.15969999 -0.07056628
 -0.05818683  0.1917268  -0.02794969  0.04639887  0.09247811 -0.05323703
  0.020385   -0.02364836 -0.17248082 -0.01234977  0.05109139 -0.13437843
 -0.01303002  0.05633662 -0.1906787   0.05330534  0.01557856  0.04766154
  0.02255096 -0.09524904 -0.10372376 -0.01740476  0.18117145 -0.24725926
  0.16069631  0.17549366  0.00951708  0.10325556  0.09754348  0.05135709
  0.01904486  0.00805259 -0.16235647 -0.02578093  0.07521304 -0.00716537
  0.04946941  0.03794366]