[-0.10050564  0.12703733  0.1442631  -0.0314667  -0.10839714 -0.00105512
 -0.0474573  -0.13847096  0.11238368 -0.08966329  0.2062716  -0.04512757
 -0.17345756 -0.07018667  0.0233845   0.19060366 -0.2129271  -0.21060443
 -0.00106499 -0.0494841   0.00138196  0.03908663  0.01917545  0.01795219
 -0.19062293 -0.39090887 -0.09617668 -0.09394162  0.0252554  -0.0309117
 -0.05651566  0.09577755 -0.13169435 -0.03837881  0.09598249  0.16527241
 -0.02866218 -0.0690077   0.15093122  0.0102234  -0.28592822  0.06905743
  0.11340933  0.28116259  0.28269556  0.0299126   0.00270856 -0.06087587
  0.14742419 -0.19686659  0.03098127  0.13204239  0.0711812   0.05488647
  0.08876871 -0.15476391 -0.02398889  0.0705834  -0.16097316 -0.07841004
  0.03860036 -0.090523    0.05113108 -0.06846566  0.17974596  0.09379257
 -0.07526295 -0.13685718  0.19117944 -0.13055016 -0.06907061  0.08502509
 -0.16467945 -0.12431314 -0.25106031 -0.01398105  0.42009193  0.08676375
 -0.17361806  0.05043346  0.00458974  0.006098    0.09070833  0.16564691
  0.01838435  0.01951944 -0.08260687 -0.0251575   0.20625603 -0.04393811
 -0.02452327  0.16838203 -0.00757632  0.06458782  0.10669514  0.04039275
 -0.11316922  0.01718616 -0.22445627 -0.10891779 -0.05458617  0.01933181
 -0.01017549  0.13883582 -0.16070955  0.1508017   0.02611024  0.01502472
 -0.04268508  0.00731237  0.01393604 -0.02361298  0.11888935 -0.26269487
  0.13205373  0.18103525 -0.07090877  0.14429109  0.0698831   0.03160819
 -0.0318628  -0.04285199 -0.16973586 -0.05766865  0.05652702 -0.04362936
  0.05824419  0.01101497]