[-0.09596088  0.07847273  0.09939235 -0.08035936 -0.07851996 -0.02031245
 -0.04043686 -0.14923896  0.13476537 -0.09561422  0.19657385 -0.06869178
 -0.1724837  -0.05990577 -0.00721098  0.21738286 -0.18642054 -0.16132383
 -0.06684685  0.03484361  0.02563972 -0.00957318  0.02769683  0.03928037
 -0.11357874 -0.32036155 -0.10492937 -0.03982801 -0.00366307 -0.03809291
 -0.12494022  0.05421283 -0.18444306 -0.05588478  0.04179061  0.08015591
 -0.0075406  -0.10093158  0.15928923 -0.03723083 -0.28058946  0.07637434
  0.10908028  0.19156316  0.21543634  0.0172453   0.01716    -0.15158542
  0.13781281 -0.15976644  0.03163987  0.10360519  0.07149165  0.04332964
  0.00980411 -0.14422247  0.00323054  0.1483147  -0.08976186  0.00750616
  0.09765904 -0.04808925 -0.0146774  -0.11513221  0.1715046   0.10996815
 -0.10388517 -0.20564225  0.10852764 -0.09361082 -0.07500792  0.05533371
 -0.17082477 -0.15292247 -0.28448331 -0.0397482   0.33246732  0.04280927
 -0.22108527  0.01797556 -0.04337117  0.02118443  0.110558    0.13938141
 -0.01258276  0.00665138 -0.08620273 -0.03112852  0.28228429 -0.04538859
  0.01972492  0.1943249   0.00908742  0.04043487 -0.00474567  0.05102999
 -0.05637917  0.06046627 -0.17501624 -0.00215399  0.00210703 -0.01359859
 -0.03625953  0.15535742 -0.20086978  0.11955412  0.01774394  0.05750955
  0.03953203 -0.0015091  -0.04466607 -0.05555658  0.10876783 -0.20701699
  0.14856054  0.20070016  0.03386901  0.05230546  0.08472574  0.08897691
 -0.01318867  0.03123839 -0.23724866  0.0005897   0.13444921 -0.05427098
  0.05052881  0.03531152]