[-4.37211692e-02  1.11799955e-01  1.01274028e-01 -6.38435930e-02
 -1.66693479e-01  1.39761344e-02  1.00852514e-03 -8.76397491e-02
  1.74561128e-01 -5.12571000e-02  2.22849801e-01 -9.00422484e-02
 -1.78914562e-01 -1.34050837e-02  6.19996354e-05  2.00128943e-01
 -1.77405104e-01 -1.09038346e-01 -9.45671368e-03 -8.08186755e-02
  4.38788310e-02  4.67516929e-02 -2.01492459e-02  4.93528731e-02
 -1.74939618e-01 -3.29241693e-01 -6.03182092e-02 -6.87902719e-02
  4.70838025e-02 -8.80368575e-02 -1.13653215e-02  1.24901153e-01
 -1.29242867e-01 -2.77156420e-02  5.60536757e-02  9.34022143e-02
 -6.88898265e-02 -1.02336980e-01  1.78349435e-01  8.24280530e-02
 -2.50077993e-01  7.55222514e-02  3.65194045e-02  2.87048846e-01
  2.56929904e-01  1.88649055e-02  2.64732726e-02 -9.21053961e-02
  1.77808464e-01 -1.77403763e-01  1.38735045e-02  1.32442310e-01
  4.95500043e-02 -1.16841607e-02  7.90171474e-02 -1.21336937e-01
 -2.98376232e-02  1.14768684e-01 -2.08867833e-01 -1.09682893e-02
  9.31623653e-02 -8.20619389e-02  2.64464915e-02 -9.26788300e-02
  1.72130838e-01  8.67965296e-02 -6.62982538e-02 -1.13558114e-01
  1.99417904e-01 -1.10114016e-01 -7.64584467e-02  8.20117146e-02
 -1.44814149e-01 -1.51504919e-01 -2.36913040e-01 -4.74183494e-03
  4.31378573e-01  6.96255192e-02 -1.93523571e-01  2.13956367e-02
  1.19016087e-02  1.11913383e-02  1.77225709e-01  1.54714271e-01
  2.51767430e-02 -5.61947934e-02 -7.42666423e-02 -2.96392329e-02
  2.35420018e-01 -6.11159466e-02 -2.98438352e-02  2.23357826e-01
  6.32185070e-03  6.41507609e-03  4.00993414e-02 -6.03425503e-03
 -1.09169953e-01  4.26533595e-02 -1.51731372e-01 -1.02906004e-01
 -2.65032258e-02 -3.13334092e-02 -5.87586174e-03  1.14007771e-01
 -2.04711795e-01  1.64576009e-01  3.39971185e-02  2.36424450e-02
 -4.04389761e-02 -3.89709882e-02 -5.12778237e-02  2.71619689e-02
  1.69263244e-01 -2.62326628e-01  1.43718570e-01  1.31156787e-01
 -3.59268859e-02  1.09026395e-01  6.39894977e-02  3.30788456e-02
  1.66181102e-03 -6.41763434e-02 -1.58321843e-01 -3.17099616e-02
  6.03528619e-02 -5.19552641e-02  7.04331174e-02  3.78768751e-03]