[-0.09494006  0.06337475  0.12989885 -0.02685936 -0.1077492  -0.06769259
 -0.0469343  -0.189557    0.11801075 -0.09049042  0.21522963 -0.02987616
 -0.1838554  -0.07948904 -0.03754008  0.22598699 -0.20347138 -0.14782493
 -0.05667527  0.01126515  0.02237119  0.00199555  0.06323424 -0.01797381
 -0.13503189 -0.37368599 -0.11189967 -0.04925476 -0.00079599 -0.00853395
 -0.12451661  0.07219079 -0.16874115 -0.05875074  0.06675982  0.05979909
 -0.02537849 -0.09463402  0.14945051 -0.00343613 -0.30031556  0.09868747
  0.07464275  0.20223764  0.26402128  0.00768373  0.03883805 -0.14355239
  0.13843662 -0.16233046  0.01821177  0.10160232  0.05818444  0.02163911
  0.02357039 -0.11951305 -0.02141318  0.12514183 -0.11050898 -0.0450968
  0.10537445 -0.07975867 -0.04629537 -0.08757481  0.1326174   0.10532387
 -0.10461612 -0.18665206  0.12178818 -0.12112214 -0.05909146  0.02589155
 -0.18083118 -0.15932508 -0.29272684 -0.03718966  0.36554199  0.03978773
 -0.20124137  0.02543251 -0.03579566  0.06086779  0.12546317  0.1519094
  0.01660107  0.01429971 -0.07546591 -0.04039503  0.22145544 -0.07700514
 -0.00825123  0.21744385 -0.00112252  0.05560871  0.0276363   0.04923185
 -0.05933687  0.05339023 -0.15438925 -0.01824273  0.02026735  0.00332624
 -0.00491326  0.12593947 -0.16906236  0.11858516  0.00207395  0.08735863
  0.06776812 -0.04631908 -0.01829106 -0.06599367  0.07340462 -0.23107009
  0.16916835  0.22084239 -0.01135073  0.08109237  0.06983268  0.03428385
 -0.02347814  0.02987206 -0.21369918 -0.01499967  0.10509145 -0.04933245
  0.03210823  0.00235072]