[-0.11373689  0.05788019  0.10997818 -0.09120562 -0.07719257 -0.06424939
 -0.04533764 -0.18359004  0.12972294 -0.10678955  0.21806467 -0.05660724
 -0.1711324  -0.06932368 -0.03472498  0.21935466 -0.19058065 -0.14717697
 -0.07964083  0.03438936  0.01278236  0.01438934  0.03758347  0.02299434
 -0.11647575 -0.33818698 -0.11231822 -0.04680778 -0.00626335 -0.00966374
 -0.1073977   0.07262004 -0.1825422  -0.05067689  0.06342234  0.08519267
  0.00953863 -0.08006682  0.15940838 -0.03417378 -0.29029131  0.08493247
  0.10674378  0.19870575  0.20503591  0.01634151  0.03765771 -0.17218624
  0.14998971 -0.14096975  0.01223883  0.09887283  0.06006522  0.03088389
  0.02122962 -0.13958673  0.00159243  0.15175958 -0.08636135 -0.00514073
  0.10276263 -0.04416366 -0.0297172  -0.10833479  0.1720708   0.08694434
 -0.13489555 -0.17702913  0.10403734 -0.09495588 -0.05782474  0.04777143
 -0.18474589 -0.14782374 -0.29210922 -0.04386179  0.35112733  0.02605882
 -0.21937959  0.0195315  -0.05578256  0.04057131  0.11762314  0.13892451
 -0.0138068   0.02002392 -0.0733166  -0.0305016   0.27524081 -0.05078728
  0.03172634  0.20166503  0.00117233  0.04722258 -0.0170821   0.05687581
 -0.07045563  0.03978948 -0.151197    0.00653819  0.02095581 -0.00546381
 -0.01905896  0.14867263 -0.20072336  0.11803796  0.01580449  0.06680645
  0.06330808  0.00662984 -0.02004365 -0.07690562  0.09082073 -0.2043194
  0.16907094  0.20648292  0.01182281  0.06376737  0.07874339  0.074949
 -0.03702029  0.04748521 -0.20930807 -0.01868165  0.13177036 -0.04967597
  0.06064598  0.00428958]