[-0.0850007   0.07119941  0.10956782 -0.02482346 -0.09985371 -0.05318078
 -0.04141838 -0.20187218  0.10244917 -0.10462324  0.22481203 -0.02426924
 -0.16332088 -0.07977089 -0.02855307  0.21156149 -0.1817324  -0.13407336
 -0.08170936  0.01943897  0.01978403 -0.02048848  0.0453532  -0.01535915
 -0.10356309 -0.35345462 -0.11388323 -0.05585333  0.01909512  0.00332865
 -0.09519014  0.05620279 -0.16358571 -0.06162052  0.04107166  0.02489655
 -0.01935453 -0.08102147  0.17219029 -0.01227827 -0.29523492  0.11203982
  0.06717464  0.18465035  0.26259029  0.00146553  0.05725833 -0.14709167
  0.12733458 -0.15729108  0.01205687  0.0945768   0.06913583  0.02360238
  0.02051944 -0.13521661 -0.02131555  0.13127573 -0.11680601 -0.01994489
  0.0988359  -0.06211519 -0.03761296 -0.06773478  0.13709392  0.11528033
 -0.10113247 -0.17007548  0.1371064  -0.11984216 -0.03460379  0.03118287
 -0.17799734 -0.17160623 -0.28254387 -0.02769663  0.37002     0.06392055
 -0.20587571  0.01036489 -0.05543423  0.06437308  0.15080489  0.12899072
  0.01899912 -0.02353755 -0.05324877 -0.04967451  0.21809743 -0.05587671
 -0.01132422  0.22337063  0.00333858  0.02993178  0.01972353  0.05498365
 -0.04212573  0.03794477 -0.14691363 -0.0072841  -0.00551577 -0.01485224
  0.01043546  0.11685897 -0.17382585  0.11299697 -0.00145023  0.09709705
  0.06098113 -0.02599624 -0.01509027 -0.04912377  0.09146134 -0.21474226
  0.17754659  0.21511011 -0.02925187  0.07949696  0.08548196  0.0532638
 -0.0252196   0.0122004  -0.21096388 -0.01266474  0.09196954 -0.0439917
  0.04105289  0.00649562]