[-0.11660141  0.08222447  0.12235936 -0.07537649 -0.074509   -0.06555915
 -0.05381818 -0.1505729   0.12844583 -0.1101945   0.19793445 -0.07940131
 -0.19313288 -0.07077104 -0.03744261  0.2345378  -0.16914843 -0.14216296
 -0.08363327  0.05635953  0.02172915 -0.00178203  0.03085916  0.02436255
 -0.09151971 -0.34918076 -0.09108519 -0.04091376 -0.02730191 -0.02882705
 -0.10774782  0.06187551 -0.15708688 -0.04902643  0.04544344  0.07314508
  0.01021171 -0.06029273  0.14911054 -0.01781811 -0.30437526  0.05008632
  0.08679072  0.2150573   0.23634373  0.03693684  0.03890261 -0.1667276
  0.14926808 -0.1803797  -0.01786562  0.08765215  0.07403862  0.01359086
  0.01838516 -0.1563191  -0.00170223  0.12846811 -0.08210542 -0.0189006
  0.08061349 -0.04098295 -0.04615263 -0.08471981  0.19276093  0.06401411
 -0.15028566 -0.14384     0.12351389 -0.09897941 -0.03355482  0.03594224
 -0.17095701 -0.15988801 -0.2949242  -0.05984871  0.37080088  0.01831095
 -0.22429363  0.02306813 -0.07099592  0.05223111  0.09833882  0.15503569
 -0.02889992  0.02106063 -0.06940949 -0.04245452  0.25058147 -0.08187516
  0.05042101  0.19844498  0.01439469  0.05930027 -0.02899246  0.03559523
 -0.05579314  0.04777315 -0.15464395 -0.00254507  0.0177559  -0.01532739
 -0.0091064   0.13271876 -0.22663324  0.11786369  0.03820631  0.07165202
  0.07687818  0.01267949 -0.02660612 -0.08731984  0.10074742 -0.19953443
  0.12687655  0.23472229  0.01607679  0.06759991  0.09625041  0.0741529
 -0.00435552  0.05031888 -0.20065732 -0.00129137  0.12269308 -0.05198548
  0.02712918  0.00450355]