[-0.07141045  0.12699823  0.17064534 -0.02198923 -0.11627807  0.04190883
 -0.02558817 -0.1260685   0.13329136 -0.10087409  0.2276074  -0.04495908
 -0.17281723 -0.01604651  0.0333872   0.18402208 -0.18380605 -0.20505817
 -0.01662276 -0.0559681   0.01419884  0.06314977  0.01603799  0.00587157
 -0.18338577 -0.4030647  -0.07599274 -0.08054974  0.04018773 -0.0492996
 -0.0753499   0.08949179 -0.14358498 -0.02190797  0.10058631  0.1602302
 -0.06528016 -0.08017895  0.1517978   0.01959732 -0.28357783  0.09348722
  0.08830958  0.27889261  0.28337839  0.02559664  0.00285116 -0.07557932
  0.11385045 -0.1901347   0.04061894  0.14702366  0.06350081  0.06197535
  0.08631784 -0.16075921 -0.0470875   0.05971285 -0.14844707 -0.05009288
  0.07378515 -0.08764685  0.05573211 -0.08384856  0.17527677  0.08774897
 -0.07921965 -0.14762354  0.17128819 -0.12388071 -0.07367185  0.07363762
 -0.18223463 -0.13945965 -0.22059713 -0.00530595  0.43149686  0.08691426
 -0.1875509   0.04495962  0.00304016  0.02762473  0.10379887  0.16443835
  0.03016301  0.01298937 -0.07230908 -0.00542343  0.20696811 -0.04258492
 -0.04164458  0.18068364 -0.03172961  0.04294314  0.10189316  0.03897464
 -0.1094403   0.02430025 -0.2327375  -0.12047639 -0.08289985  0.00841088
 -0.00873701  0.14864692 -0.17607455  0.16827014  0.00727443  0.02924701
 -0.02121981  0.01680857 -0.01083062 -0.01461787  0.13064803 -0.27974805
  0.14050491  0.18488148 -0.05269212  0.1378666   0.07481407  0.04189337
 -0.01046068 -0.02287603 -0.200156   -0.04824479  0.03842159 -0.02521073
  0.0549435   0.02053953]