[-0.13786273  0.07260811  0.11410803 -0.07445236 -0.07548417 -0.05072446
 -0.060915   -0.1741769   0.07722557 -0.08827303  0.18709989 -0.06285033
 -0.17944548 -0.03557299  0.00117198  0.22760646 -0.18489346 -0.14486144
 -0.07854252  0.00957884 -0.0269373  -0.00731917  0.0279726   0.01607844
 -0.12784204 -0.32895803 -0.09854247 -0.03864083 -0.03264667  0.0393514
 -0.12093008  0.05223298 -0.18050681 -0.03725304  0.07450992  0.12526384
 -0.01347425 -0.09867849  0.13393345 -0.01647658 -0.24916421  0.05308211
  0.11514504  0.21867394  0.25250018 -0.01194671  0.03214146 -0.0850971
  0.12301444 -0.19294523  0.0160502   0.07427052  0.06627714  0.06428274
  0.01797337 -0.16368358  0.03007681  0.12610696 -0.09509053 -0.03884214
  0.06668615 -0.03744623 -0.00779256 -0.07688402  0.21482141  0.14468338
 -0.11811661 -0.17060623  0.12498834 -0.08476899 -0.03739681  0.00285665
 -0.20941643 -0.14579673 -0.28670305 -0.04440525  0.33978808  0.05516216
 -0.22044535  0.01645753 -0.05102405  0.02961176  0.11314253  0.1268615
  0.02661502  0.01907523 -0.07074188 -0.01968635  0.27875447 -0.06830093
 -0.00847191  0.19084349  0.00614135  0.02172333  0.01457077  0.03314883
 -0.0481205   0.02367732 -0.18298393 -0.01409699 -0.02067186 -0.00740656
 -0.0186502   0.15587632 -0.2059077   0.1327416   0.04073561  0.07314355
  0.01652607 -0.00617096 -0.02862648 -0.04981865  0.10187709 -0.19468908
  0.1657019   0.22424622  0.00311179  0.07201242  0.05867782  0.02823795
 -0.00216666  0.06403542 -0.19352935 -0.01669379  0.08199116 -0.04405911
  0.03987309  0.05861024]