[-8.00555870e-02  1.39613912e-01  1.67196587e-01  3.00779045e-02
  3.09313834e-03 -2.85149366e-02  3.86424223e-03 -1.71623170e-01
  1.03991389e-01 -8.36107656e-02  3.21895808e-01  7.15147564e-03
 -1.90583900e-01 -1.44810423e-01  2.81273182e-02  2.13348255e-01
 -1.83383182e-01 -9.35452208e-02 -1.09014407e-01  2.29823273e-02
 -2.23378111e-02 -1.69586148e-02  6.83372021e-02 -3.40932724e-03
 -3.52283195e-02 -3.31524104e-01 -8.72445554e-02 -6.86579570e-02
  6.56577051e-02 -3.94596867e-02 -5.20364009e-02  1.13897445e-02
 -1.67802647e-01 -2.51794755e-02  4.37976383e-02  6.77452236e-02
 -4.51764092e-02 -2.98553109e-02  1.98513269e-01 -1.92468446e-02
 -2.00932890e-01  7.62739265e-03  2.03558523e-02  1.81348100e-01
  2.58280039e-01  2.70132404e-02  1.76985264e-02 -1.19249694e-01
  7.26494342e-02 -2.01045111e-01 -4.05486021e-03  8.87673497e-02
  7.53392205e-02  6.25997037e-02  5.02876946e-06 -1.60248086e-01
 -3.52982283e-02  8.95271301e-02 -1.04148269e-01 -2.19094157e-02
  3.75328921e-02 -1.86031193e-01 -6.15256689e-02  2.04608496e-02
  1.68969095e-01  7.01725259e-02 -1.09637462e-01 -1.30238727e-01
  1.48627624e-01 -1.22183323e-01  1.47502096e-02  6.99597821e-02
 -1.08144544e-01 -1.34791076e-01 -2.65402794e-01  5.01251454e-03
  4.27771419e-01  3.69376689e-02 -2.12501049e-01 -2.97350883e-02
 -1.12075187e-01  5.56930108e-03  8.01786408e-02  1.20422415e-01
 -1.31908571e-02 -5.53591810e-02 -1.15788698e-01 -2.91168932e-02
  1.72165170e-01 -8.57300088e-02  5.33628240e-02  2.11576223e-01
 -4.02385034e-02  5.80535233e-02 -2.55276274e-04 -4.58119391e-03
 -1.60212256e-02  1.92806181e-02 -1.23565756e-01 -7.06723407e-02
 -2.36630980e-02 -4.47930992e-02  2.55221259e-02  7.16699660e-02
 -1.92044094e-01  8.35046396e-02  4.22451459e-02  2.89028026e-02
  1.20445155e-01 -1.60724130e-02 -3.27173248e-02 -9.82085392e-02
  1.39126733e-01 -2.19736144e-01  1.93012089e-01  2.28132635e-01
 -4.00840454e-02  1.04327254e-01  7.40047097e-02  1.51989073e-01
 -3.71627994e-02 -3.16510834e-02 -1.40131995e-01  6.14488148e-04
  3.76399718e-02 -3.85391782e-03  2.01928318e-02 -4.23565358e-02]