[-0.19251059  0.10703774  0.0881038  -0.00256678 -0.0660971  -0.07562238
  0.0344164  -0.09973231  0.09524518 -0.00909292  0.26841423 -0.03400424
 -0.2038338  -0.15104771  0.02805438  0.08808376 -0.13760583 -0.09152108
 -0.03749996 -0.04371053  0.04218538 -0.06475747  0.07375707  0.06157774
 -0.11509249 -0.33288154 -0.08939772 -0.12717839  0.04248738 -0.05610769
 -0.06417302  0.11110709 -0.16734438 -0.09335055 -0.00663306  0.10584059
  0.0075135   0.0231219   0.19002557 -0.08990114 -0.14595351  0.01521648
  0.04513783  0.27636889  0.22210991  0.0316529   0.02645059  0.00095894
  0.06895018 -0.16080177  0.06154529  0.12876445  0.11111531 -0.0112693
  0.07108802 -0.1604439  -0.01093024  0.02904766 -0.13814247  0.03804778
  0.01620711 -0.1030749  -0.05115234 -0.03927594  0.17476565  0.09175123
 -0.04982497 -0.1270213   0.18356802 -0.13141268 -0.00772125  0.07951151
 -0.19145517 -0.16498838 -0.26375622  0.0575735   0.35435417  0.11848401
 -0.1796907   0.08400311 -0.07705482 -0.00771564  0.07979243  0.03675396
 -0.08404253  0.05155614 -0.15179622  0.04864111  0.15320119 -0.02702804
 -0.05926061  0.18696277  0.01228344  0.02943334  0.0926862  -0.03860886
  0.00608802 -0.00118093 -0.2049502  -0.00709425  0.07439228 -0.14773874
 -0.01792545  0.06038962 -0.20072369  0.02700572  0.03120158  0.03938869
 -0.05738604  0.00372678 -0.14339192 -0.00154769  0.15065452 -0.24255589
  0.22722211  0.1953841   0.01166488  0.11689637  0.09932642  0.02115062
  0.02848685 -0.02427909 -0.08572843 -0.03579241  0.10159838 -0.02295435
  0.09418847  0.0640206 ]