[-0.17888978  0.08945284  0.09550309  0.01115795 -0.0809797  -0.10638844
  0.06008455 -0.12810795  0.11868844 -0.03236154  0.28893182 -0.05591486
 -0.20591377 -0.17074853  0.04105515  0.12742282 -0.13738377 -0.08854055
 -0.03674325 -0.03272125  0.0376479  -0.08061358  0.08035278  0.08371568
 -0.06946538 -0.36041474 -0.07650003 -0.14867674  0.03634168 -0.04337528
 -0.06912815  0.10720034 -0.16289727 -0.1042393  -0.03154128  0.11858609
 -0.00638382 -0.00503866  0.1976348  -0.09963708 -0.15929769 -0.03715062
  0.00180788  0.24579652  0.22292057 -0.00327254  0.06995095 -0.02140388
  0.06326187 -0.15739565  0.03339301  0.11009526  0.10635402 -0.02335704
  0.02878993 -0.14718647 -0.02389961  0.03698845 -0.14180157  0.02105184
  0.05696454 -0.11006176 -0.07289252 -0.02794065  0.20375538  0.0962616
 -0.04444972 -0.13071404  0.19575118 -0.15890189 -0.02752285  0.04870094
 -0.20852779 -0.17156383 -0.28659436  0.03931745  0.34199646  0.10224357
 -0.17754199  0.04496642 -0.11329845  0.02490715  0.08689701  0.05434182
 -0.04055064  0.04981311 -0.18019651  0.04489967  0.14562967 -0.07012594
 -0.03872653  0.19638459  0.00859587  0.02708595  0.06039826 -0.04717351
  0.02070315  0.03206962 -0.192376   -0.00394247  0.09060492 -0.10581843
  0.00789706  0.06048035 -0.19994281  0.01973621  0.0035244   0.05213212
 -0.02293807 -0.0382923  -0.14732079 -0.03755452  0.17100017 -0.1785672
  0.19884819  0.20591722  0.02163724  0.11779725  0.08473552  0.04265431
  0.01710501 -0.05057257 -0.13286489  0.01662848  0.09789088 -0.00150594
  0.06611492  0.05751665]