[-9.68403146e-02  7.85843655e-02  1.07399642e-01 -6.97325692e-02
 -1.31160766e-01 -3.83876525e-02 -2.73161810e-02 -1.04353718e-01
  8.07747319e-02 -9.45738330e-02  1.90909788e-01 -6.44750521e-02
 -2.39915714e-01 -4.09745276e-02  5.04704490e-02  1.99428052e-01
 -1.99280411e-01 -2.13529304e-01 -4.74190824e-02 -5.35871461e-02
 -8.44020769e-03  1.46125704e-02  1.18303960e-02  5.33677898e-02
 -1.38449237e-01 -3.75153035e-01 -7.75974020e-02 -5.27401976e-02
  6.62659109e-03 -2.16633063e-02 -3.12305968e-02  1.27887726e-01
 -1.32351801e-01 -1.08976429e-02  1.08358264e-01  1.43543229e-01
 -1.10016698e-02 -1.03400029e-01  1.91634238e-01  4.54161428e-02
 -2.54591793e-01  2.28253771e-02  1.20643258e-01  2.58613676e-01
  2.56210148e-01  3.08871418e-02  2.26062443e-02 -4.52579446e-02
  1.49423435e-01 -2.60749608e-01  5.31354062e-02  1.43484935e-01
  7.31038377e-02  3.18116136e-02  1.36081755e-01 -2.06642300e-01
 -1.15897721e-02  9.19355080e-02 -1.73602536e-01 -5.17182760e-02
  2.16703527e-02 -7.29437619e-02  2.70200707e-02 -1.42523453e-01
  2.09112450e-01  1.20086074e-01 -1.05802052e-01 -9.44900811e-02
  2.37228736e-01 -1.06895879e-01 -8.92654583e-02  2.46189628e-02
 -1.66267738e-01 -1.13128126e-01 -2.62568623e-01 -2.21434738e-02
  3.51995200e-01  1.18241183e-01 -1.83162659e-01  4.78969328e-02
  3.14112492e-02 -1.64285731e-02  4.15242761e-02  1.59327179e-01
 -2.24344488e-02  7.07152812e-03 -6.33023605e-02 -1.29585061e-02
  1.81258693e-01 -8.11118167e-03 -6.34612096e-03  1.94191292e-01
 -1.30285909e-02  4.52051125e-02  9.44328457e-02  1.53120877e-02
 -1.09110914e-01 -3.15877125e-02 -2.36203194e-01 -7.16467798e-02
 -6.70527145e-02 -3.74744795e-02 -1.53728500e-02  1.38660610e-01
 -1.71400324e-01  1.05650485e-01 -8.08811467e-03 -1.55111868e-02
 -1.02608576e-01 -1.27315975e-03 -7.95040280e-03  1.68255344e-02
  8.85636806e-02 -2.50137269e-01  1.44644365e-01  1.78695589e-01
 -4.07390594e-02  1.30047947e-01  5.96313253e-02  2.39936858e-02
 -3.58701131e-04 -5.59990518e-02 -1.70700461e-01 -8.60986039e-02
  5.38465045e-02 -3.63160446e-02  3.17242667e-02  5.88619001e-02]