[-1.26273543e-01  8.37523714e-02  8.58073831e-02  2.47509331e-02
 -8.40419158e-02 -6.49030954e-02 -1.44712627e-04 -1.32277966e-01
  6.88036233e-02 -2.40094606e-02  2.92254299e-01 -6.31024912e-02
 -2.30956197e-01 -1.18220665e-01  7.31678158e-02  1.04467489e-01
 -1.07390359e-01 -8.81163105e-02 -9.21308324e-02  1.12230768e-02
  1.05250739e-02 -7.84785897e-02  1.12171285e-01  1.14924368e-02
 -7.25028887e-02 -3.94765437e-01 -1.21412173e-01 -1.37948781e-01
  6.20321035e-02 -5.23186922e-02 -4.68306206e-02  6.16771057e-02
 -1.24632850e-01 -7.33707473e-02 -5.95584512e-04  7.53934532e-02
 -4.90531921e-02 -6.99097663e-02  2.54894853e-01 -4.24944833e-02
 -1.84209585e-01 -5.66485301e-02  1.34450318e-02  2.34941438e-01
  2.23832041e-01  2.81986129e-02  7.48298094e-02 -1.88012924e-02
  6.18907325e-02 -1.83433548e-01  9.30801257e-02  8.45583305e-02
  1.42274097e-01  6.54900307e-03  7.99785703e-02 -1.26746640e-01
  4.53443034e-03  7.49198571e-02 -1.76344708e-01  1.87720843e-02
  5.49573191e-02 -1.10044383e-01 -9.15415585e-02 -6.91986457e-02
  2.05819637e-01  1.69472799e-01 -5.11854887e-02 -1.05189182e-01
  1.55159935e-01 -1.55840456e-01 -4.70619388e-02  3.22386995e-02
 -1.80140048e-01 -1.60757884e-01 -2.85864830e-01 -2.76577170e-03
  3.39825928e-01  9.31304693e-02 -2.04497501e-01  2.95741309e-04
 -4.38018050e-03 -2.76676062e-02  9.61666629e-02  9.65665802e-02
 -7.49325678e-02  2.51021776e-02 -1.13117330e-01 -4.32738569e-03
  1.62432209e-01 -9.05282125e-02 -2.20395066e-02  1.92271858e-01
 -2.36581545e-02  3.30645666e-02  8.42890963e-02 -4.77564707e-02
  2.62765344e-02 -1.02347052e-02 -1.42955586e-01 -3.20234080e-03
  7.19687268e-02 -1.22895502e-01 -1.03857298e-03  2.67699491e-02
 -1.94716305e-01  2.99151745e-02  8.19640514e-03  2.60319095e-02
  3.21388654e-02 -8.24316740e-02 -1.06100477e-01 -5.01275249e-02
  1.82797536e-01 -2.15167791e-01  1.58358678e-01  2.00650454e-01
 -2.77466811e-02  1.04849435e-01  7.97117800e-02  7.44255260e-02
  1.09903887e-02  5.81104821e-03 -1.71414047e-01 -4.66685463e-03
  7.56917447e-02  1.68617424e-02  2.06732284e-02  3.60011943e-02]