[-0.1538804   0.03599732  0.07206747 -0.03214181 -0.10316672 -0.08470366
  0.00085255 -0.15356469  0.07481539 -0.0218445   0.26484796 -0.03843834
 -0.20497926 -0.13333927  0.06154504  0.11531532 -0.10214704 -0.08918739
 -0.12032076 -0.00857089 -0.02523862 -0.09519864  0.09498534  0.04911106
 -0.10059001 -0.34432814 -0.13570231 -0.12352365  0.00749831 -0.0578143
 -0.07667878  0.06393233 -0.15292247 -0.06881445 -0.00944058  0.08039879
 -0.08519884 -0.07833422  0.24181671 -0.03594949 -0.17008023 -0.03923301
  0.03709647  0.21263066  0.24594668 -0.00724234  0.05611727  0.00321433
  0.09631225 -0.19555971  0.08922002  0.10157897  0.14965175  0.00335024
  0.07366224 -0.12302015  0.02836674  0.09993298 -0.22824994  0.02215269
  0.04330106 -0.13098858 -0.13270187 -0.06177474  0.17789708  0.24528313
 -0.04905839 -0.14701502  0.18298428 -0.15379904 -0.02961179  0.00615452
 -0.19543488 -0.19740437 -0.29640052 -0.00131342  0.28793606  0.12592159
 -0.20196889  0.0139881  -0.04350516 -0.01693387  0.05931205  0.01461865
 -0.1007477   0.03416893 -0.12460551  0.01526401  0.15349019 -0.06987373
 -0.01459621  0.19824708  0.00172433 -0.0129722   0.09093191 -0.04868495
  0.00848207 -0.01375701 -0.17295484  0.01857433  0.07111271 -0.14738551
  0.02437817  0.01504531 -0.19880694  0.06504913  0.02277872  0.00879893
 -0.03728079 -0.09960449 -0.16095695 -0.02644522  0.1764521  -0.20957473
  0.2020707   0.1821721   0.00848869  0.10900779  0.0905791   0.04203011
 -0.01256542 -0.00215617 -0.12983914 -0.0063166   0.09379571  0.00806763
  0.06545083  0.08058984]