[-0.11527189  0.06853107  0.0730673  -0.01360167 -0.10701834 -0.0684032
 -0.01114792 -0.12615941  0.04960442 -0.02662973  0.28371474 -0.04274481
 -0.22008348 -0.12642822  0.04891155  0.10638324 -0.12212747 -0.09649384
 -0.06821542  0.01326728  0.02559516 -0.03604698  0.09405573  0.03151898
 -0.05625702 -0.36198393 -0.10962297 -0.11542907  0.04003889 -0.07289846
 -0.06935039  0.08281162 -0.12324583 -0.0502805   0.01960786  0.0565389
 -0.04832378 -0.04483933  0.26644078 -0.04799671 -0.19246082 -0.03331414
  0.04179212  0.26594105  0.24148881 -0.01022904  0.0407387  -0.02312005
  0.08299839 -0.16518365  0.1101964   0.1121902   0.16821204  0.00892571
  0.06158068 -0.12743187 -0.0041217   0.1031945  -0.17193912  0.03872019
  0.046471   -0.14822339 -0.07631528 -0.08548256  0.19501404  0.1343447
 -0.06182435 -0.14605455  0.14463454 -0.14045657 -0.08857809  0.02737927
 -0.20076151 -0.16020654 -0.29927814 -0.02015123  0.29557592  0.10380667
 -0.23905526  0.04256326 -0.01796564 -0.03889287  0.08890487  0.08920474
 -0.07292195  0.04202984 -0.12575381  0.00987901  0.16774639 -0.08485986
 -0.04009745  0.20401762 -0.0103507   0.03163691  0.09860469 -0.0434823
  0.03118014 -0.01492792 -0.18083511 -0.01000897  0.03953993 -0.1526255
 -0.00520886  0.05610292 -0.21815728  0.07269945  0.02626305  0.04478698
 -0.0057214  -0.0822589  -0.11106652 -0.02718482  0.17152067 -0.22273862
  0.19865568  0.1779006   0.04022419  0.11790093  0.08081333  0.04490874
 -0.00261907 -0.0283076  -0.16433941  0.00054854  0.10321067  0.0193583
  0.07602827  0.07508969]