[-0.09197059  0.07270732  0.07789811 -0.00147342 -0.08614859 -0.05225573
 -0.01920053 -0.13337754  0.04295856 -0.0083531   0.3048366  -0.06216387
 -0.22601223 -0.12236383  0.04310896  0.09136552 -0.09718508 -0.06357148
 -0.08491804  0.00522414  0.00507462 -0.04248722  0.11329842  0.01238806
 -0.06077589 -0.36044121 -0.11398929 -0.12662193  0.06178081 -0.06076675
 -0.05778901  0.0926223  -0.11449503 -0.06211094  0.02215319  0.07706007
 -0.07978541 -0.08380324  0.25969446 -0.03282638 -0.16125326 -0.03374031
  0.02116736  0.25326893  0.2327812   0.00620461  0.06593107 -0.03456765
  0.09728226 -0.17326899  0.11436351  0.08824717  0.17425613  0.00641694
  0.09348522 -0.12545425  0.01727449  0.09927671 -0.20199518  0.02975653
  0.05399077 -0.11359209 -0.10838717 -0.10751408  0.17762884  0.17243294
 -0.06978332 -0.12716992  0.15855844 -0.13786875 -0.07394029  0.05688792
 -0.18581434 -0.16915295 -0.29676825  0.00399281  0.31758836  0.12004824
 -0.21567829  0.01327678  0.03765136 -0.02503434  0.10058705  0.10212417
 -0.09190332  0.02584474 -0.09677216 -0.0070656   0.133094   -0.0765025
 -0.06998853  0.19016552 -0.02686684  0.04274514  0.09435063 -0.04030433
  0.03448285 -0.00495997 -0.16124763  0.01056066  0.06798553 -0.14324933
 -0.00558934  0.03193853 -0.17859481  0.06285736  0.00588925  0.03987222
  0.02447044 -0.11441877 -0.11413034  0.00201466  0.180245   -0.26581684
  0.16736904  0.16246726  0.01293923  0.10695928  0.09720337  0.05488174
  0.01791218 -0.01919648 -0.19020779 -0.02803651  0.09302139  0.01416998
  0.04642367  0.04627246]