[-0.10443547  0.09043743  0.14869069  0.00431762 -0.09054808 -0.05326895
 -0.01202743 -0.16969852  0.12543264 -0.1240222   0.28389242 -0.04452935
 -0.2336279  -0.11798324 -0.0226136   0.22815132 -0.19371618 -0.09527832
 -0.07543381  0.0064811   0.05132812 -0.03979402  0.03540639 -0.02195361
 -0.09396864 -0.40889731 -0.06859972 -0.07291563 -0.02847319 -0.01696879
 -0.0955912   0.05816254 -0.19361885 -0.107179    0.01382445  0.07912306
 -0.06182284 -0.0595799   0.13610758 -0.03825492 -0.25463793  0.03837569
  0.0754431   0.18918431  0.19584762  0.04952195  0.05974316 -0.15299825
  0.11636107 -0.1671064   0.01351117  0.07863292  0.07802299  0.03997657
  0.05751134 -0.15914245 -0.02087577  0.09086313 -0.12338312 -0.0092371
  0.08916163 -0.10955862 -0.03778275 -0.09127709  0.18374811  0.08322906
 -0.086051   -0.12138883  0.13518335 -0.12208617 -0.03068594  0.02084721
 -0.14792256 -0.19422023 -0.31859252 -0.02129169  0.36460933  0.07711345
 -0.19745807 -0.01582309 -0.04271026  0.01573261  0.16402417  0.18383308
  0.06474906  0.03171651 -0.0690211  -0.01892943  0.18749681 -0.09946267
  0.00336854  0.22646783 -0.01628393  0.02544498  0.00543225 -0.01883224
 -0.08857836  0.050805   -0.16725866 -0.03234357  0.0004521  -0.02337196
 -0.00435545  0.05029118 -0.14928739  0.0477314   0.00149202  0.06209984
  0.05426016 -0.07122885 -0.0644445  -0.08492043  0.09963258 -0.21296899
  0.19221811  0.21987168 -0.02495612  0.12562056  0.08949941  0.06864648
 -0.00640296 -0.01492275 -0.20007303 -0.00245513  0.10707038 -0.02864992
  0.06382278 -0.03246282]