[-0.10263168  0.08889552  0.11050435 -0.02325753 -0.05788199 -0.03519167
  0.00084543 -0.16260782  0.13165064 -0.12458209  0.24436168 -0.09438899
 -0.24548955 -0.13901733 -0.00336431  0.25075328 -0.19582455 -0.14687072
 -0.04475541 -0.00989394  0.03306475 -0.0297329  -0.02064805  0.037456
 -0.1385487  -0.42079097 -0.09135833 -0.07158494 -0.03531181 -0.0456384
 -0.08764678  0.1048156  -0.1910864  -0.075998    0.03428633  0.11647687
 -0.04183708 -0.06896082  0.13995372 -0.00229228 -0.2513122   0.01137165
  0.07945568  0.22095607  0.20745869  0.07069602  0.03181308 -0.07067943
  0.12647034 -0.18577315 -0.00494535  0.10852941  0.0692766   0.06762591
  0.00438027 -0.18623352 -0.02615726  0.0917834  -0.1634016  -0.0359686
  0.04891391 -0.13571469 -0.02939807 -0.05545469  0.20321052  0.08837548
 -0.12301425 -0.10468029  0.19083472 -0.1563075  -0.00922094 -0.00748355
 -0.1622469  -0.17876035 -0.31588808 -0.00300663  0.33876356  0.06981729
 -0.17970487 -0.01254305 -0.01275434  0.03191927  0.11881944  0.18971245
  0.04729928  0.01573736 -0.04921402 -0.02984555  0.20287259 -0.04074957
  0.0066328   0.22878161 -0.04529064  0.04378159  0.01102233 -0.00526811
 -0.06756933  0.02373739 -0.12362125 -0.00058491 -0.01637729 -0.0319749
 -0.0198609   0.11642603 -0.16720977  0.12064081  0.0071525   0.07016652
  0.01461747 -0.02908781 -0.06449443 -0.07254546  0.11357584 -0.22254615
  0.17842019  0.24077097 -0.03152859  0.12053657  0.06919382  0.06413516
 -0.00074865 -0.03608208 -0.24148536 -0.03678447  0.11755885 -0.07181892
  0.04660834 -0.02486737]