[-0.16051765  0.08848947  0.10818639 -0.01727687 -0.05130695 -0.05647729
  0.0102496  -0.14728644  0.1002171  -0.10415896  0.23403369 -0.08071194
 -0.23395751 -0.10784521 -0.04556939  0.24817085 -0.16532457 -0.13692497
 -0.05644409  0.03643198  0.07843226  0.00341419  0.00067868  0.01133323
 -0.07066041 -0.35619873 -0.09155363 -0.01880345 -0.00100301 -0.03320397
 -0.06194849  0.0341298  -0.19122674 -0.07821609  0.05821462  0.10478558
 -0.05212433 -0.06799196  0.16985099 -0.01706634 -0.27136129  0.00973667
  0.10696694  0.24065402  0.19090347  0.07715875  0.01344656 -0.16565895
  0.09488945 -0.19614673 -0.0108521   0.08743649  0.08687227  0.06236965
 -0.01575987 -0.18311074  0.01897805  0.09342834 -0.15456606 -0.01594081
  0.05096801 -0.12032983 -0.03215177 -0.04360117  0.19589649  0.03344268
 -0.13790189 -0.15265886  0.13737793 -0.14841016 -0.0212658   0.05810236
 -0.11235815 -0.20386    -0.32196924 -0.01803654  0.37573442  0.04361382
 -0.1807712   0.03847316 -0.02573986  0.01827307  0.13760088  0.20152321
  0.010148    0.02609738 -0.0785115  -0.0378307   0.21855409 -0.09298705
 -0.00326107  0.2110831  -0.00179434  0.04868887  0.0061008   0.04374654
 -0.04780851  0.05711738 -0.12648045 -0.03188999  0.0379369  -0.03424417
  0.01268499  0.10397408 -0.19053717  0.11558419  0.02031439  0.05307328
  0.05417453 -0.06105021 -0.07542849 -0.06654664  0.09281969 -0.24361466
  0.19128619  0.25016716 -0.02056148  0.11904323  0.13288353  0.07499866
  0.02876881  0.00115403 -0.20589505 -0.01025671  0.1231217  -0.04193148
  0.0808043  -0.02017182]