[-0.07983396  0.11299224  0.09418356 -0.03596274 -0.06438208 -0.0088927
 -0.03375673 -0.13907026  0.13503359 -0.14416628  0.28438863 -0.05339416
 -0.20885339 -0.15291159 -0.01587311  0.21153264 -0.20824786 -0.10017996
 -0.06328444  0.0340587   0.04815116 -0.02604724  0.03183405  0.00631721
 -0.08239162 -0.40998092 -0.07459138 -0.09031881 -0.01108409 -0.06081812
 -0.08838934  0.05182624 -0.1579026  -0.08353748 -0.02249777  0.06153573
 -0.02321116 -0.03843002  0.14426146  0.00924619 -0.26783738  0.02248809
  0.03381871  0.23421077  0.20868292  0.0680274   0.03133025 -0.11549997
  0.10709685 -0.17631516  0.02432894  0.07574408  0.05259386  0.01932362
  0.03202205 -0.1446797  -0.02266251  0.086191   -0.14662802 -0.01908545
  0.08277246 -0.09580933 -0.01915192 -0.06555854  0.20840271  0.10928985
 -0.0882301  -0.13853477  0.15948831 -0.13069783 -0.04107908  0.03984308
 -0.13085051 -0.17023705 -0.2858628  -0.01613971  0.37203822  0.09370875
 -0.18540633 -0.0339999  -0.05579838 -0.01589283  0.18125841  0.17592059
  0.0550056   0.01329639 -0.07174849 -0.03700826  0.18837219 -0.05880748
 -0.00946301  0.22513583 -0.01860634  0.02910311  0.02041036 -0.01037415
 -0.07242723  0.08274094 -0.16208629 -0.01766472 -0.00552381 -0.03646287
 -0.01673     0.08084545 -0.14456414  0.09650315  0.0157838   0.05428176
  0.06167144 -0.03831713 -0.05631877 -0.07798122  0.12630378 -0.20747359
  0.16274972  0.20758212  0.02957448  0.11727865  0.09940172  0.0865484
 -0.00642789 -0.04173685 -0.24597739 -0.00597986  0.09410124 -0.04827356
  0.07005329 -0.02350637]