[-1.39960006e-01  7.21582472e-02  1.24395587e-01 -7.74609968e-02
 -3.42274904e-02 -4.07342725e-02 -1.55911304e-03 -1.67537734e-01
  1.16566025e-01 -1.34200081e-01  2.20875174e-01 -1.08963422e-01
 -2.08300427e-01 -4.97170947e-02 -4.04117964e-02  2.28271246e-01
 -1.71735078e-01 -9.57342759e-02 -1.06771849e-01  2.23634485e-02
  1.85952242e-02 -3.15119629e-03 -1.90063752e-02  1.20879710e-02
 -9.25024897e-02 -3.70588273e-01 -9.73766744e-02 -3.52778248e-02
  1.03189854e-03  1.73086452e-03 -6.57188818e-02  4.41024564e-02
 -1.75691068e-01 -7.40344673e-02  2.33542491e-02  9.90105048e-02
 -7.74532929e-02 -7.61393234e-02  1.41305864e-01 -2.16395110e-02
 -2.70064503e-01  4.56813164e-02  9.90829840e-02  2.43927345e-01
  2.14842826e-01  5.79862185e-02  2.96035148e-02 -1.56670481e-01
  1.33613765e-01 -2.23215267e-01 -3.85020685e-04  6.47333637e-02
  6.18241206e-02  8.40763375e-02  1.50090670e-02 -1.63309559e-01
  2.59540528e-02  1.29252538e-01 -1.73293754e-01  1.73780657e-02
  8.62336382e-02 -8.28369409e-02  9.48314555e-04 -5.35387881e-02
  2.01698020e-01  1.01468720e-01 -1.55106023e-01 -1.27766281e-01
  1.31334350e-01 -1.46526009e-01  1.98718291e-02  2.87419315e-02
 -1.34936243e-01 -1.98998287e-01 -3.26678365e-01 -2.99976929e-03
  3.63828391e-01  7.18732625e-02 -1.51060089e-01 -1.48595963e-02
 -5.01350351e-02  2.08703429e-02  1.57402068e-01  1.64409935e-01
  2.05825898e-03 -2.17023063e-02 -3.11293043e-02 -2.42807716e-02
  2.42874742e-01 -6.88444376e-02  1.97075307e-04  2.16640830e-01
 -1.66947469e-02 -4.11833543e-03 -3.18275057e-02  6.04339913e-02
 -1.13480806e-01  4.00017947e-02 -1.37883455e-01  2.82271206e-03
  9.72563680e-03 -3.01007573e-02  2.23526247e-02  1.28909647e-01
 -1.98701903e-01  1.75990924e-01  1.14084184e-02  5.93355559e-02
  7.44379386e-02 -4.60522361e-02 -5.91938384e-02 -5.99915497e-02
  1.27729818e-01 -2.01208666e-01  1.71137497e-01  2.32928425e-01
  1.73794199e-02  1.01820849e-01  1.10723376e-01  4.64698114e-02
  4.16187057e-03  4.06329930e-02 -2.17320353e-01  2.08750367e-03
  1.10671334e-01 -4.42442857e-02  7.02231973e-02 -8.82618316e-03]