[-1.24010324e-01  6.44687638e-02  1.36466905e-01 -2.61299144e-02
 -8.01533982e-02 -7.82033652e-02 -3.04473788e-02 -1.74268693e-01
  1.21083431e-01 -9.42771956e-02  2.38399193e-01 -4.86343466e-02
 -2.03751907e-01 -1.16286017e-01 -3.52226235e-02  2.50005901e-01
 -1.96837053e-01 -1.05337501e-01 -7.56825730e-02  2.35591661e-02
  5.46338074e-02  6.10875525e-03  4.60928679e-02 -6.94811388e-05
 -9.17920023e-02 -3.93225491e-01 -9.82733592e-02 -5.08384816e-02
 -5.27832285e-03 -2.73294002e-02 -8.70302990e-02  5.26116788e-02
 -1.87533349e-01 -1.13080084e-01  8.34651068e-02  1.01356521e-01
 -4.29973304e-02 -6.96541891e-02  1.41385704e-01 -5.04479893e-02
 -2.77674049e-01  1.08286296e-03  1.14374675e-01  1.95948824e-01
  2.07736477e-01  6.31458983e-02  2.37615947e-02 -1.70869768e-01
  1.15865245e-01 -1.94743633e-01 -1.54901005e-03  6.77604824e-02
  4.30243574e-02  6.17100559e-02  3.53288390e-02 -1.58622086e-01
  3.02131288e-03  1.21883057e-01 -1.59091383e-01 -2.25161985e-02
  6.11638315e-02 -1.03148125e-01 -3.72907780e-02 -6.57251105e-02
  1.92654356e-01  7.62423128e-02 -1.35125145e-01 -1.52694032e-01
  1.24083243e-01 -1.33739069e-01 -5.20043168e-03  5.15356362e-02
 -1.27001107e-01 -1.97217062e-01 -3.19793671e-01 -6.59850761e-02
  3.99871588e-01  4.89529446e-02 -2.05081984e-01 -1.24128824e-02
 -6.01261631e-02  2.95365020e-03  1.40933141e-01  1.70175150e-01
  4.79088575e-02  4.65231650e-02 -6.11467250e-02 -1.52384555e-02
  2.07483217e-01 -9.58443061e-02  2.19790768e-02  2.44046018e-01
 -1.07739288e-02  6.61372542e-02 -1.18837215e-03  5.11097498e-02
 -8.17535892e-02  5.52570224e-02 -1.67416215e-01 -3.88959348e-02
  3.06346249e-02  1.39008882e-02  3.29171307e-02  1.02502942e-01
 -1.53663084e-01  1.01950064e-01  3.01277786e-02  6.38281703e-02
  6.61188588e-02 -6.71153590e-02 -6.26638532e-02 -1.02648489e-01
  1.08369604e-01 -2.25949004e-01  1.89194486e-01  2.36104250e-01
 -2.29913034e-02  1.14106052e-01  7.72462711e-02  5.71384206e-02
  2.56135757e-03 -2.89754663e-02 -1.94759116e-01  2.24931836e-02
  1.10763311e-01 -5.94842434e-02  5.75009547e-02 -3.63455229e-02]