[-1.57401115e-01  1.68482050e-01  2.38502901e-02 -1.97364725e-02
 -1.22723952e-02 -6.77169040e-02  7.22028762e-02 -1.53630599e-01
  1.49701864e-01 -1.55636491e-02  3.11708570e-01 -1.94929242e-02
 -2.41048291e-01 -2.09223822e-01  6.00359924e-02  1.11672603e-01
 -1.69196710e-01 -7.80290365e-02 -1.07665531e-01 -7.78056383e-02
  3.38924321e-04 -2.45868857e-03  6.53077140e-02  7.12210014e-02
 -8.21442008e-02 -2.82824039e-01 -5.64675592e-02 -1.62718788e-01
  1.60957333e-02 -1.04772724e-01  6.34060279e-02  9.60998982e-02
 -1.58661634e-01 -9.33282003e-02 -1.25113400e-02 -5.90507034e-03
 -2.99652829e-03  3.66743915e-02  1.73808813e-01 -2.79756095e-02
 -1.42131850e-01 -7.07422122e-02 -1.02449292e-02  2.76885003e-01
  1.94529831e-01 -1.32018197e-02  6.77227229e-03 -2.78202780e-02
  9.76306498e-02 -1.39436096e-01 -4.54890393e-02  8.26600268e-02
  1.11889236e-01 -2.94245463e-02  3.45256999e-02 -1.57319561e-01
 -2.57017892e-02  5.66100590e-02 -2.27042913e-01  1.20580299e-02
  2.95845158e-02 -1.68683156e-01 -1.37184575e-01 -1.20161287e-03
  1.56524703e-01  9.94598493e-02 -7.38300905e-02 -1.55129030e-01
  2.03141496e-01 -1.26106218e-01 -2.07376410e-03  1.40394121e-01
 -1.30506784e-01 -1.69579133e-01 -2.29632571e-01  1.02282111e-02
  3.62198472e-01  4.91556711e-02 -1.61335990e-01 -1.54994824e-03
 -1.04824364e-01  1.22038787e-02  4.59775142e-02  5.36027253e-02
 -7.09216893e-02  3.39642330e-03 -1.06536590e-01  1.51684303e-02
  8.54184479e-02 -2.26767883e-02 -6.47872016e-02  2.18126491e-01
 -3.50530893e-02  7.72303203e-03  5.30911870e-02 -5.56312464e-02
 -4.84215841e-03  3.63333412e-02 -1.04372002e-01 -1.31819220e-02
  3.60068046e-02 -1.29413992e-01  2.40158923e-02  1.65460985e-02
 -1.40132472e-01  9.77329835e-02  5.87655865e-02  7.35676736e-02
 -2.12862995e-02 -1.38121517e-02 -5.86655326e-02 -1.64757986e-02
  1.55786276e-01 -2.60701418e-01  2.18969658e-01  1.57765716e-01
 -2.51738224e-02  1.21630907e-01  6.37837220e-03  5.67993224e-02
 -2.17952263e-02 -3.73751298e-02 -1.24922849e-01 -3.37983519e-02
  8.20852295e-02 -4.95951809e-02  6.32462054e-02 -3.43648456e-02]