[-1.53459311e-01  1.62379175e-01 -1.39913894e-03 -3.93368676e-02
 -2.41047107e-02 -6.60258159e-02  6.34593293e-02 -1.47996351e-01
  1.45060673e-01 -3.16612585e-03  2.89480507e-01 -2.40642112e-02
 -2.42225081e-01 -1.97991163e-01  4.42079119e-02  1.06889404e-01
 -1.57988399e-01 -6.19707182e-02 -1.01760805e-01 -7.88242370e-02
  1.59371237e-03  1.32818287e-03  6.65237829e-02  7.10397884e-02
 -8.12923610e-02 -2.81875074e-01 -5.46244457e-02 -1.38668895e-01
  3.79107217e-03 -9.48871970e-02  5.86586073e-02  1.21990025e-01
 -1.59926027e-01 -1.00454487e-01  6.47807866e-03  1.18016975e-03
 -2.36135814e-02  3.94870453e-02  1.71436697e-01 -3.41812484e-02
 -1.17168210e-01 -6.53164238e-02  7.77818356e-03  2.86178797e-01
  1.88990340e-01 -9.06969421e-03  6.97635487e-03 -2.96027660e-02
  9.11730081e-02 -1.35099828e-01 -5.24658971e-02  8.40491429e-02
  8.86426866e-02 -1.86123475e-02  5.20619266e-02 -1.44919589e-01
 -1.01966411e-02  7.32091591e-02 -2.35007986e-01  4.35135933e-03
  8.86741001e-03 -1.59920484e-01 -1.38992280e-01 -2.83426475e-02
  1.54022619e-01  1.12197138e-01 -6.44761473e-02 -1.64027557e-01
  1.88230380e-01 -1.31139383e-01 -1.06360754e-02  1.29291818e-01
 -1.22804403e-01 -1.69970945e-01 -2.28182361e-01 -4.59246058e-03
  3.35735768e-01  7.58909434e-02 -1.54505551e-01  1.30159585e-02
 -6.74861297e-02 -4.76554735e-03  6.81975335e-02  3.62656005e-02
 -7.87109137e-02  7.22040376e-03 -8.51507261e-02  2.01088618e-02
  8.71417373e-02 -1.38457119e-02 -7.72211179e-02  2.06106856e-01
 -2.81867329e-02  1.91173924e-03  6.03298321e-02 -6.21931665e-02
 -6.75754948e-03  4.18095514e-02 -1.20036498e-01 -7.96827953e-03
  3.73891778e-02 -1.40914321e-01  3.27611640e-02  2.15235054e-02
 -1.38565496e-01  9.97758880e-02  5.59126846e-02  7.22290501e-02
 -3.61796506e-02 -1.50314188e-02 -6.45987019e-02  2.22557574e-03
  1.46415159e-01 -2.75038719e-01  2.31429696e-01  1.51634082e-01
 -3.04013174e-02  1.21830322e-01 -2.09775200e-04  4.11313251e-02
 -1.92709472e-02 -2.71721687e-02 -1.10445738e-01 -4.42893542e-02
  8.97323117e-02 -4.45505753e-02  8.10731202e-02 -3.40988562e-02]