[-0.16406831  0.16146137  0.03044774 -0.02184985 -0.01453514 -0.07378379
  0.07791843 -0.15397984  0.13865136 -0.01228434  0.3064521  -0.02349122
 -0.24298361 -0.20355248  0.04994921  0.10966881 -0.14493281 -0.07007295
 -0.10501162 -0.07646435  0.02047525  0.00468021  0.04303457  0.07675161
 -0.08705743 -0.27227813 -0.06623403 -0.14666322  0.01381632 -0.0959212
  0.04120401  0.11700346 -0.15198103 -0.09815975  0.0051779   0.00619989
 -0.00198664  0.03860296  0.15631019 -0.03582754 -0.13857661 -0.06182396
  0.00276037  0.27277002  0.17020351 -0.012109    0.01998658 -0.02590572
  0.09988292 -0.13175622 -0.04253334  0.08335572  0.11888479 -0.02155754
  0.04782594 -0.16259935 -0.02760432  0.0772441  -0.22963117  0.02427105
  0.02387643 -0.17685077 -0.1455494  -0.01975846  0.1394348   0.11259278
 -0.07539294 -0.16816035  0.20118359 -0.1305176  -0.00558024  0.14006093
 -0.12869115 -0.16816321 -0.21480778  0.01847751  0.35982957  0.06593283
 -0.16965166  0.01643948 -0.08706997  0.01287497  0.06010104  0.05167587
 -0.0666987   0.02167522 -0.09659212  0.00969295  0.08845033 -0.01302494
 -0.05570052  0.21761397 -0.03270603  0.01202066  0.0545221  -0.06863006
 -0.0071101   0.03013852 -0.09372967 -0.01141946  0.03019346 -0.13934484
  0.021601    0.01052642 -0.1357269   0.10432184  0.04990479  0.08730974
 -0.03155519 -0.01480829 -0.05533591 -0.00066135  0.14226606 -0.27140686
  0.22149649  0.14578106 -0.03631889  0.11887097  0.00646018  0.05446548
 -0.00448475 -0.04302038 -0.12184157 -0.04438689  0.10918782 -0.06889912
  0.0642144  -0.04658953]