[-0.13721918  0.1450001  -0.00268951 -0.04817212 -0.0423539  -0.08310837
  0.06370715 -0.14970456  0.09576017  0.02606632  0.2910454   0.01024685
 -0.19763659 -0.22032313  0.06177101  0.11002338 -0.17175527 -0.07848149
 -0.13122356 -0.00707137 -0.01335469 -0.01969795  0.10600013  0.05970426
 -0.06648603 -0.30487034 -0.05636666 -0.09269135  0.0180656  -0.05661138
  0.07632972  0.10604335 -0.21939555 -0.11546344  0.01554141  0.05138753
 -0.04818482  0.04516633  0.2258981  -0.00249724 -0.16253601 -0.03744667
  0.01011466  0.27291152  0.24990676  0.00573062  0.01997793 -0.0160741
  0.09228735 -0.17080386 -0.0033058   0.0957434   0.10547318 -0.00143194
  0.01899721 -0.12110039  0.02034356  0.10637195 -0.20935486 -0.01754129
  0.01917498 -0.16763416 -0.09134626 -0.00418891  0.17782514  0.08613576
 -0.06001241 -0.13804403  0.1753227  -0.1130479  -0.01434071  0.13478951
 -0.13696463 -0.1636271  -0.2846137   0.02502371  0.34099823  0.08281677
 -0.17675179 -0.02122942 -0.06392457  0.01947662  0.0842975   0.05212785
 -0.06618507  0.00385804 -0.11913633  0.01387424  0.11185346 -0.01607432
 -0.08498225  0.22699432  0.00132442  0.02861546  0.07592535 -0.04898857
  0.03471922  0.02932858 -0.14942205 -0.0042663   0.04860678 -0.09977084
  0.0418155   0.0577657  -0.11454171  0.08445983  0.0290599   0.07698923
 -0.02175931 -0.04025597 -0.05017497 -0.05191234  0.11843407 -0.23316483
  0.24507637  0.17054489 -0.0740305   0.09429733  0.04087658  0.0628852
 -0.03777175 -0.01415657 -0.10362332 -0.01797016  0.09833059 -0.01110927
  0.12482669 -0.02091567]