[-1.50632009e-01  1.53228462e-01  2.25303546e-02 -5.27166724e-02
 -8.02400708e-02 -6.05211444e-02  7.53314048e-02 -1.28478214e-01
  9.76019129e-02  1.75869502e-02  2.57271588e-01  1.35322632e-02
 -2.72650927e-01 -1.44743115e-01  4.83613424e-02  1.13831401e-01
 -1.09200515e-01 -1.00024082e-01 -1.49904311e-01 -5.01349382e-02
 -2.30519008e-02  5.54042403e-03  6.07258081e-02  4.71125357e-02
 -4.45167683e-02 -2.56447256e-01 -5.33519983e-02 -3.78162228e-02
  2.06914525e-02 -1.13605000e-01  5.69256209e-02  1.10828817e-01
 -1.93147704e-01 -1.01185136e-01  5.63293099e-02  4.65646274e-02
 -8.20428580e-02 -2.66056340e-02  2.14521050e-01 -1.90348905e-02
 -1.69197902e-01 -6.58074245e-02  6.14976883e-02  2.74252623e-01
  2.32186079e-01  3.13617452e-03 -1.07191866e-02 -3.82147096e-02
  1.19150974e-01 -2.05402300e-01  8.25972669e-03  1.02130868e-01
  7.97080249e-02  1.68681573e-02  5.41543141e-02 -1.71343312e-01
  1.85369703e-04  1.12014882e-01 -2.06433564e-01 -1.32681699e-02
  4.03462350e-02 -2.11638674e-01 -1.23686552e-01 -8.40740353e-02
  1.28053352e-01  1.15296103e-01 -8.17957595e-02 -1.89269453e-01
  1.75507113e-01 -1.29883125e-01 -4.08241153e-02  1.28524646e-01
 -9.17499289e-02 -1.37381509e-01 -2.53855497e-01  1.43157244e-02
  3.29507649e-01  1.01718977e-01 -1.51703805e-01 -9.47660301e-03
 -4.92564067e-02  1.04353100e-03  4.53411154e-02  4.03075516e-02
 -7.36203343e-02 -3.13128494e-02 -1.18376933e-01 -1.09824883e-02
  1.36406064e-01 -9.83114541e-03 -8.05096626e-02  1.85174584e-01
 -1.77509617e-02  6.37197960e-03  5.89054301e-02  1.46677007e-03
 -5.06724380e-02  2.40595769e-02 -1.58968672e-01 -2.34671533e-02
  2.72891130e-02 -1.37352735e-01  3.29297371e-02  6.73128143e-02
 -1.20403372e-01  1.22852564e-01  3.23595740e-02  7.85437450e-02
 -3.95179987e-02 -7.03536049e-02 -7.48770833e-02  1.48225920e-02
  1.00016914e-01 -2.69964606e-01  2.68745691e-01  1.35594115e-01
 -5.50060049e-02  1.01003088e-01  7.41643831e-02  6.16095476e-02
  1.47476050e-04 -3.37385796e-02 -1.05816722e-01 -9.32478383e-02
  8.92558098e-02 -2.52789492e-03  1.03677511e-01 -5.18022338e-03]