[-0.13006273  0.17209832  0.02790119 -0.03382652 -0.06539843 -0.0601402
  0.05196497 -0.17078505  0.06824539  0.01190561  0.25814259  0.00241637
 -0.24901989 -0.17118846  0.0671046   0.11829056 -0.15770809 -0.13546732
 -0.13759255 -0.03850526 -0.01933838  0.01811549  0.07062051  0.04621857
 -0.06650791 -0.29053798 -0.05901523 -0.06016653  0.01373558 -0.0917449
  0.08035004  0.09125476 -0.19849122 -0.07036727  0.04270101  0.03227247
 -0.04280847 -0.02186929  0.2334028  -0.03600024 -0.17273003 -0.01267673
  0.06017109  0.26215535  0.2076931  -0.02048656  0.02952015 -0.03565253
  0.10800832 -0.16022936 -0.01532711  0.10582753  0.10292379  0.00696858
  0.01087217 -0.18150769 -0.00920592  0.11142597 -0.21772885  0.00601317
  0.04862675 -0.1787622  -0.09816141 -0.02693454  0.15389228  0.10240956
 -0.0985738  -0.16879646  0.13482128 -0.121507   -0.02003013  0.12403001
 -0.1310616  -0.15048671 -0.26736197  0.0179448   0.33902845  0.04179253
 -0.16884528 -0.0221051  -0.02358272  0.03382638  0.06157551  0.06425097
 -0.1056356  -0.00689431 -0.11967367  0.0485553   0.14600718  0.010134
 -0.09653002  0.20268457 -0.00625951  0.03387095  0.06497048  0.00979726
  0.01094031  0.01243751 -0.1285737   0.04483758  0.01666229 -0.11253082
  0.02891223  0.06055491 -0.08618403  0.09571649  0.0289992   0.08009729
 -0.06715092 -0.04091943 -0.07214784 -0.00213579  0.10743921 -0.26666957
  0.25353131  0.15424971 -0.07322922  0.09853407  0.05285571  0.05204812
 -0.02068694 -0.02294839 -0.11338832 -0.05466447  0.10858778 -0.01272232
  0.13946553 -0.01245137]