[-0.13835423  0.15699369  0.02982834 -0.05486765 -0.07878287 -0.06067384
  0.08499955 -0.12796043  0.09398247  0.02285199  0.27089235  0.01816181
 -0.26209012 -0.15124509  0.03896143  0.10447212 -0.104774   -0.09425342
 -0.14030556 -0.05409316 -0.02160106  0.00916233  0.06494465  0.0411611
 -0.0443383  -0.2585035  -0.04946673 -0.03030221  0.01943736 -0.10910425
  0.05081912  0.11286272 -0.19433393 -0.10539164  0.05964784  0.05026332
 -0.08756805 -0.01805239  0.20869283 -0.01647706 -0.15551968 -0.04531435
  0.05357715  0.28310317  0.23284554  0.00548941 -0.00759518 -0.05140954
  0.10857411 -0.18770301  0.02058364  0.0967151   0.07623135  0.01310862
  0.04905863 -0.16434295 -0.01484715  0.10672329 -0.1992006  -0.01254277
  0.02943685 -0.21484713 -0.119778   -0.09164957  0.12092219  0.10475699
 -0.07907999 -0.18782561  0.1694923  -0.12686925 -0.04383701  0.13130434
 -0.08947337 -0.1346166  -0.25073344  0.03269322  0.33278185  0.10401051
 -0.15659742 -0.01550006 -0.04559124 -0.00143607  0.05166088  0.04613018
 -0.07097258 -0.02403596 -0.12194516 -0.00097192  0.13157827 -0.01515713
 -0.10027339  0.18430984 -0.02123251  0.01352687  0.06342491  0.0026093
 -0.05320203  0.03721922 -0.16765743 -0.03432316  0.03577079 -0.13570082
  0.03133425  0.07098167 -0.1161708   0.11923778  0.02823376  0.07145033
 -0.03719073 -0.07647771 -0.06921594  0.0115479   0.09785017 -0.27179897
  0.27147427  0.13591339 -0.04425615  0.10913148  0.07647059  0.05051293
  0.00655692 -0.03948607 -0.09591562 -0.0850208   0.08831789  0.00799301
  0.12295922 -0.00685549]