[-4.73554879e-02  1.30993754e-01  3.68027911e-02 -5.29672159e-03
  1.79592017e-02 -5.97405210e-02 -1.44610452e-02 -1.45598322e-01
  1.30901664e-01 -3.09903026e-02  2.96355337e-01 -5.76964617e-02
 -1.92830488e-01 -1.51155338e-01 -3.22884098e-02  1.58760101e-01
 -2.16038942e-01 -6.87188134e-02 -7.03044012e-02  2.33847834e-02
  7.10415840e-02  2.15203222e-02  9.41337869e-02  2.28577107e-02
 -1.10941567e-02 -3.22468728e-01 -1.25419185e-01 -9.14672539e-02
  5.89963086e-02 -1.96071900e-02 -4.75455150e-02  2.78671328e-02
 -2.06615403e-01 -1.30336210e-01  4.31385376e-02 -1.47114843e-02
 -4.89054583e-02 -4.08919789e-02  1.80563182e-01  5.95668256e-02
 -1.36167571e-01  6.18590526e-02  4.96883551e-03  2.74791926e-01
  2.11595967e-01  8.96235332e-02 -1.21845743e-02 -1.60278782e-01
  5.45046218e-02 -1.76999569e-01  4.08027954e-02  1.54270068e-01
  7.50737414e-02  5.91284633e-02  2.24514585e-02 -9.86485407e-02
  4.58510453e-03  5.90932071e-02 -1.12409614e-01 -2.44048890e-02
  3.88916023e-02 -1.39224175e-02 -2.35405006e-02 -7.71579519e-02
  1.72739103e-01  7.54054710e-02 -6.47643134e-02 -1.37293354e-01
  1.25459492e-01 -1.00222528e-01 -1.03379034e-01  3.97708714e-02
 -1.50554299e-01 -1.35913447e-01 -2.98543036e-01 -2.37516966e-02
  3.93177956e-01  4.84790355e-02 -1.82896838e-01  3.01596411e-02
 -1.14427201e-01 -7.89326150e-03  1.11875527e-01  8.72248560e-02
 -3.43360305e-02 -2.80394708e-03 -5.32027781e-02 -2.93391328e-02
  1.69336095e-01 -9.52995643e-02 -6.79184720e-02  2.15942696e-01
 -2.67119054e-02  5.90207353e-02  6.08893745e-02 -4.44475114e-02
  4.01059501e-02  3.83805372e-02 -1.81099698e-01 -4.16897237e-02
 -3.33002594e-04 -4.29513641e-02 -2.96382848e-02  8.96060094e-02
 -2.08350971e-01  5.78533411e-02  9.21890065e-02  4.66475356e-03
  7.41664097e-02 -5.79957804e-03 -1.06690042e-01 -4.97442931e-02
  1.20720640e-01 -2.52619356e-01  2.42946342e-01  2.06636593e-01
  4.43614423e-02  8.15322921e-02  6.78075552e-02  8.53925273e-02
 -4.15761136e-02 -1.79592725e-02 -1.62138045e-01 -4.44786176e-02
  9.01131928e-02  6.75562695e-02  1.60509981e-02 -1.87977981e-02]