[-0.08557338  0.11686995  0.06922247 -0.04909007 -0.1215772  -0.02589448
 -0.06268644 -0.12281277  0.12642464 -0.10393214  0.17209826  0.00414621
 -0.20558694 -0.07298167 -0.01743472  0.17809168 -0.15997614 -0.15130918
 -0.02709665  0.00496252  0.05022673  0.03636495  0.08144869  0.0227519
 -0.11965977 -0.34200582 -0.11284158 -0.04941381  0.00995215 -0.05098511
 -0.10370477  0.03891265 -0.16328451 -0.03203434  0.04639364  0.12508926
 -0.06131744 -0.10392416  0.19976747  0.03023675 -0.2514466  -0.03867307
  0.06863619  0.25790974  0.21845928  0.01442416  0.02239594 -0.06770267
  0.10980671 -0.22042084  0.0891419   0.13488375  0.0211754   0.03870299
  0.08257671 -0.10327841  0.02214692  0.12878667 -0.11715233 -0.03952007
  0.06869565 -0.08113954 -0.02246386 -0.08731702  0.21282184  0.1165033
 -0.07773759 -0.14532769  0.11282609 -0.15545277 -0.11475179  0.02091109
 -0.13884075 -0.1537199  -0.29786608 -0.01146817  0.38097936  0.14804257
 -0.14861397  0.07958392  0.0082704  -0.03616489  0.15322737  0.15405016
 -0.02876611  0.08910483 -0.10171851  0.02064981  0.23003295 -0.073622
 -0.02706892  0.20561066 -0.004255    0.06991413  0.06910139  0.00595429
 -0.04106356  0.02406717 -0.18708743 -0.02399246  0.06205773 -0.04243786
 -0.02302698  0.12567089 -0.16538456  0.06480487  0.02040091 -0.00190298
  0.01048827 -0.05373293 -0.13241285 -0.07383915  0.10590905 -0.21488325
  0.15971689  0.17628407 -0.02142165  0.11423389  0.13486615  0.06488426
  0.0204694  -0.0386735  -0.16402508 -0.0399489   0.12855417  0.00272578
  0.08251818  0.01819402]