[-8.24806392e-02  1.16115987e-01  6.45065904e-02 -3.10473870e-02
 -1.07246689e-01 -1.56918522e-02 -6.28397390e-02 -1.36187077e-01
  1.13627337e-01 -1.04814865e-01  1.84517771e-01 -1.45027225e-04
 -2.06551105e-01 -8.88643861e-02 -1.32194078e-02  1.72713563e-01
 -1.69046134e-01 -1.42303064e-01 -3.40356641e-02  5.94023615e-04
  5.29267602e-02  6.08176105e-02  6.93047866e-02 -2.62875040e-03
 -1.20429330e-01 -3.52571458e-01 -1.24126390e-01 -4.54906039e-02
  2.79526953e-02 -5.37297688e-02 -1.12879299e-01  3.08332797e-02
 -1.43521145e-01 -3.09559293e-02  5.02034910e-02  1.10899247e-01
 -5.07264845e-02 -1.01963237e-01  1.93818942e-01  5.29618263e-02
 -2.43072063e-01 -2.23737806e-02  5.81491590e-02  2.76429147e-01
  2.23077163e-01  1.71295162e-02  1.21970298e-02 -6.89203665e-02
  1.01989329e-01 -2.02301502e-01  8.23242292e-02  1.38343558e-01
  8.84509552e-03  4.23319265e-02  6.95383847e-02 -1.08064257e-01
  3.14547285e-03  1.19819321e-01 -1.20191529e-01 -3.40502970e-02
  7.21816346e-02 -8.95889476e-02 -2.21193042e-02 -7.83912614e-02
  1.85241655e-01  1.07441880e-01 -7.87971392e-02 -1.56913698e-01
  1.02296270e-01 -1.57512352e-01 -1.08589448e-01  1.73874889e-02
 -1.52927145e-01 -1.50777057e-01 -3.00329417e-01 -8.85905791e-03
  4.03203577e-01  1.34939507e-01 -1.53579727e-01  5.47711365e-02
  1.70316305e-02 -4.73888628e-02  1.81434497e-01  1.61565050e-01
 -1.13042966e-02  7.05667511e-02 -1.03866987e-01  2.35387441e-02
  2.26745680e-01 -6.61026686e-02 -4.23942022e-02  2.04045698e-01
 -1.21006398e-02  7.54949972e-02  7.21188039e-02  1.98865812e-02
 -4.29397188e-02  2.32075639e-02 -1.70170173e-01 -3.14537622e-02
  6.07073382e-02 -5.17889149e-02 -1.91862322e-02  1.39638647e-01
 -1.43391714e-01  9.14460048e-02  3.64224017e-02  1.12285241e-02
  1.95180513e-02 -6.21579178e-02 -1.19147241e-01 -6.11240231e-02
  1.15721621e-01 -2.04056889e-01  1.55939862e-01  1.88037798e-01
 -1.06504569e-02  1.12155393e-01  1.21545672e-01  6.23800866e-02
  2.56051240e-03 -2.55455803e-02 -1.82293370e-01 -4.07684706e-02
  9.46089849e-02  6.06721779e-03  8.23423341e-02  8.90679937e-03]