[-0.01510936  0.13876562  0.05022054  0.00449223  0.00415495 -0.05340031
  0.0022231  -0.15856451  0.1131357  -0.04169172  0.28662705 -0.06886246
 -0.19234779 -0.1403635  -0.04286423  0.17284016 -0.21850859 -0.08679841
 -0.05907167  0.01585142  0.06905075  0.01370844  0.07929476 -0.00669855
 -0.00054486 -0.32691357 -0.11780202 -0.08807786  0.10984506 -0.0085934
 -0.05968745  0.02032786 -0.18345243 -0.13039148  0.06326248 -0.00685716
 -0.05339799 -0.03344562  0.17947584  0.03954804 -0.14567393  0.06465217
 -0.00354964  0.288488    0.19719765  0.10745891  0.00834112 -0.17255601
  0.05688622 -0.19481938  0.03469895  0.13068701  0.06299984  0.06831362
  0.00718844 -0.12089936  0.0063184   0.06854161 -0.14375798 -0.01401881
  0.04752463 -0.02787202 -0.00741673 -0.06120162  0.20330672  0.04745568
 -0.08298846 -0.13118009  0.13411242 -0.10514048 -0.07068671  0.03979765
 -0.12995814 -0.11953779 -0.29184911 -0.02073777  0.42465258  0.03480401
 -0.16227479  0.01541017 -0.10852196 -0.00337793  0.12964161  0.0926488
 -0.02777819 -0.00794272 -0.06743251 -0.02851091  0.16833283 -0.13011061
 -0.05774237  0.19887458 -0.03539702  0.07495957  0.03843012  0.00064806
  0.00633698  0.05621665 -0.1658559  -0.04481092  0.00901419 -0.03582012
 -0.01378513  0.11159197 -0.20125926  0.08198146  0.06194879  0.00752237
  0.06974676 -0.04130153 -0.0720102  -0.04648179  0.12704036 -0.26428053
  0.2361453   0.23765481  0.03750847  0.08183108  0.05051438  0.04599285
 -0.02631824 -0.04002738 -0.19444887 -0.03849385  0.07748128  0.03694702
 -0.00147356 -0.0244214 ]