[-3.50975175e-03  1.34267271e-01  4.89774272e-02  6.41409168e-03
  3.76449525e-03 -7.07583278e-02  1.14095900e-02 -1.54082730e-01
  1.04043581e-01 -4.29455005e-02  2.89909720e-01 -7.00770840e-02
 -1.84623003e-01 -1.46531731e-01 -3.91055420e-02  1.68854102e-01
 -2.03510985e-01 -8.27114135e-02 -6.16030656e-02  2.09847596e-02
  7.28286207e-02  1.51455943e-02  9.32674035e-02 -5.68503467e-03
  8.38770717e-03 -3.32706779e-01 -1.21332280e-01 -8.73172879e-02
  1.13469176e-01 -8.34823679e-03 -4.65724058e-02  3.48078981e-02
 -1.86346456e-01 -1.35861263e-01  5.57542332e-02 -1.76139157e-02
 -4.83161956e-02 -3.15747745e-02  1.85975894e-01  5.19636869e-02
 -1.39061555e-01  5.15179820e-02 -1.48478271e-02  2.86999077e-01
  1.97191313e-01  1.02079265e-01  1.67061035e-02 -1.68679446e-01
  4.41775657e-02 -1.96177140e-01  3.53450999e-02  1.15799308e-01
  6.00011051e-02  6.87098205e-02  5.33455238e-03 -1.14178061e-01
  1.49345165e-02  5.62840812e-02 -1.58329472e-01 -1.68567244e-02
  4.27802168e-02 -2.04972010e-02 -9.30525735e-03 -5.87567873e-02
  2.03290537e-01  4.31076214e-02 -7.56710023e-02 -1.19838141e-01
  1.42987505e-01 -1.13441110e-01 -6.61811680e-02  3.66087854e-02
 -1.25358626e-01 -1.13558210e-01 -2.97812670e-01 -1.96924005e-02
  4.12789404e-01  4.54408936e-02 -1.60130516e-01  6.67816494e-03
 -1.06470585e-01 -4.50729160e-03  1.25245541e-01  8.33506808e-02
 -3.28703448e-02 -3.88591853e-03 -6.57781959e-02 -2.44030040e-02
  1.53419808e-01 -1.26778826e-01 -6.71141520e-02  2.09122702e-01
 -3.48289199e-02  8.06679279e-02  4.78662662e-02 -1.91475454e-04
  1.35682067e-02  5.65459020e-02 -1.69552386e-01 -3.20883952e-02
  4.63812565e-03 -4.12145779e-02 -1.30726844e-02  1.16152644e-01
 -1.90570667e-01  7.90129453e-02  5.10648489e-02  1.19500235e-03
  6.13410883e-02 -3.75212878e-02 -8.15424547e-02 -5.63576296e-02
  1.19952753e-01 -2.47388557e-01  2.23249391e-01  2.37948969e-01
  3.42545994e-02  8.10234472e-02  5.09034693e-02  4.99161854e-02
 -2.93421894e-02 -4.73002791e-02 -1.92479640e-01 -3.20196301e-02
  7.95320794e-02  3.98399904e-02 -7.67935067e-03 -2.05838382e-02]