[-5.89956343e-02  1.59326300e-01  5.94281144e-02  1.89167876e-02
  1.89305358e-02 -1.10794224e-01  1.73689704e-02 -1.69032365e-01
  1.34299085e-01 -1.99437537e-03  2.89371431e-01 -8.96236021e-03
 -1.60091683e-01 -1.41554222e-01 -3.73730640e-04  1.42275214e-01
 -2.31062278e-01 -4.18365635e-02 -5.47370799e-02 -9.28488374e-03
  4.11297306e-02  2.20071580e-02  1.19927108e-01  6.40417784e-02
 -4.65157442e-02 -2.87315279e-01 -1.30411819e-01 -1.79443419e-01
  1.02322422e-01 -8.15975852e-03 -5.30260615e-02  3.02148145e-02
 -1.78090379e-01 -1.22344255e-01  4.32668105e-02 -3.65687683e-02
 -1.61432512e-02 -6.09839335e-03  1.81217238e-01  7.71953613e-02
 -1.29404217e-01  5.54136150e-02 -2.11785715e-02  3.06201905e-01
  2.25723311e-01  5.98886088e-02  3.89136374e-02 -1.13984600e-01
  3.68387103e-02 -1.68817088e-01  2.68899389e-02  1.13832213e-01
  9.07262042e-02  1.66148040e-02  1.67201944e-02 -1.53065324e-01
 -1.22945113e-02  1.46481693e-02 -1.62177607e-01  2.47180369e-02
  5.08835092e-02 -3.00668068e-02 -4.50329930e-02  2.73180939e-02
  2.13116273e-01  9.68582779e-02 -9.26253870e-02 -9.62937549e-02
  1.55304641e-01 -1.11109905e-01 -4.32469137e-02  5.27193956e-02
 -1.70187816e-01 -1.19130425e-01 -2.76593000e-01 -1.11059444e-02
  4.46865529e-01  2.70329863e-02 -1.79215059e-01  1.09156510e-02
 -2.01593146e-01  1.71605907e-02  8.07984918e-02  8.01129267e-02
 -5.79057336e-02 -1.54232532e-02 -8.01832601e-02  3.46987322e-03
  1.30799890e-01 -1.04553483e-01 -4.93716858e-02  2.17693076e-01
 -2.62138881e-02  3.46866883e-02  2.69230902e-02 -2.70343721e-02
 -4.87066759e-03  6.04260853e-03 -1.41896650e-01 -6.45337552e-02
  6.47793850e-03 -5.46324253e-02 -7.85783026e-03  1.13128565e-01
 -2.56221235e-01  4.26260643e-02  9.89628956e-02 -3.51969562e-02
  5.57288043e-02  1.96743887e-02 -9.80785117e-02 -6.25354424e-02
  1.31085917e-01 -2.42767602e-01  2.55353063e-01  2.31485993e-01
  1.06912991e-02  7.84744397e-02  1.59767997e-02  4.03167419e-02
 -3.89500372e-02 -3.29053812e-02 -1.13314986e-01 -2.73504164e-02
  6.44621253e-02  2.52260603e-02  1.69422966e-03 -3.36385481e-02]