[-5.14738038e-02  1.56580612e-01  6.41340241e-02  1.30168712e-02
  1.60874370e-02 -1.06370941e-01  1.99904405e-02 -1.53587699e-01
  1.33069456e-01  2.82291020e-03  2.69676387e-01 -1.61020216e-02
 -1.54638797e-01 -1.37723505e-01  1.57580653e-03  1.38302311e-01
 -2.24946424e-01 -7.07501844e-02 -4.12296169e-02 -9.27607249e-03
  4.84660156e-02  2.02918388e-02  8.69279206e-02  6.12142496e-02
 -4.74560224e-02 -2.82411903e-01 -1.22943416e-01 -1.81515321e-01
  1.01276003e-01 -5.30783506e-03 -5.14881387e-02  3.53081003e-02
 -1.97150514e-01 -1.21498302e-01  4.36979383e-02 -2.45206356e-02
 -1.03123244e-02 -3.52138514e-03  1.69496849e-01  7.32637495e-02
 -1.32989287e-01  5.67170195e-02 -1.09603098e-02  3.02878261e-01
  2.17573881e-01  6.77862167e-02  4.09516320e-02 -1.11768641e-01
  3.59695666e-02 -1.59434021e-01  2.84824129e-02  1.23817384e-01
  8.86421725e-02  2.89274808e-02  3.10294586e-03 -1.61112428e-01
 -1.80014409e-02  5.41746942e-03 -1.58685207e-01  3.70560661e-02
  4.99774776e-02 -2.72453781e-02 -5.94613440e-02  6.93956995e-03
  2.24436998e-01  7.98984990e-02 -9.27266479e-02 -1.14293300e-01
  1.54995561e-01 -1.21631168e-01 -6.12771213e-02  6.00355454e-02
 -1.68051705e-01 -1.05519988e-01 -2.73400545e-01 -4.67038853e-03
  4.36173260e-01  1.86014231e-02 -1.88361287e-01  2.96986550e-02
 -1.97476685e-01  1.97601225e-02  8.08972120e-02  8.94703269e-02
 -3.92058939e-02  8.82741716e-03 -7.87142813e-02 -8.06618668e-03
  1.49332628e-01 -1.03368878e-01 -4.56128530e-02  2.04875782e-01
 -3.22490819e-02  3.67586203e-02  2.10087616e-02 -3.12202219e-02
  4.16227942e-03  2.37018033e-03 -1.48568660e-01 -8.08853135e-02
  7.30733713e-03 -4.40239720e-02 -2.74227094e-02  1.15722038e-01
 -2.51917660e-01  4.37898003e-02  9.72168967e-02 -2.60468405e-02
  4.50020432e-02  1.87582616e-02 -9.83634740e-02 -6.76680580e-02
  1.36864051e-01 -2.42879465e-01  2.56726354e-01  2.27319196e-01
  1.04518039e-02  7.00750127e-02  2.48613544e-02  4.54463623e-02
 -3.56800966e-02 -3.77627052e-02 -1.30174294e-01 -3.06583196e-02
  7.26844370e-02  2.66186297e-02  1.58096474e-04 -3.19282487e-02]