[-0.0522998   0.12531252  0.04781879 -0.01341152 -0.00178244 -0.06707701
  0.02477783 -0.17266397  0.14231534 -0.04717253  0.31968132 -0.06411001
 -0.18500748 -0.1447451  -0.01468512  0.15895617 -0.2129869  -0.06597085
 -0.05568314 -0.00290477  0.06120987  0.02826428  0.10374441  0.02695763
  0.00847126 -0.33445993 -0.13822283 -0.10168026  0.11039968 -0.02314022
 -0.04891984  0.03490443 -0.19625948 -0.13214339  0.04447978 -0.02827138
 -0.03322506 -0.0702344   0.19882949  0.06640074 -0.12414181  0.05477486
 -0.00772968  0.27770436  0.1850408   0.07208928  0.00141386 -0.15269798
  0.06041792 -0.15179028  0.02467504  0.11947753  0.0656453   0.02160767
  0.01166985 -0.12670396 -0.0125186   0.03531754 -0.13236535 -0.02178838
  0.04284815 -0.03781642 -0.04236884 -0.07043461  0.18961376  0.07577575
 -0.06089415 -0.13838874  0.14033274 -0.07957581 -0.0713158   0.03657682
 -0.16864733 -0.10674562 -0.25628406 -0.0043002   0.42203543  0.01185753
 -0.17137741  0.02590609 -0.12587591 -0.00875322  0.10458937  0.10678748
 -0.01971236 -0.01354612 -0.06542715 -0.01945041  0.14858884 -0.11214092
 -0.06737588  0.21349052 -0.04613158  0.07400377  0.04921431 -0.04164223
  0.00255031  0.04876933 -0.15455195 -0.04938643  0.01442817 -0.04060775
 -0.02257532  0.10213759 -0.21913324  0.05783743  0.07768974 -0.01245031
  0.07436813 -0.03177429 -0.07889999 -0.0431757   0.10835177 -0.25436744
  0.23579565  0.20805688  0.03393024  0.10171956  0.04040764  0.06626821
 -0.02267388 -0.00802579 -0.17270152 -0.03667888  0.08376396  0.05324858
 -0.00052452 -0.03043683]