[-0.02244354  0.14965789  0.04288092 -0.01418908 -0.00802937 -0.07891387
 -0.00455542 -0.16247165  0.10711359 -0.03765     0.30372342 -0.07793675
 -0.18172245 -0.14333956 -0.0380573   0.17004339 -0.22191899 -0.06745958
 -0.06381541  0.02102485  0.07410907  0.01605521  0.10216799  0.0061453
  0.01156405 -0.33089283 -0.12041404 -0.07989984  0.11775402 -0.0079735
 -0.0605572   0.0273917  -0.18872575 -0.13926607  0.05816377 -0.0088984
 -0.04784063 -0.03828764  0.18591811  0.03594254 -0.1439584   0.06601696
 -0.00367822  0.27694589  0.20243764  0.10724992  0.01431007 -0.17017595
  0.06133965 -0.18353844  0.03955057  0.11694421  0.074549    0.04970926
  0.00132697 -0.12435283  0.00665524  0.07210857 -0.14198954 -0.03412832
  0.05214988 -0.02196708 -0.00656219 -0.0612062   0.20920551  0.05550874
 -0.07898433 -0.12172204  0.13985118 -0.09218364 -0.06702632  0.03648952
 -0.13317828 -0.11051603 -0.29349059 -0.02015236  0.41868874  0.03255175
 -0.1620626   0.00824109 -0.11907186  0.00238259  0.11725038  0.07773854
 -0.04721566 -0.01207145 -0.08007111 -0.02838769  0.16276787 -0.13251993
 -0.06167869  0.20734203 -0.01943403  0.09023147  0.04074322 -0.00968741
  0.00460172  0.0543578  -0.16670242 -0.02895974  0.00348507 -0.04112154
 -0.02233769  0.11842149 -0.20724998  0.0739198   0.06438687  0.00434041
  0.0612859  -0.03095281 -0.06899711 -0.06057948  0.10913616 -0.25425038
  0.22394443  0.23371115  0.0463233   0.0949728   0.05824752  0.04904722
 -0.01993475 -0.03784018 -0.18554822 -0.03710343  0.09165301  0.04356396
  0.00483445 -0.01043479]