[-4.75940444e-02  1.16397277e-01  6.93273693e-02 -9.36185475e-03
  2.03590151e-02 -1.10976137e-01  2.26081926e-02 -1.53172463e-01
  1.07629053e-01  1.19190989e-02  2.85469323e-01 -3.54720429e-02
 -1.71926096e-01 -1.35601521e-01  2.59684655e-03  1.51458457e-01
 -2.21811533e-01 -7.22450018e-02 -4.05888148e-02  1.84212308e-02
  6.11308217e-02  7.20732054e-03  6.45731017e-02  3.84419747e-02
 -4.32108603e-02 -2.86042362e-01 -1.29525036e-01 -1.38003394e-01
  8.29468369e-02 -7.39456946e-03 -3.70660387e-02  2.83464789e-02
 -1.98763996e-01 -1.23563193e-01  5.65221086e-02 -3.08392700e-02
 -7.85819255e-03 -5.13258241e-02  1.67938933e-01  7.33274966e-02
 -1.57139301e-01  4.87476140e-02  1.23096947e-02  2.77087778e-01
  1.72999948e-01  8.17418844e-02  4.79308739e-02 -1.44565731e-01
  3.45269777e-02 -1.35283872e-01  4.08650227e-02  1.08166099e-01
  7.01874718e-02  3.29961739e-02 -1.80482875e-05 -1.63097262e-01
  1.14974389e-02  2.55384799e-02 -1.70567527e-01  2.48922836e-02
  6.81349039e-02 -1.44608216e-02 -3.56777906e-02 -2.62734275e-02
  2.10439757e-01  6.12883382e-02 -9.13756713e-02 -1.26521692e-01
  1.41735300e-01 -9.40810665e-02 -7.53784701e-02  5.15927374e-02
 -1.63496658e-01 -1.21611856e-01 -2.91769207e-01  1.51908922e-03
  4.07066554e-01  8.06984026e-03 -1.90413356e-01  2.79412717e-02
 -1.52872786e-01  7.89523032e-03  1.15130521e-01  1.11019388e-01
 -1.95384361e-02  2.48829667e-02 -6.67544752e-02 -2.99225394e-02
  1.69745907e-01 -8.95794705e-02 -4.58520576e-02  2.01153949e-01
 -3.76614071e-02  1.89950205e-02  2.83402540e-02 -1.76029038e-02
  7.23087275e-03  3.47646177e-02 -1.36020243e-01 -6.22266904e-02
  2.69526932e-02 -4.15188782e-02 -2.09163707e-02  1.24830127e-01
 -2.39303261e-01  3.69954705e-02  9.33943912e-02 -2.59329770e-02
  5.06160818e-02 -2.49798852e-03 -9.31208655e-02 -7.64492303e-02
  1.10561609e-01 -2.55556703e-01  2.48727277e-01  2.28733465e-01
  3.70991044e-02  5.75289242e-02  3.38772796e-02  5.50333075e-02
 -2.97940020e-02 -2.57061124e-02 -1.52482644e-01 -2.05643829e-02
  8.76547247e-02  3.45754623e-02  1.90263856e-02 -2.70055272e-02]