[-0.04689999  0.13738014  0.04583718  0.00514474  0.02061617 -0.06738799
 -0.02723376 -0.1573808   0.12429389 -0.0472572   0.27751237 -0.03588317
 -0.18566111 -0.14175539 -0.03363259  0.16053931 -0.22044154 -0.08700221
 -0.06890047  0.03812972  0.07053864  0.02301568  0.07965823  0.01600624
 -0.01360874 -0.31861988 -0.12798309 -0.08636832  0.07051959 -0.00479609
 -0.04972814  0.00400797 -0.19462806 -0.11922687  0.04818066 -0.01216181
 -0.04593978 -0.04178597  0.17880104  0.05636692 -0.14822894  0.05960784
 -0.00923578  0.27573332  0.20063543  0.09571488  0.00703718 -0.17159684
  0.05726482 -0.17711738  0.03707719  0.14375712  0.05975649  0.06188016
  0.02998528 -0.11419255  0.00222974  0.05991531 -0.11857335 -0.01815165
  0.04437536 -0.00842859 -0.01449143 -0.08284126  0.20235156  0.07509888
 -0.07707841 -0.15050432  0.14031145 -0.11478845 -0.10230851  0.03426858
 -0.12912774 -0.12170804 -0.28897464 -0.02747295  0.39108068  0.04546749
 -0.18097557  0.03354119 -0.11281648 -0.0147309   0.1152935   0.09559273
 -0.02908997  0.01156419 -0.04915755 -0.04908323  0.18782131 -0.08516005
 -0.05229536  0.211724   -0.02747227  0.0537943   0.06452601 -0.04767204
  0.02170286  0.04363669 -0.17016117 -0.03427307 -0.00461877 -0.0386348
 -0.01890101  0.10004705 -0.18508482  0.0694552   0.07367036  0.01404919
  0.07680065  0.00087415 -0.11845163 -0.0646377   0.12463351 -0.2534081
  0.25235671  0.19771351  0.04959742  0.0702583   0.06619274  0.09138732
 -0.04486285 -0.00168527 -0.17931512 -0.04326931  0.08896076  0.03560198
  0.01551613 -0.01844623]