[-0.01467621  0.15190773  0.04092892 -0.01508657  0.01025939 -0.06854689
  0.00283594 -0.15825886  0.11589209 -0.03360544  0.31133637 -0.0684225
 -0.18092045 -0.14889573 -0.03440766  0.16614847 -0.21952641 -0.07254346
 -0.07147384  0.01516302  0.07520678  0.01583383  0.09999993  0.0066857
  0.00155034 -0.32427266 -0.12627169 -0.0794388   0.12172183 -0.00750148
 -0.04841884  0.02718349 -0.19719724 -0.13618319  0.05449453 -0.01503332
 -0.04351998 -0.03125883  0.18998766  0.04841955 -0.14155376  0.06714123
 -0.01283924  0.28561637  0.20472245  0.09633556  0.00989917 -0.16324206
  0.04305562 -0.18042634  0.03734407  0.13035364  0.06897577  0.06422173
 -0.00327253 -0.11377443  0.00347816  0.07102437 -0.13692363 -0.03832204
  0.04094924 -0.02588352 -0.01169558 -0.06254181  0.20066527  0.05298001
 -0.08299283 -0.13233985  0.1330152  -0.0910835  -0.07027506  0.04484666
 -0.13887301 -0.10463021 -0.29851398 -0.01088337  0.42340302  0.02728081
 -0.17244828  0.012839   -0.1240161  -0.00359381  0.11593553  0.08139063
 -0.03816135 -0.00563242 -0.07060102 -0.02244843  0.15591654 -0.12965396
 -0.06697022  0.2065215  -0.02744582  0.08761524  0.04369948 -0.00175968
  0.01474088  0.05370798 -0.1651504  -0.02992206  0.00251706 -0.03312806
 -0.02522528  0.11544285 -0.20186591  0.08387157  0.07576414  0.00112253
  0.06357978 -0.02403146 -0.06776579 -0.06352066  0.1153489  -0.26083156
  0.22856013  0.23759618  0.03506809  0.08607253  0.05693549  0.05708639
 -0.02837582 -0.03182403 -0.18138598 -0.0359159   0.08366067  0.04532323
  0.00078264 -0.02078312]