[-7.83680081e-02  1.24302663e-01  5.62549494e-02 -3.17451693e-02
  1.27907759e-02 -7.12813064e-02 -1.29361395e-02 -1.43430218e-01
  1.47702575e-01 -3.30128036e-02  2.19845012e-01 -2.20790207e-02
 -1.74502835e-01 -1.35836676e-01 -1.58387087e-02  1.82195932e-01
 -2.23510936e-01 -1.25217915e-01 -2.44656447e-02 -1.82648655e-02
  8.89333412e-02  1.97715815e-02  2.07321104e-02  2.42746808e-02
 -9.69723016e-02 -3.04940850e-01 -1.08440928e-01 -1.11643627e-01
  5.79302609e-02 -4.59108409e-03 -3.83141376e-02  8.90265312e-03
 -2.15506658e-01 -1.01382099e-01  5.68559431e-02  4.51876735e-03
 -1.88959818e-02 -5.14186583e-02  1.51434407e-01  4.91755977e-02
 -1.74915686e-01  4.37712930e-02  5.43796197e-02  2.71697372e-01
  1.88674212e-01  8.46129581e-02  4.25471552e-02 -1.54764578e-01
  7.94854984e-02 -1.34332240e-01  5.29761277e-02  1.08767830e-01
  3.82955484e-02  4.68651727e-02  2.38745809e-02 -1.60596579e-01
 -2.85539636e-03  4.72030267e-02 -1.48965746e-01  3.40813883e-02
  7.72105902e-02 -1.44700231e-02 -5.38537093e-02 -4.21987772e-02
  2.07391456e-01  5.83533049e-02 -9.57091674e-02 -1.61380604e-01
  1.49528578e-01 -1.08807400e-01 -7.97192901e-02  3.67092863e-02
 -1.51431173e-01 -1.16585612e-01 -3.18776339e-01 -4.39510448e-03
  4.27766234e-01  2.30905842e-02 -1.61267295e-01  5.04664294e-02
 -8.75097737e-02  1.65266264e-02  1.47739649e-01  1.18467234e-01
 -4.00782377e-02  3.01211718e-02 -4.85100448e-02 -1.75089692e-03
  2.13440463e-01 -3.92145328e-02 -6.86278567e-02  1.74819112e-01
 -3.72060202e-02  2.85649989e-02  2.21537482e-02 -2.04510998e-05
 -2.57142019e-02  3.38099413e-02 -1.51824653e-01 -7.64261857e-02
  4.90376949e-02 -1.70640405e-02 -5.19536203e-03  1.56254366e-01
 -1.96760759e-01  6.48902282e-02  8.06526542e-02  1.69081539e-02
  3.80087979e-02  3.86712477e-02 -1.31685033e-01 -6.29506633e-02
  9.91006717e-02 -2.13878259e-01  2.40990326e-01  2.00920612e-01
  5.11656217e-02  5.47818020e-02  7.94422030e-02  5.09837866e-02
 -1.91517230e-02 -9.20504332e-04 -1.84134901e-01 -2.17188746e-02
  9.38932449e-02  2.25152746e-02  8.48483965e-02 -7.46969273e-03]