[-0.13598621  0.13451485  0.11156666 -0.03233917 -0.12268899 -0.0335462
 -0.05416902 -0.1435601   0.10683852 -0.08544739  0.1989596  -0.01801319
 -0.22915314 -0.06110064 -0.00528753  0.21855699 -0.14990608 -0.16748236
 -0.04516428  0.00406058  0.02460898 -0.00414498  0.07448403  0.03270776
 -0.13560556 -0.33993754 -0.07234504 -0.00297461  0.00085815 -0.02315993
 -0.0759966   0.03750614 -0.18985993 -0.01227316  0.04793879  0.10851194
 -0.0670939  -0.12230778  0.20446959 -0.03462575 -0.29022959 -0.03005558
  0.10983767  0.22715068  0.23028663  0.01393746  0.02551855 -0.10024545
  0.07408763 -0.2055897   0.05387082  0.12604718 -0.0043792   0.01467441
  0.06672068 -0.16718088  0.00718937  0.10170921 -0.10022681 -0.08984342
  0.04515691 -0.07315452 -0.01926628 -0.11386681  0.21226712  0.09286629
 -0.07690124 -0.12430555  0.14880757 -0.11040328 -0.04812294  0.04829417
 -0.15236002 -0.18411766 -0.3212609  -0.02124261  0.3790454   0.12556241
 -0.13664949  0.09248392  0.01683393  0.01154798  0.13212559  0.1307195
 -0.03643438  0.05084855 -0.09173153  0.03952946  0.23137124 -0.0682399
 -0.03456675  0.17155229  0.01743202  0.00739746  0.0524873   0.01358314
 -0.02815951  0.02700742 -0.21779536 -0.02501699  0.05118696 -0.01345929
  0.01373146  0.12590747 -0.18944807  0.03230239  0.06953796 -0.00508306
  0.00937427 -0.01128028 -0.13003349 -0.0706583   0.08519994 -0.23373476
  0.1858512   0.18321392 -0.01190483  0.12220515  0.14324784  0.06348472
  0.01533158 -0.01908673 -0.12153453 -0.02860284  0.13695523 -0.00748708
  0.13780612  0.04994691]