[-0.05698763  0.15921926  0.05133938  0.01172815  0.02354859 -0.10286868
  0.01494045 -0.16371685  0.1343973  -0.00294717  0.27908835 -0.03920999
 -0.17634718 -0.13747995 -0.01968458  0.15223819 -0.24252386 -0.06902569
 -0.04259354 -0.01873243  0.03191688  0.02852419  0.10056145  0.0598898
 -0.05890525 -0.27413988 -0.10546323 -0.18362489  0.05960497  0.00776665
 -0.0603733   0.04160183 -0.18514566 -0.11703217  0.05120891 -0.01472161
 -0.01243823 -0.00520961  0.18255997  0.06231901 -0.12838261  0.02731841
  0.00936858  0.31325337  0.22983094  0.03842077  0.00724235 -0.10712036
  0.04050907 -0.16771697  0.01747687  0.11213434  0.09288548  0.03114752
  0.01140853 -0.15556939 -0.0036044   0.02528926 -0.14278451  0.00618508
  0.04234551 -0.03600707 -0.03748678  0.01161929  0.22892053  0.07489711
 -0.087664   -0.10939367  0.14012358 -0.1116637  -0.07146742  0.05464357
 -0.17183194 -0.12011077 -0.30882713 -0.01952842  0.43319687  0.02045432
 -0.17485154  0.03196356 -0.16303463  0.00854323  0.1035613   0.08081713
 -0.05752821  0.01092809 -0.0847993  -0.00144804  0.1569185  -0.10429823
 -0.07691441  0.19202289 -0.04996354  0.04168593  0.03926345 -0.04316457
  0.02515461  0.02347844 -0.17011662 -0.0467076   0.00735098 -0.05909136
 -0.02514539  0.1131767  -0.25125176  0.00483016  0.10771345 -0.03109545
  0.03523712  0.01065659 -0.12282759 -0.0520964   0.15161279 -0.25178242
  0.25044388  0.22237089  0.03027197  0.07831924  0.03646917  0.01515762
 -0.03692314 -0.02608338 -0.13185222 -0.02049183  0.08783452  0.02984992
  0.03100855 -0.01825215]