[-0.06885581  0.13673739  0.0457592  -0.02997018 -0.07097993 -0.06211933
 -0.0482293  -0.18869565  0.17015013 -0.08517139  0.2510736  -0.08756175
 -0.21555407 -0.06572793 -0.02304029  0.2375143  -0.18936297 -0.16795427
 -0.08777606  0.00260923  0.04612792 -0.08428871  0.01407353  0.12025448
 -0.13781244 -0.34205779 -0.10480284 -0.09730977 -0.00554237 -0.03481272
 -0.09753648  0.0477562  -0.16371934 -0.08267009  0.07133831  0.08775049
 -0.01320224 -0.13161105  0.16685544 -0.02338925 -0.27046522  0.08149319
  0.10163229  0.2452089   0.2704533  -0.00144576  0.04887725 -0.12499303
  0.14364007 -0.18835728  0.03305968  0.12879725  0.04762497  0.06967385
  0.07608256 -0.18152891  0.01702394  0.13064902 -0.16632614 -0.08681142
  0.05817232 -0.02077624 -0.02510086 -0.07878968  0.16482894  0.15132655
 -0.09129052 -0.15977524  0.13405867 -0.13418762 -0.01642801  0.05410113
 -0.21059851 -0.17646562 -0.29151627 -0.03051358  0.4378956   0.1013402
 -0.17892791  0.06664197 -0.05238513  0.00606888  0.09468433  0.08248301
  0.03642999 -0.00751473 -0.09242906  0.01670004  0.21507399 -0.05525791
  0.00853263  0.18484306 -0.0261298  -0.05801141  0.03766347  0.05158325
 -0.10651495  0.02188744 -0.18945095 -0.0821503  -0.01958254  0.02411842
 -0.02867256  0.06014109 -0.24966012  0.07401284  0.05721971  0.0175418
 -0.02645197 -0.02042991 -0.06486602 -0.00255028  0.12785353 -0.25045204
  0.18061611  0.1707876   0.0222188   0.08918028  0.04081154  0.01471545
 -0.01506212 -0.04868416 -0.15490061 -0.03752068  0.077534    0.00336831
  0.07240959 -0.01847186]