[-1.03963010e-01  1.03610434e-01  4.06389795e-02 -4.27504219e-02
 -8.38045329e-02 -4.50492501e-02  2.04017386e-04 -1.76971450e-01
  1.50087580e-01 -7.54132345e-02  2.27516398e-01 -8.04271847e-02
 -2.24152878e-01 -4.20949087e-02 -4.36592437e-02  2.50251114e-01
 -2.09955171e-01 -1.50045216e-01 -7.10009858e-02 -1.77117288e-02
  3.58967273e-03 -5.36694340e-02  1.05973985e-02  9.30070877e-02
 -1.11585036e-01 -3.63137245e-01 -1.19665079e-01 -1.00656845e-01
 -1.53519278e-02 -3.11255385e-03 -4.97237109e-02  1.01033904e-01
 -1.18464567e-01 -3.78038436e-02  8.78989846e-02  1.16376616e-01
 -1.17961084e-02 -1.05267756e-01  2.20726490e-01  8.12659226e-03
 -2.57857651e-01  5.04071899e-02  1.05241552e-01  2.97853023e-01
  2.80172676e-01 -1.85512435e-02  2.73195095e-02 -9.52393115e-02
  1.60919845e-01 -2.05995351e-01 -1.72294267e-02  1.36393920e-01
  6.91114739e-02  5.69262877e-02  4.57422733e-02 -1.44035131e-01
  2.91967429e-02  1.15074791e-01 -2.04729661e-01 -1.34424850e-01
  4.80677187e-02 -6.03670068e-02 -5.41759096e-03 -7.31433854e-02
  1.90591320e-01  1.33635744e-01 -1.07970200e-01 -1.16939478e-01
  1.80583581e-01 -1.33184180e-01 -1.63466262e-03  1.22444229e-02
 -2.14675859e-01 -1.87653378e-01 -2.56714553e-01 -2.47960556e-02
  4.73478556e-01  1.37963101e-01 -1.41866252e-01  8.61245617e-02
 -9.04408246e-02 -1.53483972e-02  9.94876027e-02  8.39784071e-02
  8.98085069e-03  3.41110135e-04 -8.01205710e-02  2.07355376e-02
  1.99816108e-01 -7.69913122e-02  1.24696400e-02  1.80555657e-01
 -1.67918932e-02 -9.51224845e-03  3.84007618e-02  1.75492000e-02
 -8.89255628e-02  4.00386676e-02 -2.03491449e-01 -7.66720176e-02
 -4.59510051e-02 -1.57909398e-03  5.24140485e-02  6.49749637e-02
 -2.55546838e-01  1.11270726e-01  6.87777922e-02  1.90242361e-02
 -2.44463030e-02 -1.49586005e-02 -5.49568310e-02  7.56289531e-03
  1.52033567e-01 -2.56381750e-01  1.52742192e-01  1.68567777e-01
 -3.39884087e-02  1.28643617e-01  6.55763075e-02  2.80086379e-02
 -3.89662012e-02 -6.96395859e-02 -1.62691340e-01 -2.00438239e-02
  9.31459665e-02  2.27745306e-02  9.29460749e-02 -1.40512211e-03]