[-0.07775904  0.11945442  0.02975597 -0.02701708 -0.08379213 -0.04369753
 -0.02877624 -0.14777495  0.16986844 -0.0987633   0.20725666 -0.04929789
 -0.22133861 -0.0377905  -0.06537478  0.24401866 -0.198722   -0.15036158
 -0.09374231 -0.01371854  0.00790984 -0.0175145   0.00712089  0.09795146
 -0.11104794 -0.34769031 -0.0773591  -0.10957509 -0.042923   -0.03511814
 -0.07909127  0.0600065  -0.14454095 -0.05708086  0.06163598  0.05526029
 -0.05919684 -0.07123871  0.17025355  0.05019456 -0.24560641  0.06622413
  0.10722306  0.30296639  0.27971047  0.01025587  0.01341216 -0.12635791
  0.1532059  -0.2508204   0.01261571  0.12146837  0.01251517  0.07937276
  0.0828295  -0.14560278  0.03057518  0.11079159 -0.17989531 -0.04776269
  0.04122362 -0.03132283 -0.03985716 -0.04329298  0.17145811  0.14152358
 -0.07239018 -0.13228613  0.14686473 -0.17837739 -0.0520731   0.02983238
 -0.15548061 -0.19126229 -0.2797879  -0.05333155  0.4374896   0.1457146
 -0.15705045  0.06606031 -0.04493286 -0.02307781  0.14771883  0.07801003
  0.01237244 -0.02137048 -0.08492532  0.00816171  0.22171645 -0.04488559
 -0.00387331  0.20293899  0.00435577 -0.04567138  0.06320318  0.03225143
 -0.10912859  0.0032243  -0.24552439 -0.11898686 -0.03680428  0.00968482
 -0.01977859  0.04765189 -0.23661399  0.11887014  0.06761699 -0.00221433
 -0.02625222 -0.01885895 -0.07589782  0.01508429  0.13490376 -0.20145693
  0.19110374  0.1633669   0.03179615  0.1056124   0.05466452 -0.02070308
 -0.04726293 -0.06317756 -0.15240054 -0.04455353  0.0767076   0.00640465
  0.08211229 -0.02119193]