[-5.61662093e-02  7.05884248e-02  4.49535213e-02 -3.74064930e-02
 -1.08466186e-01 -3.83880101e-02 -2.40793061e-02 -1.58998311e-01
  1.61343649e-01 -4.81320024e-02  2.38342524e-01 -5.23862541e-02
 -2.48324350e-01 -7.43111596e-02 -2.79872846e-02  2.61805624e-01
 -1.88954413e-01 -1.50386795e-01 -6.18645214e-02 -2.91205943e-04
  5.93035389e-03 -5.57615757e-02  1.34132989e-03  1.16885364e-01
 -1.14191368e-01 -3.83556098e-01 -1.21100664e-01 -1.01884164e-01
 -3.41958776e-02 -4.68320539e-03 -6.96713179e-02  1.09403782e-01
 -1.43433169e-01 -7.09956214e-02  9.93877128e-02  7.92356804e-02
 -3.20519524e-04 -1.14004910e-01  1.65185094e-01 -7.71840056e-03
 -2.67401367e-01  4.40805070e-02  1.35222211e-01  2.27381036e-01
  2.52565116e-01  2.06063595e-02  6.62215203e-02 -1.16371825e-01
  9.41178724e-02 -2.29144052e-01  5.31330183e-02  1.28603250e-01
  7.22982734e-02  6.03782907e-02  5.62515445e-02 -1.92379579e-01
  1.41190668e-03  1.03811838e-01 -1.97808072e-01 -7.24169984e-02
  3.71933095e-02 -2.32444759e-02 -1.97383296e-02 -7.04774037e-02
  1.97317615e-01  1.58408508e-01 -1.13149635e-01 -1.41162738e-01
  1.78774640e-01 -1.67765766e-01 -2.14772634e-02  2.95819100e-02
 -1.97807446e-01 -1.96336478e-01 -3.05284321e-01 -2.93871518e-02
  4.50142860e-01  1.35730654e-01 -2.00550467e-01  4.73822169e-02
 -1.02402918e-01 -6.69277459e-03  8.35901424e-02  8.96949545e-02
  5.97652458e-02 -4.14379425e-02 -8.33919495e-02 -3.16333445e-03
  2.13388517e-01 -6.54011890e-02  2.79679485e-02  2.32193500e-01
  1.65777991e-03 -2.94611547e-02  2.21822467e-02  7.51645789e-02
 -6.89198077e-02  2.46280301e-02 -1.72582015e-01 -7.03591257e-02
 -3.55798453e-02  3.31753604e-02  2.38998774e-02  8.11353698e-02
 -2.53004223e-01  8.73116031e-02  5.29120080e-02  1.75232894e-03
  6.87226234e-03 -6.02562586e-03 -5.94293959e-02 -4.93044816e-02
  1.54448166e-01 -2.60764092e-01  1.74638197e-01  1.73308387e-01
 -1.32767698e-02  1.15732908e-01  1.95643287e-02  6.40574470e-02
 -2.02201232e-02 -1.31246686e-01 -1.59525737e-01 -2.00997982e-02
  6.87392578e-02 -3.45636234e-02  3.71464379e-02  1.52899651e-02]