[-5.88814206e-02  7.34086037e-02  5.01238294e-02 -3.76000553e-02
 -1.06846564e-01 -3.27976272e-02 -2.83103641e-02 -1.51182219e-01
  1.64195299e-01 -4.39313762e-02  2.36108407e-01 -5.69828525e-02
 -2.53725976e-01 -7.55292475e-02 -2.50848513e-02  2.65382439e-01
 -1.80557355e-01 -1.58012569e-01 -5.95367812e-02 -5.59517834e-03
  3.24090390e-04 -5.09219468e-02 -3.52384523e-03  1.20003618e-01
 -1.18691646e-01 -3.88022870e-01 -1.17618263e-01 -1.04579426e-01
 -5.64252250e-02 -1.01905307e-02 -6.01412654e-02  1.15949236e-01
 -1.41006216e-01 -7.04227537e-02  1.02148376e-01  8.20836201e-02
 -1.00596705e-02 -1.10921875e-01  1.71760112e-01 -1.32547962e-02
 -2.68230528e-01  2.59921085e-02  1.48796782e-01  2.40038157e-01
  2.48902962e-01  1.71525385e-02  5.92581630e-02 -9.75548252e-02
  9.17369351e-02 -2.43817136e-01  5.40954582e-02  1.35988399e-01
  6.33323118e-02  7.43160322e-02  6.02469519e-02 -1.94144085e-01
  8.82747956e-03  1.07056372e-01 -2.02563196e-01 -7.69152120e-02
  3.34278308e-02 -3.70786153e-02 -2.75174715e-02 -7.10235611e-02
  2.06636578e-01  1.67618677e-01 -1.10198990e-01 -1.50600001e-01
  1.74816474e-01 -1.67419106e-01 -2.72410270e-02  3.23191248e-02
 -2.03399137e-01 -1.96933284e-01 -3.16211730e-01 -3.24438028e-02
  4.38890040e-01  1.35542005e-01 -1.95624933e-01  5.49581349e-02
 -9.63029712e-02 -1.89733133e-03  7.65613243e-02  8.38132575e-02
  6.43103868e-02 -3.38487476e-02 -8.13457891e-02 -1.42949936e-03
  2.07093760e-01 -6.30067289e-02  2.39156540e-02  2.26921871e-01
 -1.08010287e-03 -3.62405144e-02  2.78127231e-02  7.62176067e-02
 -6.17206357e-02  2.21966505e-02 -1.82420358e-01 -6.45077899e-02
 -3.41953412e-02  3.80466729e-02  2.63791922e-02  7.83096775e-02
 -2.61466086e-01  9.52937305e-02  5.72972670e-02  4.02224064e-03
 -1.85806211e-03 -7.18568359e-03 -6.31885454e-02 -4.26278524e-02
  1.61140516e-01 -2.68215507e-01  1.76643059e-01  1.67948887e-01
 -1.38274496e-02  1.21826768e-01  1.75171364e-02  6.02656789e-02
 -2.72904038e-02 -1.35893807e-01 -1.62920639e-01 -2.10582446e-02
  6.78822324e-02 -2.84160879e-02  3.46911810e-02  2.38518268e-02]