[-0.06313112  0.10537233  0.04155258 -0.02669723 -0.08094133 -0.05938659
 -0.02829525 -0.17708914  0.17645429 -0.0760177   0.24114399 -0.08026031
 -0.22548328 -0.05282733 -0.02707385  0.2481436  -0.17870934 -0.16489644
 -0.08200531 -0.00825464  0.04199004 -0.06772243  0.00420389  0.13019195
 -0.13281575 -0.34134164 -0.1215994  -0.09750523 -0.02679958 -0.05185155
 -0.10551903  0.07490043 -0.147719   -0.08887433  0.09021232  0.08796591
 -0.03003959 -0.12245414  0.16567896  0.00134866 -0.26029095  0.06114418
  0.13452674  0.25973153  0.26965925  0.00682946  0.03663724 -0.10539094
  0.13440666 -0.19312724  0.02575475  0.1315871   0.06093714  0.09253838
  0.0745912  -0.18063091  0.0193586   0.11779992 -0.17941128 -0.07185044
  0.05039864 -0.04411674 -0.03306905 -0.06380533  0.16074729  0.15161365
 -0.08847468 -0.16538641  0.13649702 -0.14790706 -0.03532628  0.0473328
 -0.22227626 -0.18023884 -0.28827915 -0.0513134   0.44825503  0.09960413
 -0.16930002  0.07062051 -0.0556944  -0.00845348  0.0836262   0.07537195
  0.04396064 -0.00410107 -0.09199873  0.02077754  0.20750704 -0.05878913
  0.00827649  0.17842042 -0.02926796 -0.04818782  0.04600176  0.0629971
 -0.10236745  0.02043963 -0.19652881 -0.10281805 -0.03378483  0.01250627
 -0.01388305  0.05138708 -0.25402781  0.09173539  0.07047413  0.01804752
 -0.03997443 -0.00997866 -0.08514725  0.00597838  0.13390096 -0.25648054
  0.18308501  0.17590603  0.00883532  0.0846949   0.0242789   0.01691948
 -0.026115   -0.0667785  -0.14696951 -0.03783471  0.06927484  0.00891845
  0.07143363 -0.01399533]