[-0.08415324  0.12610187  0.0246138  -0.02817131 -0.07940616 -0.04460623
 -0.02262012 -0.14506777  0.16230682 -0.09854098  0.20813099 -0.05204631
 -0.21694207 -0.04779937 -0.05281459  0.22816145 -0.19898587 -0.15240096
 -0.09523513 -0.02272026  0.00219324 -0.00188443 -0.00811521  0.091086
 -0.12238032 -0.34094295 -0.07428968 -0.10755574 -0.04600216 -0.03996841
 -0.0735181   0.0621771  -0.14234909 -0.06074503  0.07110294  0.06028352
 -0.06626879 -0.05400655  0.18307896  0.05648261 -0.22462049  0.06493749
  0.10237937  0.32117161  0.28212216  0.00840556  0.00698339 -0.11062335
  0.16230826 -0.23514958  0.00596586  0.13094202  0.02575107  0.0810475
  0.09071766 -0.14868712  0.02339344  0.09996157 -0.18067451 -0.05293804
  0.03805335 -0.04057888 -0.03806274 -0.03685095  0.16713125  0.12067226
 -0.0660546  -0.13192423  0.15778999 -0.16978495 -0.04679823  0.02850835
 -0.15670379 -0.1863509  -0.26672968 -0.04796429  0.42904273  0.13801722
 -0.15604611  0.07042792 -0.03761678 -0.0296689   0.15265808  0.05976503
  0.00841091 -0.01915838 -0.07922364  0.01993009  0.21705484 -0.0392977
 -0.01154565  0.18521647  0.00261374 -0.04707328  0.08053241  0.01054094
 -0.10125054  0.00879367 -0.23810497 -0.09985296 -0.03742528 -0.01312992
 -0.01099697  0.04690542 -0.22663946  0.12618595  0.07592972  0.00372806
 -0.04869151 -0.012625   -0.09258616  0.02509903  0.13870044 -0.21509181
  0.20097938  0.15235271  0.01048856  0.11085591  0.04881423 -0.02421392
 -0.04938934 -0.05045917 -0.14667292 -0.05844823  0.07060876  0.01794218
  0.09804691 -0.01827376]