[-0.08513184  0.12506348  0.03936445 -0.03260045 -0.0827892  -0.03117031
 -0.03440158 -0.15807001  0.16006416 -0.09931938  0.2061938  -0.04791888
 -0.2136548  -0.03386196 -0.07149975  0.2332094  -0.19718796 -0.15966468
 -0.09426661 -0.01968875 -0.00138583 -0.01855347  0.00740013  0.08459755
 -0.1111201  -0.34087977 -0.07448    -0.10332747 -0.02652881 -0.02948476
 -0.08246901  0.04921877 -0.14724264 -0.05090512  0.05165874  0.05907999
 -0.05611768 -0.06990613  0.16826425  0.04761758 -0.25017151  0.07585528
  0.10456784  0.30004254  0.29220206  0.01104424  0.00989479 -0.12529348
  0.15390834 -0.2488824   0.01473057  0.12336492  0.01688046  0.07893035
  0.07478657 -0.1525072   0.01961294  0.10845176 -0.16781613 -0.04933703
  0.03734758 -0.02044558 -0.03281374 -0.04933948  0.16936605  0.15010506
 -0.07712321 -0.13432778  0.14763819 -0.17247467 -0.05279772  0.03697544
 -0.15588208 -0.18035747 -0.2744295  -0.05266051  0.44133741  0.13876459
 -0.15735438  0.05657455 -0.04641935 -0.01856     0.14580265  0.07708016
  0.00406433 -0.01941401 -0.08046807 -0.00060092  0.22509058 -0.03696003
 -0.01908781  0.19091474  0.00276313 -0.0362829   0.06483663  0.05110474
 -0.10894557  0.00430293 -0.24781935 -0.12092262 -0.04119335  0.01237839
 -0.02090685  0.0546144  -0.23003232  0.13629699  0.06870549  0.01028363
 -0.02793327 -0.01983366 -0.05641817  0.03115897  0.13881342 -0.20331727
  0.1929398   0.16671972  0.02704181  0.10556616  0.06554382 -0.02738681
 -0.0479188  -0.05292244 -0.15401278 -0.05268947  0.06510525 -0.00389672
  0.09000809 -0.01028687]