[-7.83434287e-02  8.18873271e-02  4.79052216e-02 -2.97751185e-02
 -1.33714631e-01 -3.81314717e-02 -9.36510321e-03 -1.63147926e-01
  1.34973034e-01 -4.79087755e-02  2.32575655e-01 -1.00294866e-01
 -2.72609323e-01 -6.86012283e-02  1.57323834e-02  2.49357492e-01
 -1.36274830e-01 -1.68257892e-01 -9.90217850e-02 -3.89680788e-02
 -6.82378933e-03 -6.00292869e-02  6.77595660e-03  1.42085567e-01
 -1.72045514e-01 -3.58310729e-01 -9.80331898e-02 -1.30826041e-01
 -5.43335564e-02 -4.01102565e-02 -9.21549872e-02  9.49411616e-02
 -1.34369299e-01 -6.76732883e-02  9.90965813e-02  1.04372859e-01
 -5.22976406e-02 -1.37140289e-01  1.67713612e-01 -2.19201762e-02
 -2.72101939e-01  2.15505604e-02  1.29653305e-01  2.32543617e-01
  2.42970824e-01  5.42933529e-04  8.24021772e-02 -7.66422153e-02
  1.16503231e-01 -2.38985583e-01  7.93264508e-02  1.24637179e-01
  4.63980436e-02  5.17663769e-02  1.10367231e-01 -1.88890845e-01
 -1.20329242e-02  1.38667822e-01 -2.10014448e-01 -5.04458323e-02
  5.74782752e-02 -3.05699855e-02 -6.06479309e-02 -9.21094641e-02
  1.70309365e-01  2.06032082e-01 -1.00369863e-01 -1.29230052e-01
  1.88581347e-01 -1.61321208e-01 -2.27891151e-02  4.63400036e-02
 -2.03831583e-01 -2.11573556e-01 -2.78041959e-01 -5.20691788e-03
  4.40887779e-01  1.34535924e-01 -1.82531238e-01  2.64675207e-02
 -2.17328239e-02  8.92909430e-03  9.09819901e-02  7.23951384e-02
  4.37658504e-02 -3.00926864e-02 -8.30049142e-02  4.17302065e-02
  1.97115630e-01 -6.84512630e-02  2.97760069e-02  2.07922965e-01
 -1.45628396e-02 -8.02502781e-02  5.08836880e-02  7.69695491e-02
 -9.16120633e-02  1.25728175e-02 -1.70594677e-01 -5.69175445e-02
  1.68089792e-02 -1.58724037e-03  1.19432919e-02  4.37687002e-02
 -2.20511898e-01  7.88552761e-02  3.73072252e-02 -9.84123815e-03
 -4.88991588e-02 -4.01435122e-02 -7.87197053e-02 -6.73234463e-05
  1.52241930e-01 -2.52710432e-01  1.73388228e-01  1.47450075e-01
 -3.81979123e-02  1.02947429e-01  1.32015888e-02  2.91113388e-02
  9.76125523e-03 -1.14968970e-01 -1.55642599e-01 -5.31605445e-02
  9.40019637e-02 -1.28612816e-02  4.35542725e-02  6.81105629e-03]