[-9.78124812e-02  1.17828429e-01  4.00462523e-02 -1.63437724e-02
 -4.89962772e-02 -3.49544175e-02 -4.99045709e-03 -1.84399471e-01
  1.72068223e-01 -7.21557066e-02  2.17721447e-01 -2.31960174e-02
 -2.22664997e-01 -7.91822597e-02 -3.29490267e-02  2.55134910e-01
 -2.08336949e-01 -1.51749000e-01 -4.54027727e-02 -2.03166530e-02
  3.88779305e-02 -5.87416366e-02  2.70303972e-02  8.41563046e-02
 -1.13685362e-01 -3.32396239e-01 -1.41206250e-01 -1.11889623e-01
  3.28531722e-03  8.42483342e-03 -4.87931147e-02  5.50162904e-02
 -1.32404447e-01 -4.64690141e-02  7.21022338e-02  9.74447951e-02
 -9.06445738e-03 -8.67681578e-02  1.98980495e-01 -3.12013901e-03
 -2.37155110e-01  4.35534753e-02  9.75638404e-02  2.82869756e-01
  2.67743319e-01  2.28030514e-02  2.79356390e-02 -1.30951673e-01
  1.42649457e-01 -1.98361591e-01  1.85121074e-02  1.24326766e-01
  4.88842130e-02  7.63592348e-02  3.87347415e-02 -1.64649203e-01
  5.32356501e-02  7.73803219e-02 -2.07277104e-01 -1.03915416e-01
  3.12931016e-02 -5.21962121e-02 -4.02706349e-03 -3.09725609e-02
  1.98570043e-01  1.12653665e-01 -9.29187238e-02 -1.46487787e-01
  1.58642590e-01 -1.60675213e-01 -4.12112940e-03  3.97720896e-02
 -2.08561137e-01 -1.91422746e-01 -3.00995499e-01 -2.47689281e-02
  4.66037512e-01  1.38577193e-01 -1.41276196e-01  9.82718393e-02
 -9.04155374e-02 -2.10677441e-02  1.22773044e-01  1.02100588e-01
  1.98068079e-02  3.45766614e-03 -1.08249247e-01  1.55770723e-02
  2.08602428e-01 -1.00831859e-01  4.57269559e-03  2.13316247e-01
 -4.41551162e-03  8.22181161e-03  2.25321800e-02  4.30950075e-02
 -8.22694004e-02  4.55483161e-02 -1.99394122e-01 -1.09042756e-01
 -8.20907578e-03  4.59015928e-02  4.98726964e-02  7.06745088e-02
 -2.46357754e-01  9.83956158e-02  6.95189089e-02  1.87440775e-02
 -2.12042257e-02 -3.41550484e-02 -9.72625688e-02 -2.11932231e-02
  1.56316414e-01 -2.34528780e-01  1.73407882e-01  1.85956940e-01
 -1.97760835e-02  1.07201889e-01  7.56413266e-02  4.03483473e-02
 -4.35096957e-02 -8.63628685e-02 -1.64198220e-01  1.77173316e-02
  9.80073884e-02  2.22303346e-03  9.02534351e-02  3.89681751e-04]