[-7.21332729e-02  6.38048798e-02  3.73350680e-02 -5.79599030e-02
 -1.26946911e-01 -4.68592942e-02 -5.88350696e-03 -1.44595250e-01
  1.38433397e-01 -4.84501980e-02  2.33837247e-01 -5.39119840e-02
 -2.50084072e-01 -7.42250308e-02 -6.05618581e-03  2.61283845e-01
 -1.91230118e-01 -1.60606608e-01 -7.08349794e-02 -2.87448671e-02
 -1.36666326e-02 -5.80363758e-02 -1.52194696e-02  1.38097212e-01
 -1.30846679e-01 -3.71829599e-01 -1.00086927e-01 -1.15624867e-01
 -6.04054593e-02 -8.38364847e-03 -5.53953238e-02  1.18662655e-01
 -1.30204707e-01 -6.19807020e-02  1.05043963e-01  9.79943499e-02
  1.08865206e-03 -1.05659701e-01  1.75656438e-01 -5.47345681e-03
 -2.59511441e-01  4.86270301e-02  1.53193340e-01  2.45879099e-01
  2.73569316e-01  4.20484832e-03  6.34854361e-02 -7.17442557e-02
  1.24294400e-01 -2.58859009e-01  4.05761153e-02  1.10922806e-01
  7.60130882e-02  5.71499132e-02  6.89603910e-02 -1.91723987e-01
  1.71136465e-02  1.00963667e-01 -2.29483679e-01 -7.82772526e-02
  3.54378112e-02 -5.04699461e-02 -2.75188666e-02 -6.44474328e-02
  2.07314968e-01  1.61934882e-01 -1.18959330e-01 -1.26508579e-01
  1.85805842e-01 -1.77921697e-01 -2.63563693e-02  3.05211190e-02
 -1.93341553e-01 -1.89629182e-01 -2.99527049e-01 -1.57659091e-02
  4.48766559e-01  1.59108162e-01 -1.93411261e-01  5.50585166e-02
 -8.78142342e-02 -2.76855018e-04  8.52949172e-02  6.88214377e-02
  5.96239679e-02 -4.43036743e-02 -8.94688442e-02  9.10483208e-03
  2.05658033e-01 -4.60624509e-02  2.46630870e-02  2.32929707e-01
  1.18096676e-02 -3.10635995e-02  4.25703339e-02  7.44496509e-02
 -6.80429637e-02  1.35106714e-02 -1.75001487e-01 -4.79647219e-02
 -4.34105769e-02  7.67484447e-03  3.43801118e-02  5.77147789e-02
 -2.59973943e-01  1.01363681e-01  3.56946476e-02  4.76800278e-03
 -3.94342057e-02 -7.60831032e-03 -5.74702583e-02 -9.95742250e-03
  1.49409339e-01 -2.80408531e-01  1.70984805e-01  1.73674703e-01
 -2.73208562e-02  1.24670647e-01  1.20386286e-02  2.66376622e-02
 -2.28293780e-02 -1.39582723e-01 -1.52948841e-01 -3.90369557e-02
  6.66538849e-02 -4.13068309e-02  6.37884960e-02  3.20255198e-02]