[-4.84017543e-02  7.13280067e-02  4.51034419e-02 -4.49735373e-02
 -1.12018183e-01 -2.70626545e-02 -2.76591908e-02 -1.52464852e-01
  1.71651050e-01 -6.27198294e-02  2.46121794e-01 -5.78175597e-02
 -2.46729761e-01 -6.26479611e-02 -3.49259563e-02  2.67857075e-01
 -1.95012912e-01 -1.56470060e-01 -5.37309535e-02 -2.23679701e-03
 -4.40043118e-03 -4.71474119e-02 -9.26267076e-03  1.10014774e-01
 -1.12108879e-01 -3.89240354e-01 -1.25197351e-01 -1.03849985e-01
 -3.31404172e-02 -1.86126642e-02 -7.52243623e-02  1.10073760e-01
 -1.35630280e-01 -6.59205467e-02  1.09602034e-01  8.34600627e-02
 -6.81120018e-03 -1.10542729e-01  1.70915127e-01  2.24771909e-04
 -2.62526214e-01  4.14636657e-02  1.41368315e-01  2.42143467e-01
  2.47924730e-01  2.11571902e-02  4.98454943e-02 -1.08768739e-01
  9.81709287e-02 -2.28185371e-01  4.87761870e-02  1.33315206e-01
  7.05025047e-02  7.73232356e-02  5.39744683e-02 -1.89899787e-01
  5.20969694e-03  1.02028087e-01 -1.99637011e-01 -7.91454837e-02
  3.43325399e-02 -2.68174391e-02 -1.96108595e-02 -6.39816150e-02
  2.02879980e-01  1.50001541e-01 -1.14617370e-01 -1.46356225e-01
  1.71395645e-01 -1.66627124e-01 -2.54537314e-02  2.27646511e-02
 -2.00989649e-01 -1.92848966e-01 -2.94982344e-01 -3.44259590e-02
  4.50339645e-01  1.33146241e-01 -1.96612298e-01  5.70780225e-02
 -9.60840657e-02 -2.11397130e-02  7.83485994e-02  8.59733596e-02
  6.29231855e-02 -3.23323831e-02 -7.81507492e-02 -4.17646812e-03
  2.13396415e-01 -7.02775791e-02  3.08427941e-02  2.23508939e-01
 -1.01386821e-02 -2.40122136e-02  2.84275152e-02  7.52970949e-02
 -7.15444908e-02  2.01439131e-02 -1.79163381e-01 -8.13077018e-02
 -4.25523221e-02  2.70096846e-02  1.49173858e-02  7.91595057e-02
 -2.67640859e-01  1.03829660e-01  6.03681318e-02 -2.13501859e-03
  1.02976605e-03  6.06546935e-04 -5.87146692e-02 -4.39741127e-02
  1.64327562e-01 -2.70995229e-01  1.78373143e-01  1.78459808e-01
 -8.99171270e-03  1.23123921e-01  2.02598199e-02  5.29174581e-02
 -2.47970540e-02 -1.30980209e-01 -1.59465700e-01 -3.16275619e-02
  5.85379191e-02 -2.76328977e-02  3.73388343e-02  1.30961360e-02]