[-0.10193163  0.09099042  0.03771809 -0.04948892 -0.08227561 -0.04786355
 -0.00107906 -0.16059163  0.13857372 -0.07466715  0.23163919 -0.08255102
 -0.21239436 -0.05154495 -0.03842839  0.24476193 -0.22953585 -0.15685678
 -0.03652574 -0.01929749  0.00088878 -0.07282268  0.00493506  0.11091091
 -0.13779429 -0.34140465 -0.10577686 -0.10742658 -0.02163164  0.00581958
 -0.04008261  0.1161047  -0.11069193 -0.01462886  0.0821114   0.11859065
  0.00190227 -0.10090464  0.23276906  0.0191676  -0.24901478  0.05018461
  0.09112173  0.3064166   0.26944396 -0.02577482  0.02276407 -0.06870386
  0.18565917 -0.20862637 -0.02708914  0.13645387  0.0640296   0.04679919
  0.04793123 -0.13460873  0.04812754  0.11628691 -0.22291315 -0.1243488
  0.02943607 -0.08039209  0.01308998 -0.07770944  0.18512116  0.12680475
 -0.10327937 -0.09883537  0.18438791 -0.11948825 -0.00444538  0.02940159
 -0.20335217 -0.18487605 -0.25607386 -0.0141106   0.45555726  0.1456921
 -0.1330144   0.08903158 -0.0545924  -0.0196628   0.10705898  0.08553394
 -0.00307272 -0.00056366 -0.08810033  0.0135443   0.19138885 -0.0585614
  0.01073975  0.1778277  -0.0210536  -0.01394813  0.05330046  0.02248699
 -0.08338168  0.04389549 -0.18814549 -0.05943475 -0.03667923 -0.0323625
  0.05241973  0.05017686 -0.25537637  0.09079665  0.05388236  0.01010472
 -0.04740474 -0.00413903 -0.0556318   0.02419457  0.13815181 -0.2751933
  0.14978801  0.16166627 -0.03483979  0.13200875  0.0536008   0.0177812
 -0.06054676 -0.08149528 -0.13227387 -0.03746916  0.0917777   0.02389771
  0.11110099 -0.00123317]