[-0.10319312  0.07902525  0.05532195 -0.03571893 -0.10331106 -0.08325054
 -0.01193753 -0.16035543  0.16718267 -0.04472981  0.23928814 -0.01811829
 -0.22262581 -0.10207889 -0.01033142  0.23905347 -0.18242855 -0.10025024
 -0.04760689 -0.02879513  0.02350719 -0.04835428  0.04956576  0.10224432
 -0.0909132  -0.38515428 -0.13299225 -0.12484416 -0.02087361  0.00185675
 -0.05749562  0.09667113 -0.12867832 -0.09886923  0.08189571  0.08314069
 -0.05390477 -0.10525209  0.17505138 -0.01197003 -0.24291615 -0.01663741
  0.09851822  0.23438542  0.29163858  0.01615878  0.07235116 -0.09740176
  0.11767687 -0.20869155  0.01939667  0.1187699   0.06450184  0.05805549
  0.05604112 -0.15868378  0.00808106  0.1344447  -0.20463362 -0.10558248
  0.01150039 -0.05465562 -0.0442693  -0.02905346  0.20480223  0.16353203
 -0.11495201 -0.10865758  0.18905669 -0.15414859 -0.00745882  0.02806834
 -0.21688572 -0.22062178 -0.2591874  -0.01268375  0.44688031  0.10787649
 -0.1485434   0.03711675 -0.10980289 -0.00080408  0.09480327  0.09522656
  0.03675921 -0.04642116 -0.06121721 -0.00246496  0.17306378 -0.10079449
  0.02080453  0.22060135 -0.01060304 -0.00398459  0.02464014  0.05440961
 -0.05424797  0.06810195 -0.16825202 -0.07048819  0.01100244 -0.00497186
  0.04421139  0.05204604 -0.25009903  0.07369428  0.07143028  0.02475746
  0.01940572 -0.06647203 -0.07384069 -0.04863945  0.14846745 -0.24011171
  0.20449686  0.20085645 -0.05184688  0.15518056  0.0303624   0.0459913
  0.00060258 -0.13946083 -0.14105761  0.01599154  0.10240388  0.0032353
  0.02559835 -0.02595267]