[-0.07082016  0.07706534  0.04512234 -0.05078663 -0.10753357 -0.0387204
 -0.01936062 -0.14921926  0.1573917  -0.05613134  0.25272474 -0.06162576
 -0.24003117 -0.08704937 -0.02136385  0.2659958  -0.1943994  -0.16458142
 -0.05183109 -0.00837436  0.00638363 -0.05861152 -0.01852873  0.11600371
 -0.13043778 -0.37890965 -0.11485618 -0.10658314 -0.04774539 -0.00433678
 -0.05926095  0.12364323 -0.14487346 -0.0647675   0.09348068  0.0891692
  0.00402142 -0.10224485  0.17376426 -0.01455104 -0.27608865  0.03800737
  0.15204862  0.23603383  0.24705754  0.01000523  0.04986369 -0.08293214
  0.09790906 -0.23602043  0.04958322  0.13210903  0.0857099   0.06811342
  0.05676237 -0.19272484  0.00756724  0.10760792 -0.20165788 -0.08588656
  0.02916293 -0.04320441 -0.01621586 -0.07613944  0.20147744  0.15806732
 -0.11046298 -0.13551824  0.17993154 -0.1555208  -0.02772302  0.03714759
 -0.20070708 -0.1963425  -0.31112918 -0.01957352  0.43337804  0.14242855
 -0.19417174  0.05862615 -0.08753406 -0.00938549  0.08012571  0.07985755
  0.06166209 -0.03523576 -0.08226581 -0.00517946  0.21234131 -0.05715251
  0.02620943  0.22294867 -0.00653947 -0.02685949  0.02060766  0.06400936
 -0.0548249   0.02251903 -0.16982774 -0.05504257 -0.04229798  0.01933538
  0.01072753  0.07819543 -0.26488599  0.08782423  0.05699242  0.00659488
 -0.01851012  0.00226351 -0.05003923 -0.03117426  0.15113811 -0.26622662
  0.18061054  0.17412555 -0.02272893  0.12610087  0.03011627  0.04786465
 -0.02680102 -0.1424668  -0.16712986 -0.03109001  0.07980056 -0.04192575
  0.05087044  0.02600615]