[-0.08075901  0.11135583  0.04545096 -0.0270456  -0.0470433  -0.01093562
 -0.0128607  -0.17738758  0.16319433 -0.06913166  0.20719016 -0.05311969
 -0.21454313 -0.06597    -0.04439194  0.25230271 -0.19459508 -0.15513925
 -0.05758015  0.00394144  0.03499613 -0.04685007  0.01194033  0.06023409
 -0.10153647 -0.33231288 -0.13000737 -0.08509909  0.01492075  0.0101166
 -0.07030605  0.04833394 -0.14182781 -0.05305639  0.08558973  0.10407572
 -0.02097657 -0.10412437  0.1890424  -0.00821026 -0.23331812  0.07097431
  0.09682458  0.27215609  0.26927668  0.02216227  0.02326816 -0.15608902
  0.14546809 -0.19609416  0.02017926  0.13510351  0.05566588  0.08505686
  0.03333592 -0.15971306  0.04891938  0.09713855 -0.18764217 -0.08812968
  0.04205688 -0.01628603 -0.00271685 -0.05893239  0.17877918  0.0981723
 -0.09753954 -0.17159206  0.14827363 -0.13983995 -0.00529135  0.03427089
 -0.21377301 -0.1973013  -0.28312799 -0.02258717  0.44418809  0.13065462
 -0.16153745  0.09487272 -0.07730492 -0.01319444  0.12446538  0.09791256
  0.03195869 -0.00974867 -0.09228245  0.0059427   0.22491781 -0.10471454
  0.00206626  0.20226648 -0.00918227  0.00160059  0.00907088  0.04127478
 -0.07525962  0.06565043 -0.20557772 -0.1024629  -0.00423776  0.04651843
  0.042554    0.09214275 -0.24067219  0.11856822  0.06328394  0.03743365
  0.00537795 -0.04479095 -0.0907496  -0.00947432  0.16504794 -0.23428701
  0.17715181  0.18572028  0.00069522  0.08661195  0.08746537  0.04297058
 -0.01657994 -0.0528039  -0.19166599  0.01104939  0.09026603  0.00283443
  0.07048995  0.00678755]