[-0.09023496  0.08930421  0.07142061 -0.01338111 -0.11127933 -0.03982351
 -0.03684802 -0.1733859   0.14795858 -0.05930568  0.21610127 -0.03529384
 -0.21063676 -0.04484004 -0.02780622  0.22076634 -0.20953636 -0.12042282
 -0.05906826 -0.00493116  0.03443832  0.00403351  0.03959839  0.04476445
 -0.10823865 -0.39833924 -0.12177527 -0.10169067  0.02434952  0.01345955
 -0.07284822  0.04192521 -0.14979534 -0.093887    0.10397892  0.09427079
 -0.04281415 -0.10444539  0.1765779   0.01124126 -0.22853374  0.06340028
  0.09608667  0.26354411  0.25894699  0.04059866  0.05707664 -0.17530321
  0.10571947 -0.19595121 -0.00505805  0.1341036   0.02276907  0.06559665
  0.0574112  -0.15252113  0.03512158  0.0716724  -0.19651632 -0.08403657
  0.06751316 -0.03181726 -0.01110049 -0.07487375  0.19967645  0.07436381
 -0.10156693 -0.13027972  0.13022639 -0.14967284 -0.03239703 -0.00289973
 -0.18352    -0.19177529 -0.29944965 -0.03774528  0.47881395  0.11224642
 -0.17453294  0.08160599 -0.0887987  -0.03258563  0.12246455  0.12610999
  0.04690569 -0.00660903 -0.06673728  0.02743984  0.190641   -0.10768614
  0.04692523  0.20209312  0.00788509  0.01673681  0.04420746  0.06475336
 -0.12070534  0.05494812 -0.18499833 -0.06834833 -0.01211561  0.02712588
  0.06739179  0.0824908  -0.23700321  0.12295917  0.0537946  -0.02287183
  0.02284738 -0.07155811 -0.06372973 -0.03863691  0.1503699  -0.25855416
  0.17340106  0.21169746 -0.0223244   0.14895062  0.05133281  0.04553736
 -0.04294138 -0.02352467 -0.18747883 -0.00782761  0.0433596  -0.00531967
  0.04026369 -0.00632291]