[-7.85274133e-02  9.30441618e-02  3.01653501e-02 -7.98076317e-02
 -8.83484557e-02 -6.75040558e-02 -5.52891083e-02 -1.48951113e-01
  1.35934755e-01 -6.35754541e-02  2.48940587e-01 -1.57558456e-01
 -2.56087750e-01 -7.10317194e-02 -5.01012169e-02  2.54571468e-01
 -1.71586350e-01 -1.35760218e-01 -6.55390546e-02  3.14768143e-02
  3.38526480e-02 -4.36632931e-02  7.56976334e-03  1.10653214e-01
 -9.54437181e-02 -3.86260778e-01 -1.14832245e-01 -6.60423264e-02
 -3.93489785e-02 -6.74066916e-02 -9.65799615e-02  1.12370990e-01
 -1.61462471e-01 -6.52773678e-02  7.26263300e-02  1.25997052e-01
 -8.81738402e-03 -1.14583470e-01  1.64854765e-01 -1.14359679e-02
 -2.98716873e-01  3.04613393e-02  1.38471887e-01  2.52037793e-01
  2.26617679e-01  2.42602509e-02  1.87125523e-02 -9.49188098e-02
  9.17043313e-02 -1.88604936e-01  3.84046510e-02  1.37111798e-01
  5.22676520e-02  5.00988960e-02  4.26641144e-02 -1.47087336e-01
  2.20478754e-02  1.06158353e-01 -1.56402960e-01 -1.07167043e-01
  1.13305688e-01 -5.75363338e-02 -4.18892018e-02 -1.11374274e-01
  2.19343066e-01  1.37368366e-01 -1.14467539e-01 -1.47502959e-01
  1.52916312e-01 -1.30441815e-01 -3.50532196e-02  3.09147481e-02
 -1.97589710e-01 -1.63495377e-01 -2.91751444e-01 -1.22368950e-02
  3.77310425e-01  8.73917863e-02 -1.65499359e-01  9.14242789e-02
 -3.41828540e-02  2.39176606e-03  9.62266102e-02  1.09477296e-01
  3.95120718e-02  3.67200933e-02 -8.07919428e-02  2.08574142e-02
  2.12546989e-01 -7.82727823e-02  3.38167548e-02  1.75677165e-01
 -3.60244066e-02 -6.86326716e-03  3.72159891e-02  2.91256495e-02
 -6.05237596e-02  2.81375702e-02 -1.77894935e-01 -1.02504808e-02
  1.91404056e-02 -8.54188669e-03 -2.63392478e-02  7.94469044e-02
 -2.16661364e-01  8.28466639e-02  6.09069057e-02  7.38595147e-03
  8.94517172e-03 -1.92455426e-02 -5.54862805e-02 -3.82013582e-02
  1.30476713e-01 -2.51498491e-01  1.87497750e-01  1.45615846e-01
  3.56689394e-02  7.85262287e-02  7.18089491e-02  6.69343397e-02
 -8.09766334e-06 -6.18159361e-02 -1.92744389e-01 -4.00550291e-02
  1.18532181e-01 -1.80835892e-02  7.29845092e-02  9.24237102e-05]