[-0.03757682  0.12687626  0.03332882 -0.01158939 -0.06306919 -0.04751128
 -0.01340681 -0.16326128  0.15643398 -0.04744359  0.25664887 -0.07526345
 -0.26643938 -0.10855081 -0.01144345  0.21318267 -0.17407568 -0.15293473
 -0.06703143  0.01102418  0.04189488 -0.05413632  0.04856278  0.1377894
 -0.16723605 -0.38785034 -0.08068877 -0.08872891 -0.04024451 -0.04606675
 -0.09953655  0.11822028 -0.14730953 -0.05909334  0.08865397  0.12006772
 -0.05267692 -0.12864476  0.20149529  0.03085971 -0.26703641  0.04154774
  0.06519347  0.28587162  0.27962363 -0.03273496  0.08106604 -0.0842266
  0.12217446 -0.2335799   0.02880213  0.18829837  0.048272    0.06112856
  0.06514465 -0.15136082 -0.03434927  0.12513433 -0.18891573 -0.10988629
  0.04600578 -0.04010902 -0.03879149 -0.09440406  0.14891766  0.16186036
 -0.12546423 -0.12673812  0.14919488 -0.15349881 -0.01975513  0.06529412
 -0.21661375 -0.21324149 -0.25642833  0.00904978  0.42924833  0.12194915
 -0.14477926  0.04844634 -0.07230861  0.01165029  0.07473999  0.08735147
  0.04651436  0.00605774 -0.07109203  0.06463238  0.178242   -0.06495104
 -0.01305468  0.19425856 -0.02737624 -0.04431137  0.05417538  0.05257875
 -0.06498037  0.05731164 -0.17415686 -0.02791944 -0.00853889 -0.01944351
  0.02091928  0.04462028 -0.22384787  0.07696798  0.05847979  0.0026889
  0.01911814 -0.04083346 -0.09747981 -0.0176816   0.11896551 -0.31347141
  0.19108784  0.15715614 -0.01191637  0.10805286  0.01916466  0.03802283
  0.00220961 -0.10085978 -0.12716912 -0.05171318  0.08590534  0.04392641
  0.05275401 -0.06058577]