[-1.34480998e-01  1.28771171e-01  1.20135240e-01 -4.76877205e-02
 -6.57063127e-02 -6.61479458e-02 -8.84051993e-03 -1.84990630e-01
  1.27016783e-01 -9.17602107e-02  2.55757660e-01 -1.11982144e-01
 -2.33876184e-01 -1.22144200e-01 -3.56837027e-02  2.43997797e-01
 -2.21035287e-01 -1.58034369e-01 -4.55353968e-02 -9.40564461e-03
  2.79341228e-02 -1.45892231e-02 -6.58172369e-03  4.75369804e-02
 -9.54425558e-02 -3.50529075e-01 -9.07378718e-02 -9.93948579e-02
 -2.36979201e-02 -3.15277241e-02 -5.65658510e-02  1.07670419e-01
 -2.04121739e-01 -3.06776948e-02  2.06580292e-02  3.50628383e-02
 -2.62654643e-03 -3.05332933e-02  1.10394776e-01 -2.09635999e-02
 -2.15290219e-01 -1.73765924e-02  1.18687980e-01  2.25864887e-01
  1.93104818e-01  1.93421990e-02  4.68295347e-03 -9.22808051e-02
  5.25985062e-02 -1.58102944e-01 -3.21945325e-02  1.17245249e-01
  8.57322887e-02  5.17235957e-02  4.25410829e-02 -1.98039815e-01
 -3.87894958e-02  5.51992245e-02 -1.15474246e-01  4.30091731e-02
  3.25647183e-02 -1.07664242e-01 -8.34832042e-02 -9.29024667e-02
  2.36300454e-01  7.86940753e-02 -1.22305468e-01 -1.45684719e-01
  1.66822389e-01 -1.19138293e-01 -4.13040891e-02  4.25004698e-02
 -1.79463282e-01 -1.64180502e-01 -3.04064423e-01 -3.80038880e-02
  2.92675257e-01  4.74446863e-02 -2.21517920e-01  3.05633675e-02
 -4.30325456e-02  1.38191283e-02  5.70149086e-02  1.66239053e-01
  3.59482551e-03  5.54999597e-02 -7.55726472e-02 -1.34111522e-02
  1.83802173e-01 -9.05030221e-02  2.55473834e-02  2.58831263e-01
 -6.81806952e-02  4.79252404e-03 -3.09114400e-02 -4.92391698e-02
 -3.63429151e-02 -1.17462827e-02 -1.58387229e-01 -6.67151734e-02
 -4.54036526e-05 -3.92954908e-02 -5.02817705e-02  9.78785083e-02
 -1.69110030e-01  2.47159954e-02  4.62593399e-02  4.83478270e-02
 -2.60779466e-02 -1.13863787e-02 -6.79970086e-02 -7.72689804e-02
  1.37472957e-01 -1.96740225e-01  2.15708420e-01  2.16098666e-01
  1.60561334e-02  7.03184828e-02  6.18856810e-02  5.08933552e-02
 -1.10553773e-02 -2.62420364e-02 -1.32171124e-01  8.99150211e-04
  1.21620707e-01 -8.50683525e-02  1.25530977e-02 -1.37911020e-02]