[-1.15606725e-01  1.08829699e-01  9.08516794e-02 -6.46756142e-02
 -7.84400925e-02 -9.33758542e-02 -5.35327522e-03 -1.98110387e-01
  1.25238046e-01 -1.13220811e-01  2.25256786e-01 -1.07755482e-01
 -2.38182768e-01 -8.29358101e-02 -3.63029912e-02  2.45993018e-01
 -2.17130229e-01 -1.51281387e-01 -6.73299432e-02 -2.45693028e-02
  8.46977010e-02  1.08962329e-02  5.75089501e-03  3.18760239e-02
 -8.48940983e-02 -3.21229160e-01 -1.12428151e-01 -5.67878671e-02
  1.70850903e-02 -8.20008572e-03 -6.05099462e-02  1.02835156e-01
 -1.73495978e-01 -7.47644231e-02  6.49392083e-02  2.87570339e-02
 -3.65905085e-04 -7.70755187e-02  1.55524567e-01 -3.50425243e-02
 -2.22459897e-01  5.45347892e-02  1.23469487e-01  2.22228035e-01
  1.91164657e-01  4.67525348e-02  2.29312014e-02 -1.02517620e-01
  9.61288139e-02 -1.89446017e-01 -5.76344989e-02  1.19156457e-01
  7.64393061e-02  5.23591898e-02  4.63090502e-02 -1.65739581e-01
 -5.89519832e-03  7.42385760e-02 -1.20496392e-01  1.48845194e-02
  9.66282561e-02 -8.71145353e-02 -3.68129723e-02 -8.61512348e-02
  2.00021788e-01  5.79047501e-02 -1.31176770e-01 -1.35951862e-01
  1.38583332e-01 -1.22462414e-01 -7.27439746e-02  1.28018828e-02
 -1.80829868e-01 -1.46875352e-01 -2.63496250e-01 -4.89087626e-02
  3.44221175e-01  8.60206410e-02 -2.01208279e-01  4.38324027e-02
 -2.82097217e-02  5.15195020e-02  1.15026392e-01  1.28307149e-01
  3.31972353e-03  2.35469248e-02 -8.23928788e-02 -1.59973856e-02
  2.18197033e-01 -8.90263617e-02  2.05402263e-04  2.69399285e-01
 -4.19764174e-03  5.66171892e-02 -2.10477542e-02 -1.23568317e-02
 -4.55575921e-02 -4.96745575e-03 -1.57923773e-01 -1.79059710e-02
  1.75790042e-02  5.10671735e-03 -1.09382980e-02  1.29290178e-01
 -1.32697091e-01  7.49947354e-02 -4.87683632e-04  7.86942095e-02
 -4.05766256e-02  1.67274456e-02 -6.67343289e-02 -3.94889787e-02
  7.49181286e-02 -1.76804438e-01  1.84907168e-01  2.27421433e-01
 -1.84961222e-02  4.65704128e-02  8.14670250e-02  2.84327772e-02
  1.80881452e-02  2.53156363e-03 -1.66826904e-01 -7.19815418e-02
  1.36032999e-01 -4.54830974e-02  4.94510606e-02 -9.73012019e-03]