[-1.31921038e-01  1.19774401e-01  1.25346169e-01 -5.54194115e-02
 -6.22275583e-02 -7.07313344e-02 -4.24643271e-02 -1.68955714e-01
  1.21697582e-01 -1.04213171e-01  2.58043259e-01 -1.21519759e-01
 -2.50262588e-01 -1.25713184e-01 -5.43771461e-02  2.85517126e-01
 -2.36872226e-01 -1.48154438e-01 -2.63984837e-02  1.21781174e-02
  5.12444042e-02  6.26069633e-03 -3.67639412e-04  3.18334028e-02
 -9.11657661e-02 -3.58643025e-01 -9.06902328e-02 -6.02887273e-02
 -5.30602634e-02 -1.56339612e-02 -7.67841488e-02  9.77893695e-02
 -1.68685168e-01 -4.12480645e-02  4.61869910e-02  6.64696917e-02
  4.55743168e-03 -6.92135394e-02  1.44020572e-01 -3.25530730e-02
 -2.45864779e-01  2.10757032e-02  1.46781534e-01  2.24624142e-01
  2.44532347e-01  4.32293266e-02 -2.64052092e-03 -1.02269016e-01
  1.08749926e-01 -1.85447827e-01 -5.41188233e-02  1.20484509e-01
  6.89567924e-02  3.82483453e-02  6.51808754e-02 -1.58737853e-01
 -1.72146000e-02  7.61244595e-02 -8.70794803e-02 -3.60287055e-02
  6.48061186e-02 -9.20077562e-02 -1.06672756e-02 -9.59987566e-02
  2.13044867e-01  4.08844948e-02 -1.32610843e-01 -1.19375542e-01
  1.52103409e-01 -1.20379820e-01 -7.78504908e-02  1.41039435e-02
 -1.76505536e-01 -1.60764053e-01 -3.27821851e-01 -5.85558601e-02
  3.22342277e-01  7.09101632e-02 -2.12270379e-01  6.10169955e-02
  1.67532358e-02  2.22658236e-02  1.31125912e-01  1.85087875e-01
  3.67053114e-02  1.81452371e-02 -9.54877287e-02 -4.62804250e-02
  2.22702935e-01 -7.99202695e-02  2.64793392e-02  2.41154864e-01
 -3.69199477e-02  4.93286215e-02 -1.52206374e-02 -2.26208270e-02
 -3.00113801e-02  2.40527615e-02 -1.68706939e-01 -8.49465467e-03
 -9.52587090e-03  6.68760482e-03 -3.08265630e-02  1.14532374e-01
 -1.42220333e-01  3.35026793e-02  2.91661918e-02  7.74051771e-02
 -2.85067987e-02 -7.08144763e-03 -5.38742132e-02 -3.48721519e-02
  9.08655524e-02 -1.92607164e-01  1.77292079e-01  1.96283191e-01
 -2.68880334e-02  6.50818944e-02  9.60171521e-02  5.98433726e-02
 -9.55081731e-03 -1.66114364e-02 -1.72174633e-01 -5.02576530e-02
  1.13411047e-01 -6.26627505e-02  7.73867592e-02  3.39977443e-04]