[-1.02383099e-01  1.03693344e-01  8.60485956e-02 -6.42738640e-02
 -3.05420756e-02 -9.46067497e-02  1.86428137e-03 -1.86802194e-01
  1.44457743e-01 -1.12290345e-01  2.34065130e-01 -9.92061272e-02
 -2.25148827e-01 -8.83576423e-02 -4.59758490e-02  2.51971871e-01
 -2.29395628e-01 -1.36016384e-01 -8.31692591e-02 -2.40429137e-02
  7.59138316e-02  9.67588462e-03  9.03827697e-03  3.01896781e-02
 -8.00190195e-02 -3.18563402e-01 -9.52704176e-02 -6.22082129e-02
  1.15843154e-02 -2.57338327e-03 -4.69820462e-02  8.98858681e-02
 -1.74434796e-01 -7.60231018e-02  6.62204996e-02  3.01358756e-02
 -1.68081969e-02 -8.71304199e-02  1.90394491e-01 -3.84779200e-02
 -2.23850638e-01  4.70739678e-02  1.28589794e-01  2.11954221e-01
  2.04034612e-01  5.04988991e-02  1.85380559e-02 -1.40040562e-01
  1.37413830e-01 -1.96737811e-01 -4.62148748e-02  1.14133969e-01
  7.87214860e-02  6.64291680e-02  4.15764749e-02 -1.59553364e-01
 -5.58271958e-03  9.25642699e-02 -1.15728609e-01 -1.27161983e-02
  8.24926198e-02 -6.88911006e-02 -3.74303721e-02 -8.35912898e-02
  1.96541384e-01  6.18506335e-02 -1.38588980e-01 -1.35590151e-01
  1.51678115e-01 -1.20876692e-01 -7.92530775e-02  1.59918349e-02
 -1.63346782e-01 -1.48848638e-01 -2.79562265e-01 -4.15209308e-02
  3.37822080e-01  5.91921695e-02 -1.87506691e-01  3.06789037e-02
 -2.49269381e-02  3.03371679e-02  1.12100445e-01  1.35751963e-01
 -2.02261601e-02 -2.20543894e-04 -5.92507087e-02 -2.98817288e-02
  2.43277058e-01 -7.64955357e-02 -7.53880618e-03  2.34320477e-01
 -1.39056733e-02  5.23006581e-02 -3.23687308e-02 -5.66577632e-03
 -5.86624034e-02  2.36378144e-02 -1.75553948e-01 -1.26150874e-02
  3.25603373e-02  2.57149283e-02 -1.38763217e-02  1.43506095e-01
 -1.53705403e-01  8.87278244e-02 -1.33097603e-03  5.56025878e-02
 -4.20576707e-03  4.39072540e-03 -7.29082748e-02 -3.39782201e-02
  8.32878277e-02 -1.55810192e-01  1.96861520e-01  2.08332017e-01
  4.88450285e-03  4.89081852e-02  9.51665789e-02  3.63885313e-02
  1.59736369e-02  1.59310549e-02 -2.07705840e-01 -6.52282164e-02
  1.51761919e-01 -3.18705216e-02  5.86024411e-02 -2.55463365e-02]