[-0.11353966  0.0982702   0.08543686 -0.06013487 -0.05630434 -0.11025538
 -0.01671584 -0.19698934  0.12863263 -0.10848659  0.22647031 -0.09327967
 -0.22192852 -0.10663416 -0.03220828  0.22904578 -0.19539383 -0.15219091
 -0.07301657 -0.01300074  0.08437882 -0.00040722  0.01134752  0.03094225
 -0.08022971 -0.34109494 -0.10671176 -0.0760856   0.01065159 -0.00051192
 -0.04248341  0.08863471 -0.18770467 -0.07327419  0.05149545  0.03338858
  0.00972719 -0.05713796  0.173747   -0.04387976 -0.24779475  0.05480409
  0.11772694  0.2107114   0.19960347  0.03881139  0.02772356 -0.10874351
  0.12365928 -0.18013547 -0.03458953  0.11466769  0.10460103  0.03450494
  0.05295788 -0.15799576  0.00551937  0.08702995 -0.15037858  0.00585458
  0.08930216 -0.07696001 -0.04434062 -0.07012154  0.19977573  0.06451281
 -0.12323081 -0.14046693  0.14243095 -0.13994913 -0.04417357  0.03412431
 -0.18177794 -0.15316002 -0.28666225 -0.03326488  0.34315762  0.06701609
 -0.19935408  0.04867877 -0.02946933  0.04390163  0.11253809  0.11346077
 -0.00851352  0.0164978  -0.0813482  -0.02748214  0.22495078 -0.07641535
  0.00534913  0.24679326 -0.01179774  0.04869508 -0.02345554 -0.01828909
 -0.05249127 -0.00590585 -0.15526903 -0.00728889  0.00414741  0.00512972
 -0.01492049  0.11951538 -0.15212819  0.065364   -0.00814887  0.06129077
 -0.02973923  0.01418763 -0.06339822 -0.0631972   0.07747632 -0.16468306
  0.19359748  0.20665455 -0.00810991  0.05157612  0.07529656  0.0305052
  0.0043841   0.01085729 -0.18128955 -0.05270716  0.14167947 -0.05451946
  0.05631676 -0.02071837]