[-0.13370961  0.12156346  0.12719196 -0.04810099 -0.08300384 -0.05655008
 -0.04124649 -0.16528772  0.12088756 -0.10661024  0.26003909 -0.12664166
 -0.2461787  -0.09029517 -0.05655304  0.28058362 -0.22476096 -0.13854761
 -0.02882733 -0.00410204  0.06387682  0.01077683 -0.01350881  0.02401185
 -0.09813403 -0.34919977 -0.08093291 -0.05298356 -0.04382374 -0.02876441
 -0.08006822  0.08173785 -0.17452934 -0.04431305  0.04554851  0.07103613
 -0.00720919 -0.07787822  0.13954414 -0.04040277 -0.23710366  0.03408714
  0.15468422  0.22298853  0.21952644  0.03957114 -0.00277076 -0.10616996
  0.1047219  -0.18776332 -0.06043516  0.11643004  0.06583133  0.04347573
  0.07030261 -0.1633555  -0.01723521  0.07983965 -0.07948127 -0.01955805
  0.06385382 -0.07289789 -0.00770442 -0.09714191  0.21350311  0.03840369
 -0.12646686 -0.11349161  0.13197999 -0.11154135 -0.07795717  0.01341324
 -0.16908303 -0.17261243 -0.31527957 -0.05473781  0.33060074  0.05969627
 -0.22424011  0.05908326  0.02713962  0.01630822  0.14323613  0.17846166
  0.04298591  0.02325097 -0.09587346 -0.03256303  0.23741595 -0.09161826
  0.03547648  0.24729271 -0.02676844  0.03865644 -0.01564917 -0.00523153
 -0.04396508  0.01724378 -0.16776282 -0.01888498  0.00428101 -0.00137434
 -0.0394237   0.11359062 -0.16069232  0.03610479  0.02732635  0.06762116
 -0.03111052 -0.00936655 -0.05613619 -0.0292149   0.09849416 -0.19648454
  0.17354456  0.20724313 -0.03997376  0.06731914  0.09247017  0.04581835
  0.00363933 -0.00369499 -0.16699354 -0.05561148  0.10173156 -0.06404842
  0.0568708  -0.00160095]