[-1.18802428e-01  9.45839211e-02  1.00109115e-01 -5.13405614e-02
 -5.09512201e-02 -9.77191254e-02 -1.27513974e-03 -1.80244148e-01
  1.19198635e-01 -1.01490438e-01  2.13650182e-01 -9.71419066e-02
 -2.25002676e-01 -1.03430510e-01 -2.41894312e-02  2.29689628e-01
 -1.94912776e-01 -1.47591785e-01 -7.06034228e-02 -1.52906952e-02
  8.62960145e-02  1.07847303e-02  4.45878599e-03  2.10629348e-02
 -6.79417029e-02 -3.24469060e-01 -1.01869307e-01 -5.43697663e-02
  1.40014067e-02 -4.39896947e-03 -4.72490452e-02  9.39425230e-02
 -1.78963050e-01 -8.29678476e-02  5.10902107e-02  3.15306969e-02
 -9.94909741e-03 -7.14658350e-02  1.66208461e-01 -3.68321240e-02
 -2.13628799e-01  4.62491959e-02  1.16541125e-01  2.22353175e-01
  2.04619601e-01  5.20354621e-02  2.35406067e-02 -1.06174648e-01
  9.92390737e-02 -1.95135102e-01 -4.98801731e-02  1.17658891e-01
  7.96716213e-02  5.93552068e-02  4.77363877e-02 -1.57280907e-01
  9.69608035e-03  6.88780546e-02 -1.18363477e-01  2.01965831e-02
  9.59721580e-02 -8.60498101e-02 -4.21686433e-02 -8.09392557e-02
  2.09416375e-01  3.56707461e-02 -1.34546727e-01 -1.25509396e-01
  1.28645882e-01 -1.18880689e-01 -7.37974495e-02  1.33510772e-02
 -1.70940623e-01 -1.44366860e-01 -2.75445789e-01 -2.94529404e-02
  3.38309109e-01  7.39670321e-02 -2.11119220e-01  4.90488075e-02
 -3.19663845e-02  4.99418341e-02  1.23227350e-01  1.29760012e-01
 -2.17716419e-03  8.87530483e-03 -7.98091441e-02 -3.25617976e-02
  2.13317111e-01 -6.74186572e-02 -4.34724009e-03  2.49150187e-01
 -2.07424210e-03  5.29155098e-02 -1.75271817e-02 -1.20402835e-02
 -3.50248329e-02  5.42681990e-03 -1.58783019e-01 -1.10308407e-02
  3.10951155e-02 -3.48993181e-03 -1.03082331e-02  1.26378015e-01
 -1.38658807e-01  9.28438231e-02  5.57635736e-04  8.36920962e-02
 -1.39296176e-02  1.49966028e-04 -7.79451057e-02 -2.97658090e-02
  7.42228255e-02 -1.74628288e-01  1.87109947e-01  2.15394959e-01
 -8.19645356e-03  5.27036451e-02  9.20264795e-02  4.71073203e-02
  8.96530040e-03  2.00248361e-02 -1.82809368e-01 -6.29308224e-02
  1.35990098e-01 -3.62916328e-02  5.68286590e-02 -1.37091510e-03]