[-0.13765912  0.12400474  0.10424792 -0.05771046 -0.08933616 -0.05835487
 -0.04229171 -0.17500976  0.1416757  -0.09966157  0.23904787 -0.11070939
 -0.24127321 -0.11327004 -0.05437412  0.2657969  -0.23601711 -0.15590505
 -0.03472031 -0.00637183  0.05852786  0.01225209 -0.00690135  0.03939659
 -0.10199375 -0.3589364  -0.07796954 -0.0582366  -0.04804468 -0.0351078
 -0.05974907  0.11621262 -0.19581766 -0.05002809  0.03914294  0.05438262
 -0.0090991  -0.06040336  0.14514674 -0.03221415 -0.24409425  0.02261339
  0.1507832   0.23212555  0.21992779  0.03839805  0.00298835 -0.09295319
  0.105829   -0.15422267 -0.06278919  0.15413976  0.04139272  0.03759305
  0.06356039 -0.1732102  -0.02412267  0.06808075 -0.07764125 -0.00338245
  0.07364186 -0.1008873  -0.0342936  -0.1085784   0.20267878  0.02987592
 -0.11211669 -0.14667349  0.14874287 -0.11027405 -0.08116621  0.02470379
 -0.19708632 -0.17183857 -0.31372187 -0.05424431  0.32509837  0.06789929
 -0.20063703  0.0761812   0.02413444  0.01609165  0.11874702  0.19526505
  0.03919227  0.04338815 -0.08402081 -0.01761581  0.21246199 -0.05944112
  0.01444554  0.24527207 -0.03444027  0.02177207 -0.01283788 -0.02793749
 -0.04648245  0.01628682 -0.17401513 -0.02829453  0.00908697 -0.00482475
 -0.02992753  0.11536358 -0.12897715  0.0426342   0.02728104  0.09053445
 -0.04891727  0.00659967 -0.06093346 -0.03794224  0.09376709 -0.18337665
  0.19843529  0.19148469 -0.01441788  0.06698738  0.09201209  0.06612354
 -0.00672963  0.00866212 -0.16121753 -0.05721904  0.10536516 -0.05514596
  0.08080088  0.00052209]