[-0.11948132  0.11871145  0.10667945 -0.04951583 -0.06849267 -0.08120316
 -0.01327491 -0.17259799  0.16128027 -0.12256818  0.25154817 -0.07992307
 -0.24026711 -0.14983819 -0.02324037  0.2674267  -0.24574564 -0.16043277
 -0.03638279 -0.0178227   0.06468946  0.01175108  0.00263765  0.02910021
 -0.09864952 -0.35849538 -0.09326189 -0.07925771 -0.03299949 -0.04877278
 -0.04683646  0.11802862 -0.17975779 -0.06683667  0.05037395  0.03775351
 -0.01511684 -0.04490459  0.17819986 -0.0363799  -0.2254093   0.02718608
  0.13091098  0.23730235  0.23347354  0.04317806  0.00327578 -0.08197986
  0.11083779 -0.1731329  -0.05950784  0.13693865  0.06905965  0.03722562
  0.06236057 -0.17232469 -0.02966031  0.04832011 -0.13107224 -0.02899274
  0.08527421 -0.11578895 -0.04729063 -0.06696127  0.21177235  0.03558061
 -0.11161045 -0.14560132  0.17063458 -0.1404112  -0.05559687  0.02495828
 -0.19566004 -0.1536843  -0.29428533 -0.05950643  0.32154816  0.07125789
 -0.17421488  0.06443704 -0.01071338  0.03283374  0.10305653  0.13921984
  0.02102055  0.02771928 -0.07458781 -0.00851261  0.19233735 -0.05923612
  0.00336322  0.23732042 -0.01904778  0.02841052 -0.00224643 -0.07231588
 -0.01723382  0.00222042 -0.18063748 -0.00991222 -0.02946105 -0.00567158
 -0.00767839  0.11468213 -0.13172318  0.04867743  0.01792948  0.07238904
 -0.06512153  0.01847084 -0.09677491 -0.04391224  0.08914871 -0.19677578
  0.20292354  0.19699116 -0.01938521  0.0660345   0.06771748  0.05627995
 -0.02202763 -0.01113093 -0.16907886 -0.04953625  0.11766594 -0.04754771
  0.10217778 -0.01286372]