[-9.84555557e-02  1.91309035e-01  8.13751444e-02 -2.76673976e-02
 -5.17412424e-02 -5.62044680e-02 -4.90677357e-02 -1.32355407e-01
  9.57723260e-02 -1.92972496e-02  2.64807343e-01 -5.91741316e-02
 -2.52643436e-01 -3.66907567e-02 -3.13959382e-02  1.20059505e-01
 -1.56478241e-01 -9.37878564e-02 -6.54506907e-02 -5.63824177e-02
  1.24595121e-01  3.14677730e-02  4.58752690e-03  4.10788140e-04
 -1.23068869e-01 -2.87937999e-01 -1.20980814e-01 -7.91682601e-02
  6.60561770e-02 -2.32613962e-02 -1.16312644e-02 -4.97720204e-02
 -1.77614152e-01 -9.07225981e-02  6.23154938e-02  4.66749221e-02
  3.28215217e-04 -6.57341182e-02  1.68366924e-01  1.64201539e-02
 -1.77558988e-01  2.57299133e-02  2.71938872e-02  2.69585073e-01
  1.60868526e-01  5.24742790e-02  5.59134968e-02 -1.44021302e-01
  5.91666698e-02 -1.49354503e-01  4.31100912e-02  1.82788476e-01
  9.02383402e-02  1.26348481e-01 -5.32324938e-03 -1.81319803e-01
  5.66912070e-02  1.10289514e-01 -1.66678101e-01 -4.58813924e-03
  1.07923687e-01 -7.97366276e-02 -2.23245844e-03 -5.57925068e-02
  2.03051612e-01  6.12857156e-02 -1.37277722e-01 -1.56640127e-01
  8.59489664e-02 -1.17607437e-01 -7.95082077e-02  4.39119264e-02
 -1.74660787e-01 -1.33859619e-01 -3.44077736e-01  3.65948491e-02
  4.35107142e-01  8.27526078e-02 -2.22118959e-01  1.40582127e-02
 -1.02274857e-01  3.76421325e-02  1.30505368e-01  1.21805862e-01
 -2.83462945e-02  2.35864259e-02 -7.81624988e-02  1.08093834e-02
  1.91579774e-01 -9.32636037e-02 -6.46102279e-02  1.67414665e-01
 -9.52145178e-03  8.07500854e-02  4.32619229e-02  8.64319131e-02
 -8.35466757e-02 -9.14563704e-03 -6.16913326e-02  2.01593377e-02
 -1.33789668e-03 -6.13611527e-02 -1.93922706e-02  1.14364997e-01
 -1.98184177e-01  1.49882913e-01  5.32257445e-02 -1.52671454e-03
 -4.93516922e-02 -3.06851920e-02 -4.14667092e-02 -2.37409770e-02
  1.52899191e-01 -2.62845397e-01  2.53294349e-01  2.44765043e-01
 -8.69105477e-03  1.37126818e-01  8.55470225e-02  6.54947981e-02
 -2.92608291e-02  5.27184969e-03 -1.48208991e-01 -7.87536725e-02
  1.85216274e-02 -4.84057749e-03  6.10523522e-02 -1.34279793e-02]