[-0.05633055  0.20214878  0.06346351 -0.00450312 -0.02833858 -0.02910139
 -0.05977702 -0.08436295  0.15868376 -0.01316718  0.25907469  0.01426786
 -0.19829981 -0.0907196  -0.00911228  0.11918036 -0.16772936 -0.06858011
 -0.07566276 -0.08271809  0.11712589  0.0547246   0.0365779  -0.00392486
 -0.15680933 -0.33469778 -0.11948191 -0.12522388  0.06269936 -0.03723909
 -0.00863256 -0.04516698 -0.19827507 -0.10486858  0.05128368  0.01872581
 -0.02154154 -0.03813473  0.16060172  0.04924464 -0.15255602  0.06759124
  0.00673931  0.28251201  0.20441735  0.06120477  0.05150488 -0.13936968
  0.0512474  -0.17561427  0.07756688  0.19618049  0.04728382  0.13621251
  0.02717751 -0.15664136  0.0475003   0.07743467 -0.20600323 -0.02908413
  0.08248001 -0.03990134 -0.01933973 -0.01677984  0.18611102  0.09087179
 -0.10568178 -0.16537379  0.07645338 -0.14877322 -0.02896611  0.05102238
 -0.16110757 -0.16695343 -0.33671337  0.0870011   0.44626904  0.139292
 -0.20702329  0.01719866 -0.14385989  0.01912833  0.13283175  0.06276276
 -0.03026266 -0.00719019 -0.06601966  0.04403288  0.16341864 -0.07705963
 -0.05935275  0.19665533  0.00376291  0.04423845  0.0455842   0.06689269
 -0.10408554  0.00811143 -0.10051639  0.00143324 -0.00567951 -0.0407833
 -0.00810519  0.10017314 -0.21200092  0.15490763  0.06002906 -0.05871017
 -0.03869055 -0.01432592 -0.09317403 -0.04868121  0.16278394 -0.25327671
  0.27217627  0.22690296  0.00731706  0.17871849  0.0853163   0.0850625
 -0.06029011 -0.03010472 -0.12875909 -0.05133208  0.01168753  0.01897271
  0.05092578 -0.02892821]