[-8.06289241e-02  1.56822130e-01  6.84837475e-02 -3.01396232e-02
 -5.84821813e-02 -8.70552361e-02 -1.04891613e-01 -1.44998357e-01
  1.25551030e-01 -3.39224972e-02  2.70680964e-01 -5.25000058e-02
 -2.02411160e-01 -9.38622653e-02 -4.45785522e-02  1.38826504e-01
 -2.24112555e-01 -1.06625013e-01  2.05447767e-02 -6.46137595e-02
  1.08371951e-01  4.00186442e-02  3.48367728e-02  1.40518649e-02
 -1.07131459e-01 -3.18131655e-01 -1.28382131e-01 -1.16984032e-01
  4.81911451e-02  1.49528384e-02 -2.10576542e-02 -1.10172555e-02
 -1.72749192e-01 -8.61551762e-02  7.08570555e-02  5.44406883e-02
 -5.92690660e-03 -3.25400792e-02  1.61180481e-01  2.46461909e-02
 -1.47917196e-01  9.99950338e-03  9.08218353e-05  2.48357579e-01
  1.49365038e-01  8.80840346e-02  4.27413546e-02 -1.55923530e-01
  4.14092578e-02 -1.31650820e-01  6.58671856e-02  2.04679713e-01
  8.06740820e-02  9.16438326e-02  6.01587025e-03 -1.92615196e-01
  6.88158497e-02  7.27463886e-02 -1.60381675e-01 -2.25390643e-02
  1.05466090e-01 -2.71928050e-02  2.60150190e-02 -2.09646132e-02
  2.50164360e-01  5.65360487e-02 -1.25260934e-01 -1.29933804e-01
  1.15002356e-01 -9.74827856e-02 -8.95633250e-02  5.40779419e-02
 -1.57870263e-01 -1.60712525e-01 -3.27252328e-01  1.41604869e-02
  4.39973265e-01  7.33708143e-02 -2.26146847e-01  9.71650355e-04
 -1.09623984e-01  1.49711883e-02  1.44278884e-01  8.83069858e-02
 -6.26057833e-02  2.76859608e-02 -1.16906904e-01 -2.93473452e-02
  1.69144914e-01 -6.46866113e-02 -7.42087811e-02  1.92459330e-01
  7.41530210e-04  1.17127262e-01  7.73768276e-02  6.90156147e-02
 -3.95460390e-02  1.79684330e-02 -9.83696803e-02  2.58960272e-03
  7.35201035e-03 -6.22741841e-02 -5.61371557e-02  1.12499528e-01
 -1.88802332e-01  1.28061488e-01  6.22448437e-02 -2.04874631e-02
 -8.31231028e-02 -9.81192943e-03 -8.56325254e-02 -3.39418501e-02
  1.69465691e-01 -2.64712304e-01  2.42921785e-01  2.24528298e-01
  5.28065562e-02  1.85296044e-01  8.46594200e-02  6.09382987e-02
 -7.37842545e-02 -8.54420066e-02 -1.55777857e-01 -6.40252084e-02
  1.42102567e-02 -1.31606823e-02  6.56174198e-02  2.66023334e-02]