[-0.10303801  0.12971438  0.10417645  0.01209286 -0.08778971 -0.0683634
 -0.02523089 -0.14469747  0.09129112 -0.02942705  0.30124477 -0.04020867
 -0.14096831 -0.17217895 -0.01804051  0.18682896 -0.23168862 -0.13405681
 -0.09035438 -0.01135227  0.10706996  0.01953937  0.02467668 -0.0023888
 -0.03098594 -0.34686449 -0.06582885 -0.04520987  0.12813549 -0.03762886
 -0.06711727 -0.00825908 -0.22883919 -0.12908702  0.06496568  0.07356118
 -0.04861736 -0.07771021  0.18219127 -0.09374656 -0.21120249  0.07019071
  0.10110159  0.18308707  0.27487126  0.06152934 -0.0038347  -0.12096599
  0.12701786 -0.12007602  0.01773596  0.15057845  0.1552794   0.07049067
  0.01670203 -0.14180994 -0.01254774  0.07854202 -0.1316991  -0.07170904
  0.0814677  -0.11020187  0.00887232 -0.07797807  0.15347478  0.00532961
 -0.05822266 -0.22005256  0.11311466 -0.13501082 -0.06322794  0.07344394
 -0.13804349 -0.10487665 -0.3198491  -0.01749139  0.41197973  0.02627917
 -0.19418387  0.03563636 -0.04574208 -0.00784951  0.09781466  0.07796317
 -0.0157189  -0.00330251 -0.15331905 -0.02224733  0.19042973 -0.07151254
 -0.0271486   0.15805568  0.00166078  0.05346958  0.05645533  0.00750425
 -0.03609939  0.07490998 -0.12397271 -0.00792987 -0.01835766 -0.02481149
  0.00795023  0.08044064 -0.10754349  0.08289742  0.0048487   0.0971599
 -0.01633578 -0.05920246 -0.08967769 -0.0452267   0.0959171  -0.2210971
  0.23165035  0.16377781 -0.00132838  0.11388314  0.09476918  0.10106259
 -0.04209071 -0.00589836 -0.17976825 -0.04013157  0.06304063 -0.02489552
  0.12646627  0.02529447]