[-1.48722157e-01  1.78928256e-01  1.07944302e-01  3.57753113e-02
 -5.78736924e-02 -3.18292044e-02 -1.49056613e-02 -1.42890066e-01
  9.49251279e-02  6.65286032e-04  3.24990511e-01 -1.10720102e-04
 -2.06215903e-01 -1.25176251e-01 -1.21992351e-02  1.43169627e-01
 -2.20069915e-01 -1.17170870e-01 -7.91947842e-02 -2.78853532e-02
  2.21976321e-02 -6.35381881e-03  1.06636267e-02 -8.89029913e-03
 -5.80180660e-02 -3.12236905e-01 -5.46771586e-02 -1.00925162e-01
  1.18329249e-01 -9.02217552e-02 -1.10202983e-01 -1.43282283e-02
 -2.37353876e-01 -1.34038240e-01  3.31300646e-02  3.03712618e-02
  6.73804292e-03  2.34051477e-02  1.45850971e-01 -6.52176961e-02
 -1.69968456e-01  3.83686014e-02  6.86732233e-02  2.22856089e-01
  2.34331012e-01  8.96718800e-02 -5.31118214e-02 -6.64433539e-02
  4.01626863e-02 -1.63383931e-01  3.96382697e-02  1.44695148e-01
  1.56139866e-01  5.69429770e-02 -2.83906404e-02 -1.83724076e-01
 -4.95614968e-02  4.97847013e-02 -1.19259499e-01  1.21206185e-02
  1.17809765e-01 -1.25555933e-01 -6.25333935e-02 -4.66451980e-02
  2.13220954e-01  4.80167717e-02 -9.74391475e-02 -1.75993249e-01
  1.23411141e-01 -1.19588017e-01 -3.77804227e-02  5.23622297e-02
 -1.13014214e-01 -1.15279391e-01 -2.85750538e-01  4.69032452e-02
  3.66021961e-01  6.49870485e-02 -2.25968912e-01  7.99063034e-03
 -1.25201613e-01  1.64260827e-02  6.07429519e-02  5.00179715e-02
 -3.19446661e-02 -6.66467845e-03 -1.24951445e-01 -4.19169366e-02
  1.42751560e-01 -1.46347554e-02  3.45738395e-03  1.85478672e-01
 -3.85075286e-02  6.06995635e-02  3.88322026e-02  2.29489785e-02
 -4.14271876e-02 -6.47748588e-03 -1.17891334e-01 -2.51201484e-02
 -2.19509490e-02 -5.70331775e-02 -7.68039376e-03  1.30708262e-01
 -1.44328028e-01  7.64401034e-02  1.20335482e-02  9.24863145e-02
  4.63287793e-02  9.23700645e-05 -2.41999608e-02 -9.89026204e-02
  1.21790290e-01 -2.55446315e-01  2.59694725e-01  2.07417443e-01
 -1.23178074e-02  7.77826533e-02  6.70415461e-02  8.60149190e-02
 -2.61208992e-02  2.78516598e-02 -1.97529674e-01 -6.03672341e-02
  5.26916087e-02 -1.21083654e-01  5.26872873e-02  1.84589084e-02]