[-9.36954245e-02  1.16488695e-01  1.04372978e-01  3.80022055e-03
 -1.19403683e-01 -2.55729388e-02 -9.00400896e-03 -1.63382724e-01
  9.33042914e-02 -5.04772738e-02  3.77868503e-01 -2.02472489e-02
 -2.08717465e-01 -1.70061335e-01  1.22473566e-02  1.60151020e-01
 -1.86902031e-01 -1.39433101e-01 -7.08817840e-02 -3.08884364e-02
  3.02309673e-02 -2.78633889e-02  4.74048518e-02 -1.64984111e-02
 -8.15996528e-02 -3.06484729e-01 -9.13611650e-02 -9.63928476e-02
  8.54982808e-02 -6.70624301e-02 -6.65912330e-02  3.89800295e-02
 -1.92722932e-01 -1.13414578e-01  7.89383650e-02  4.35794555e-02
 -4.33148295e-02 -2.00097170e-02  1.76389813e-01 -6.88003823e-02
 -2.02319264e-01  4.74956445e-02  6.21963739e-02  2.08230600e-01
  2.40145922e-01  7.45606050e-02  6.47675572e-03 -1.00767516e-01
  9.42169055e-02 -1.32793903e-01  4.71921377e-02  1.40929490e-01
  1.70829162e-01  1.57250743e-02  2.41503268e-02 -1.70385882e-01
 -2.76755970e-02  1.21902697e-01 -1.31865665e-01 -4.14613746e-02
  7.47962967e-02 -1.33017391e-01 -2.11148653e-02 -7.24519491e-02
  1.90316588e-01  5.38874380e-02 -8.12165812e-02 -1.76980019e-01
  1.47062644e-01 -1.06708340e-01 -6.09549247e-02  1.05306521e-01
 -1.92847595e-01 -1.31974623e-01 -2.96653092e-01 -1.61574790e-04
  4.27169174e-01  3.32198218e-02 -2.00279757e-01 -7.13292160e-04
 -2.93019544e-02  1.92588624e-02  6.89199567e-02  1.13827206e-01
 -2.16649193e-02 -3.38168144e-02 -1.19383015e-01 -5.40265515e-02
  1.64363667e-01 -8.54879171e-02 -1.95956305e-02  1.56951681e-01
 -2.56784502e-02  4.95050438e-02  5.49930930e-02 -3.17070596e-02
 -1.35960793e-02  7.42467074e-03 -1.14590123e-01 -3.41742598e-02
 -9.79896113e-02 -5.08110523e-02 -2.32830551e-02  8.36053416e-02
 -1.40263826e-01  5.48095405e-02 -7.04951724e-03  5.24635911e-02
 -4.78099249e-02 -7.14819059e-02  1.34553378e-02 -4.90329638e-02
  9.79830474e-02 -2.86749691e-01  2.11565182e-01  2.01197430e-01
 -1.85947085e-03  1.10825635e-01  4.81177978e-02  6.71727285e-02
 -2.99277063e-02 -2.45070900e-03 -1.78315207e-01 -4.67177033e-02
  5.87352179e-02 -8.52832422e-02  8.78320113e-02 -2.13447530e-02]