[-9.35700014e-02  1.40459210e-01  6.64568618e-02  1.24625061e-02
 -5.24261482e-02 -2.67967377e-02 -7.99568021e-04 -1.74645424e-01
  9.74043757e-02 -7.11977258e-02  3.29537451e-01 -3.62811498e-02
 -2.19091460e-01 -1.27238154e-01 -2.96215620e-02  1.54869795e-01
 -2.26474047e-01 -1.01485610e-01 -1.02425396e-01 -1.03767756e-02
  5.50438054e-02  1.82754099e-02  4.59588878e-02 -3.36435139e-02
 -3.64305638e-02 -2.83784121e-01 -1.07781745e-01 -6.11176267e-02
  6.82592317e-02 -2.84138229e-02 -4.80677262e-02 -1.54814692e-02
 -1.97917387e-01 -1.29089385e-01  6.54922351e-02  2.82125119e-02
 -1.90351829e-02 -2.13390235e-02  1.54348344e-01 -3.97329405e-02
 -1.83047026e-01  6.51161224e-02  9.21777934e-02  2.18498498e-01
  2.14139819e-01  8.73851702e-02 -2.51132008e-02 -1.53159842e-01
  7.69220218e-02 -1.26019210e-01  1.77996457e-02  1.23370223e-01
  1.67704985e-01  7.62276128e-02  3.23150158e-02 -1.64132446e-01
 -1.55032650e-02  9.19023976e-02 -6.85688257e-02 -2.33848970e-02
  8.12677890e-02 -7.61472136e-02  3.22890878e-02 -7.11324662e-02
  1.90887779e-01  3.35588008e-02 -1.03736632e-01 -1.93548068e-01
  1.06862128e-01 -1.13101065e-01 -1.32117435e-01  6.99208304e-02
 -1.36755630e-01 -1.12933293e-01 -3.37770373e-01 -2.64562853e-02
  4.11085337e-01  4.55417037e-02 -2.09071204e-01 -6.74840063e-03
 -6.29445612e-02 -7.90412351e-03  8.88584703e-02  1.42424688e-01
 -2.94323098e-02  7.09951529e-03 -1.03522979e-01 -6.36944026e-02
  1.96041688e-01 -6.91927746e-02 -7.47242495e-02  1.62816986e-01
 -3.80096026e-02  7.65166879e-02  4.70175967e-02  6.55693421e-03
 -4.13043089e-02  2.73048673e-02 -1.38002872e-01 -3.26223597e-02
 -4.80134040e-02 -4.95704524e-02 -2.52472293e-02  1.10225417e-01
 -1.32394776e-01  9.39822122e-02  5.26192412e-03  5.85721247e-02
 -1.71495862e-02 -2.16885284e-02 -2.69579142e-02  1.14536453e-02
  1.07555367e-01 -2.70861596e-01  2.59380430e-01  1.97076127e-01
 -4.12729802e-03  9.19697806e-02  9.54909399e-02  8.34634826e-02
 -3.84508334e-02  4.01265286e-02 -1.83010548e-01 -9.99900699e-02
  3.55646200e-02 -4.81631309e-02  1.16520084e-01 -2.30348858e-04]