[-1.12943724e-01  1.81053802e-01  7.50972033e-02 -3.36543582e-02
 -6.47119880e-02 -6.97636008e-02 -4.78384905e-02 -1.35394514e-01
  9.81174633e-02 -1.52967274e-02  2.40374088e-01 -5.88546395e-02
 -2.52683729e-01 -5.07028662e-02 -9.62644629e-03  1.26014680e-01
 -1.51614502e-01 -9.63467956e-02 -6.20824359e-02 -5.40959649e-02
  1.15264766e-01  2.75306199e-02  8.85960367e-03  9.23692808e-03
 -1.21684290e-01 -3.04064482e-01 -1.38597026e-01 -9.02750865e-02
  5.97228892e-02 -2.04598699e-02 -1.96519755e-02 -5.13447784e-02
 -1.81775197e-01 -1.03138499e-01  5.91642149e-02  4.87947576e-02
 -2.76342942e-03 -6.48735985e-02  1.60496235e-01  2.36354675e-02
 -1.76993862e-01  1.70138199e-02  1.86551958e-02  2.67463893e-01
  1.68525368e-01  5.86475842e-02  6.52992055e-02 -1.37717232e-01
  6.66326582e-02 -1.53718337e-01  4.56036665e-02  1.72271684e-01
  9.25037265e-02  1.14957772e-01  9.14002489e-03 -1.74809262e-01
  6.62235022e-02  1.07955851e-01 -1.94929242e-01 -8.97415262e-03
  1.09880947e-01 -6.96120113e-02 -7.28522334e-03 -5.16290851e-02
  2.15918824e-01  7.23518953e-02 -1.35526344e-01 -1.50876328e-01
  9.53819752e-02 -1.27736732e-01 -6.38364106e-02  3.99635509e-02
 -1.72428057e-01 -1.39142409e-01 -3.54903162e-01  3.99819873e-02
  4.36158806e-01  9.71626192e-02 -2.26784155e-01  1.97243877e-04
 -1.10524826e-01  3.70140672e-02  1.30118415e-01  1.12709597e-01
 -3.33740376e-02  2.33762041e-02 -8.71493667e-02  7.82290101e-03
  1.79926828e-01 -9.25998911e-02 -4.90423031e-02  1.75201342e-01
  3.83909792e-03  8.28513503e-02  4.10726406e-02  8.96681771e-02
 -9.51855108e-02 -1.76987778e-02 -5.64216375e-02  1.81986727e-02
  3.00120492e-03 -5.73674217e-02 -1.04259774e-02  1.24862604e-01
 -1.92850083e-01  1.56923294e-01  4.58238386e-02 -1.13971187e-02
 -7.18750879e-02 -3.82546671e-02 -4.18702625e-02 -3.33353579e-02
  1.42265990e-01 -2.58367866e-01  2.31973797e-01  2.43962884e-01
 -3.29208151e-02  1.37374684e-01  6.21634796e-02  6.70122504e-02
 -4.80053388e-02 -1.18977728e-03 -1.47951230e-01 -7.21643567e-02
  2.62756348e-02 -5.53606544e-03  5.58403544e-02 -9.15187225e-03]