[-0.08912197  0.15976591  0.04950623 -0.01035465 -0.08203939 -0.00681655
 -0.02965437 -0.11687024  0.06993406  0.01865482  0.31064656 -0.05572181
 -0.23130503 -0.15697154 -0.01848771  0.13543211 -0.23711053 -0.078705
 -0.10896888 -0.04360027  0.01869924  0.00517421  0.04014609  0.0068984
 -0.04788124 -0.34960985 -0.0720659  -0.07944673  0.07054684 -0.07865861
 -0.06682023  0.00534784 -0.20332479 -0.14494127  0.06402151  0.03173532
 -0.04152485 -0.02742309  0.17170784 -0.05131143 -0.15113887  0.04453311
  0.08156519  0.22928372  0.2469337   0.08552026 -0.03255508 -0.08090974
  0.09534822 -0.15502721  0.0582253   0.17593214  0.13625152  0.04660768
  0.03378469 -0.14679283 -0.02867529  0.11335333 -0.14219084 -0.04166628
  0.04085333 -0.12737854 -0.012246   -0.07627604  0.15734537  0.07153459
 -0.0649048  -0.20319603  0.11243506 -0.1189602  -0.05725913  0.05992469
 -0.12524644 -0.13387871 -0.33347851  0.02056069  0.36952811  0.07473586
 -0.20845425  0.00978046 -0.05696201 -0.03426516  0.10407416  0.08383874
 -0.0431782  -0.01570015 -0.11801045 -0.01827092  0.13162215 -0.05666808
 -0.06599762  0.16488072 -0.03826706  0.0537353   0.09124502  0.01150018
 -0.06038136  0.02694689 -0.13361843 -0.00345618  0.00429256 -0.06706984
 -0.01262701  0.07478406 -0.11861043  0.05939051  0.01313294  0.04269002
 -0.0269128  -0.0885722  -0.04407039 -0.02959143  0.14772362 -0.29019904
  0.24669591  0.17551604 -0.0284263   0.13296658  0.08164281  0.05878569
 -0.02788589 -0.01775075 -0.15602139 -0.06989255  0.06005871 -0.03130026
  0.10329931 -0.00571682]