[-2.58634146e-02  1.04450643e-01  6.83363751e-02  2.47042086e-02
 -7.53191486e-02 -2.05183253e-02 -8.38795491e-03 -1.58723652e-01
  9.52562392e-02 -8.42419043e-02  2.66567528e-01 -3.45899127e-02
 -1.89446613e-01 -1.37278840e-01  3.23353539e-04  1.19210258e-01
 -2.01366290e-01 -1.34102359e-01 -9.29733664e-02 -4.06929217e-02
  8.26292038e-02 -5.02125593e-03  3.48566175e-02 -5.03353179e-02
 -7.80247375e-02 -3.19000095e-01 -1.09589420e-01 -6.14187494e-02
  1.04729235e-01 -4.29447405e-02 -7.07507357e-02  2.56780032e-02
 -2.00907350e-01 -1.26050279e-01  4.81461845e-02 -4.79167746e-03
 -1.01551637e-02 -4.14362028e-02  1.66623622e-01 -4.42349389e-02
 -1.94854289e-01  1.03278354e-01  6.01355098e-02  2.25876093e-01
  2.48476863e-01  6.50261790e-02 -3.22299413e-02 -1.05318248e-01
  1.39870211e-01 -1.33889899e-01  2.36590244e-02  1.64559811e-01
  1.64873689e-01  6.52406365e-02  2.48381533e-02 -1.09276287e-01
  6.73047174e-03  8.64888057e-02 -1.43331587e-01 -2.26580687e-02
  9.34089720e-02 -8.48751813e-02  1.11025823e-02 -7.09348246e-02
  1.35072514e-01  3.99148650e-02 -5.81233464e-02 -1.82848170e-01
  9.60953459e-02 -1.53715387e-01 -5.76996207e-02  5.26649058e-02
 -1.65977463e-01 -1.29295647e-01 -2.71832079e-01 -2.95123160e-02
  3.64156246e-01  8.43420848e-02 -2.20020875e-01  1.38669489e-02
 -3.81110311e-02  3.37140076e-02  1.62833557e-01  9.19623449e-02
 -1.22898063e-02  4.65076650e-03 -9.74845812e-02 -3.41122858e-02
  1.92399517e-01 -7.48711675e-02 -6.68642744e-02  2.02405363e-01
  2.22520539e-04  5.15246689e-02  8.62489268e-02 -1.19583225e-02
 -2.94199139e-02  1.19742705e-02 -1.61247954e-01 -5.34947962e-04
 -5.25621772e-02 -4.67144437e-02 -2.36806273e-02  7.61621743e-02
 -1.08327948e-01  1.13184467e-01  1.81117284e-04  9.25729498e-02
 -2.13594567e-02 -7.30706900e-02 -4.13223766e-02 -2.51447149e-02
  9.97865647e-02 -2.47247651e-01  2.03666791e-01  1.81327358e-01
 -2.64558028e-02  9.38045159e-02  5.28095327e-02  6.58258870e-02
 -4.98196892e-02 -5.25234675e-04 -1.80976853e-01 -7.23170713e-02
  6.42569885e-02 -4.27457206e-02  8.44996348e-02 -3.00198253e-02]