[-0.10045927  0.17950387  0.12018712 -0.01178734 -0.10889522 -0.02660143
 -0.00836517 -0.14207928  0.05760689 -0.02676128  0.28848848 -0.00051031
 -0.23919068 -0.18766791  0.00400083  0.15767325 -0.09519964 -0.13425241
 -0.10530291 -0.02996989 -0.00682662  0.02631843  0.03348487  0.01425881
 -0.08759271 -0.33404779 -0.03777048 -0.0769236   0.03844102 -0.08133712
 -0.07740296  0.13575356 -0.13339587 -0.07147656  0.06970205  0.14605242
 -0.01933783  0.00707481  0.14730932 -0.0529641  -0.19227806  0.0514914
  0.05194988  0.2562691   0.23275502  0.02148228  0.04326399 -0.04777105
  0.12400775 -0.18945627  0.04913403  0.10046066  0.15997671  0.01965014
  0.07152214 -0.17422263 -0.04462844  0.0983072  -0.17408547 -0.02317191
 -0.00400103 -0.17970291 -0.08350203 -0.07455055  0.17242725  0.09514886
 -0.09891146 -0.11253079  0.18408559 -0.12577537 -0.04081327  0.07871865
 -0.14236741 -0.08773737 -0.2894949   0.05810748  0.36851561  0.10094185
 -0.22734915  0.01117305 -0.02077612  0.02886596  0.01929761  0.07457918
 -0.08072216 -0.00346712 -0.12144064 -0.0038992   0.15005939 -0.05509918
 -0.01608755  0.20158075  0.00890799  0.07943743  0.0544114  -0.01459656
 -0.03143562 -0.03463288 -0.13671878 -0.03906532  0.0209031  -0.11553832
  0.0029712   0.09043207 -0.1577343   0.0700091  -0.00476218  0.06969591
  0.01986166 -0.01912455 -0.01980617 -0.05838112  0.12872821 -0.24976407
  0.21175699  0.18246049 -0.03727383  0.10487986  0.08993068  0.04681763
  0.01309968 -0.06571062 -0.10102709 -0.09037858  0.12683363 -0.06616827
  0.05092941  0.01558248]