[-1.11399233e-01  1.47442773e-01  1.20628022e-01  2.21103188e-02
 -9.18391868e-02 -7.21999705e-02  1.35163041e-02 -1.07084967e-01
  4.24875095e-02 -2.52585653e-02  2.91457385e-01 -3.20545025e-02
 -2.33900219e-01 -1.92810580e-01  1.52502572e-02  1.48640320e-01
 -1.64634541e-01 -7.87257105e-02 -8.87464955e-02 -2.74175256e-02
  6.65929466e-02  2.59343274e-02  4.91410419e-02 -9.20154806e-03
 -8.17155391e-02 -3.89672697e-01 -3.61719914e-02 -8.20440575e-02
  9.57177777e-04 -8.69548246e-02 -5.62903769e-02  1.45263866e-01
 -1.38379633e-01 -9.50232074e-02  4.93451655e-02  8.57134461e-02
 -4.29144548e-03  4.81109098e-02  1.29097492e-01 -1.30649292e-04
 -1.69292018e-01  2.23832577e-02  5.48154488e-02  2.75508463e-01
  2.49626756e-01  5.22237495e-02  3.10114473e-02 -8.18782970e-02
  8.81546736e-02 -1.81414276e-01 -3.17270868e-02  1.26358956e-01
  1.19251601e-01  3.96817923e-02  8.26852098e-02 -1.35912403e-01
  1.88217871e-03  1.60281695e-02 -1.75290659e-01 -2.79028397e-02
  1.11333253e-02 -1.65677473e-01 -3.92120294e-02 -3.07683833e-02
  1.50031075e-01  7.80680974e-04 -6.25073537e-02 -7.79517516e-02
  1.51112482e-01 -1.19019784e-01 -5.08545339e-02  6.03795350e-02
 -1.45793423e-01 -1.55208319e-01 -2.99940139e-01  1.87818687e-02
  3.74193251e-01  9.60868150e-02 -2.11313158e-01  1.75360925e-02
 -4.17335741e-02 -1.91280805e-02  1.05132751e-01  9.24561769e-02
 -4.73908372e-02  1.17978416e-02 -1.09077446e-01  5.86271584e-02
  1.18084662e-01 -8.77731666e-02 -1.51453831e-03  2.12777495e-01
  1.70249138e-02  7.27864131e-02  7.38088563e-02 -2.03783568e-02
 -1.76849943e-02  4.39720824e-02 -1.59578606e-01 -1.62092727e-02
  2.60635260e-02 -1.39956906e-01  2.34387722e-02  4.53995243e-02
 -1.64689556e-01  3.81119214e-02  2.41064150e-02  2.44298875e-02
 -2.10642908e-02 -6.11404069e-02 -5.70179336e-02 -3.25912349e-02
  1.02962554e-01 -2.55049556e-01  2.09181026e-01  2.55368084e-01
 -4.11861315e-02  1.24483481e-01  4.69668321e-02  3.14431749e-02
 -8.72887671e-03 -7.42468759e-02 -8.02214891e-02 -4.27937992e-02
  9.35095623e-02 -1.28133511e-02  2.14379262e-02 -2.88389828e-02]