[-0.06545474  0.15621166  0.06596728  0.01392314 -0.14532554  0.01261121
 -0.06773868 -0.18333289  0.07927505 -0.07871582  0.26062584 -0.04429241
 -0.20749485 -0.14563118 -0.00584842  0.15268175 -0.14395769 -0.14930871
 -0.07516228 -0.02192482  0.01998033  0.01062488  0.03125282  0.00750114
 -0.11914016 -0.33680364 -0.08004905 -0.11268448  0.06379443 -0.10178468
 -0.10159047  0.09590141 -0.100793   -0.05979334  0.03758251  0.09587044
 -0.01479238 -0.02995555  0.12329264 -0.044238   -0.21118915  0.08992609
  0.05444726  0.27544671  0.25830171  0.0017179   0.04758387 -0.06985586
  0.10214084 -0.13760996  0.04513023  0.11311551  0.1930365   0.02527546
  0.06045491 -0.13073435 -0.04649695  0.12456167 -0.15453188  0.0231222
  0.09318508 -0.09516671 -0.068932   -0.05971419  0.16898611  0.10916741
 -0.10317072 -0.13570212  0.15238056 -0.12586196 -0.09277742  0.03265809
 -0.16716056 -0.12778454 -0.25112018 -0.00834833  0.35459685  0.07377829
 -0.23776205  0.01694183 -0.01909032  0.03103397  0.05034181  0.08218013
 -0.04500662 -0.04626709 -0.10320325 -0.00187054  0.16965935 -0.07131875
  0.01713821  0.20610619  0.00717118 -0.0033249   0.05170508  0.03324724
 -0.03705778  0.01887166 -0.11240627 -0.03346491  0.01640374 -0.13228928
 -0.01230119  0.06428804 -0.18879674  0.13267951  0.02092228  0.09820439
  0.05610619 -0.04315443 -0.03645546 -0.00577333  0.17955892 -0.274845
  0.18521671  0.18952565  0.00772196  0.09888647  0.07190005  0.05967823
  0.01173336 -0.05248243 -0.17397998 -0.08538698  0.06605541 -0.08379843
 -0.00239194  0.0419445 ]