[-3.90280299e-02  1.44206554e-01  6.88816085e-02  2.36671907e-03
 -1.66770056e-01 -1.89021211e-02  8.95119098e-04 -1.73271775e-01
  8.45046863e-02 -2.95792501e-02  2.58154720e-01 -3.83034311e-02
 -2.36791730e-01 -1.25346974e-01 -1.40811922e-02  1.42049342e-01
 -1.03448823e-01 -1.43530637e-01 -7.45955333e-02 -4.84269820e-02
 -1.72005966e-04 -1.66618060e-02  5.66230118e-02  4.89645712e-02
 -8.99591073e-02 -2.93318957e-01 -7.95411989e-02 -1.25074968e-01
  5.83275817e-02 -1.12802587e-01 -6.47399649e-02  1.15883902e-01
 -9.67214406e-02 -6.03470877e-02  3.09789423e-02  8.84518623e-02
 -5.16500734e-02 -4.48575690e-02  1.67889968e-01 -4.00503399e-03
 -1.74445361e-01  6.35069013e-02  2.47576218e-02  2.77271122e-01
  2.64438659e-01  3.44804092e-03  5.60440011e-02 -5.72581775e-02
  1.20692961e-01 -1.92198962e-01  5.03419451e-02  1.16923787e-01
  1.57855123e-01  3.00843623e-02  6.02043085e-02 -1.35589331e-01
 -4.52422351e-02  1.13297872e-01 -2.08544493e-01  1.69344507e-02
  4.86228280e-02 -1.02628328e-01 -8.31957981e-02 -8.31431597e-02
  1.69069439e-01  1.65922672e-01 -7.42009804e-02 -1.16468392e-01
  1.88178644e-01 -1.70216277e-01 -1.01512089e-01  4.70519215e-02
 -1.55934870e-01 -9.83393714e-02 -2.15481624e-01  3.80031555e-03
  3.43759507e-01  9.23104212e-02 -2.00390488e-01 -8.39964766e-03
 -3.51146311e-02  2.66037229e-02  9.94766690e-03  3.51252034e-02
 -6.13088869e-02 -4.13248539e-02 -1.12909295e-01 -1.64959747e-02
  1.48201108e-01 -1.01810694e-01  1.19813709e-02  2.22045854e-01
  5.21208160e-03  1.24049326e-02  7.14326128e-02  1.67199224e-02
 -4.20861356e-02  2.03278176e-02 -1.33734494e-01 -5.53007834e-02
  6.94707735e-03 -1.42122462e-01  1.81883834e-02  2.80193631e-02
 -1.94193408e-01  1.10768534e-01 -4.92781401e-03  5.76202236e-02
  1.05999864e-03 -7.15394840e-02 -4.88350429e-02  1.09450547e-02
  1.96789280e-01 -2.61233300e-01  2.20090434e-01  1.70432553e-01
 -2.82747839e-02  8.52300525e-02  4.61672172e-02  5.04424460e-02
 -3.46887833e-03 -9.46358889e-02 -1.08449601e-01 -7.53062889e-02
  7.24945590e-02 -5.58480397e-02 -1.50152585e-02  3.37434821e-02]