[-8.46454725e-02  1.77643687e-01  1.12702750e-01  2.89407820e-02
 -1.06158115e-01 -3.52272578e-02  1.14379646e-02 -9.53793675e-02
  9.74280089e-02 -3.13955806e-02  2.98254699e-01 -7.18713477e-02
 -2.00525627e-01 -2.00044677e-01  1.19345728e-04  1.62869662e-01
 -1.38039991e-01 -1.36187315e-01 -9.34574753e-02 -1.54112990e-03
  1.13625966e-01  2.34588739e-02  3.34820412e-02 -2.01802440e-02
 -1.03572145e-01 -4.14167851e-01 -2.56848186e-02 -6.95039406e-02
  6.09640144e-02 -1.12157308e-01 -9.63498503e-02  8.70438144e-02
 -1.82445034e-01 -1.18972659e-01  3.22389528e-02  8.05508718e-02
 -2.09350814e-03  2.39457376e-02  1.43062100e-01 -5.51957674e-02
 -2.39377975e-01  1.04357362e-01  6.91369101e-02  2.53677815e-01
  2.37231165e-01  7.80384839e-02  3.52901369e-02 -1.48695216e-01
  9.62378904e-02 -1.25032216e-01  3.50672491e-02  1.37784824e-01
  1.29921168e-01  2.78532691e-02  5.37250154e-02 -1.28618062e-01
 -2.87600551e-02  3.70806083e-02 -1.74905613e-01 -1.83021352e-02
  7.52311572e-02 -1.09864771e-01 -3.56511287e-02 -7.05565140e-02
  1.70340359e-01 -2.80671176e-02 -6.83218166e-02 -1.27721220e-01
  1.23336039e-01 -1.31870925e-01 -4.02391963e-02  7.72512332e-02
 -1.22513950e-01 -1.39025733e-01 -3.23269248e-01  3.65487933e-02
  4.14823681e-01  4.95895073e-02 -2.40962729e-01  6.01913817e-02
 -3.67744751e-02 -7.68920779e-03  1.16644159e-01  1.12531818e-01
 -4.75921743e-02  2.52284463e-02 -1.36132076e-01  3.46301906e-02
  1.71938300e-01 -7.50553086e-02  2.48655840e-03  2.00554177e-01
  3.36616598e-02  6.05927669e-02  6.57926351e-02  1.54910926e-02
 -5.41320108e-02  4.74068001e-02 -1.36791974e-01 -1.53617859e-02
  2.39073690e-02 -1.06900051e-01 -2.23268736e-02  5.69791868e-02
 -1.70837864e-01  8.79605860e-02  1.35643929e-02  5.62257953e-02
  4.57403110e-03 -5.10773174e-02 -4.00420390e-02 -5.58021553e-02
  9.87136588e-02 -2.69468337e-01  1.93268016e-01  1.94202766e-01
  5.42669930e-03  1.29675135e-01  9.11162645e-02  7.28681237e-02
  3.34497797e-03 -3.06023601e-02 -1.53444543e-01 -3.31918262e-02
  1.11343764e-01 -5.03038280e-02  8.94959345e-02  1.83837190e-02]