[-6.19917512e-02  1.73707709e-01  8.69368464e-02  6.49796054e-03
 -1.29899353e-01 -1.04663847e-02 -4.50332314e-02 -1.79051891e-01
  7.58117288e-02 -7.65431449e-02  3.05525959e-01 -4.85445671e-02
 -2.13170677e-01 -1.19544975e-01 -6.04677461e-02  1.74395427e-01
 -1.62710324e-01 -1.52698070e-01 -9.57370922e-02 -1.59669500e-02
  2.35359445e-02 -8.37976672e-03  2.70514283e-02 -1.86483022e-02
 -8.58718753e-02 -3.22649300e-01 -8.90223607e-02 -7.36508518e-02
  7.47145116e-02 -9.02218297e-02 -6.23403564e-02  7.08415136e-02
 -1.24890469e-01 -5.90454526e-02  4.40915190e-02  7.43245631e-02
  8.90397187e-03 -3.36704254e-02  1.68283388e-01 -3.25378962e-02
 -2.15259865e-01  1.10210396e-01  7.06629008e-02  2.66729444e-01
  2.22300723e-01  2.96052694e-02  3.76942866e-02 -8.95299837e-02
  1.16159879e-01 -1.36087999e-01  3.60029414e-02  1.19447291e-01
  1.95857927e-01  3.49349231e-02  3.93106677e-02 -1.48592994e-01
 -5.10231256e-02  1.37254104e-01 -1.46000013e-01 -9.12065338e-03
  7.79292881e-02 -8.38182792e-02 -6.87788352e-02 -8.72116387e-02
  1.44806042e-01  1.08245887e-01 -1.06760085e-01 -1.39367566e-01
  1.54167295e-01 -1.24502517e-01 -7.16838688e-02  3.25404666e-02
 -1.41807199e-01 -1.09503858e-01 -2.44002536e-01  1.74910657e-03
  3.45948428e-01  5.88298030e-02 -2.35842258e-01 -3.11906077e-03
  4.80929017e-03  3.17856632e-02  3.90133001e-02  8.18751976e-02
 -6.68454841e-02 -7.15696160e-03 -1.06078170e-01 -3.66852619e-02
  1.65267557e-01 -7.62815997e-02  1.88265648e-02  2.01741770e-01
 -4.01378190e-03  1.10178171e-02  5.05967699e-02  3.66397277e-02
 -5.25442921e-02  1.44410133e-02 -1.24132231e-01 -2.14985311e-02
 -1.18348456e-03 -1.15701020e-01 -3.03252973e-02  4.02995460e-02
 -1.73168242e-01  1.02100134e-01 -5.81328711e-03  7.81135336e-02
  1.53420661e-02 -3.23166735e-02 -6.98154373e-03 -1.69186518e-02
  1.65055335e-01 -2.54142851e-01  1.94261983e-01  1.98728517e-01
 -4.61842120e-02  1.02679096e-01  1.04600325e-01  7.77470842e-02
 -6.20651990e-05 -3.49565409e-02 -1.46382615e-01 -1.17148064e-01
  6.09048307e-02 -7.90641904e-02  2.09722761e-02  9.84506961e-03]