[-0.0881088   0.05110935  0.06853927 -0.0696594  -0.10481112 -0.0754348
  0.03135609 -0.1520879   0.07809776 -0.10581229  0.21977477 -0.09031744
 -0.20055857 -0.12530433 -0.02351656  0.16132908 -0.15751112 -0.13615581
 -0.05337235 -0.09819819  0.01397776  0.02931693 -0.00694453 -0.00884246
 -0.11835305 -0.29427877 -0.07890823 -0.09307797 -0.03496604 -0.04420349
  0.03327596  0.19096385 -0.11321624 -0.00864029 -0.00272234  0.07026885
 -0.02162364 -0.04566434  0.13598149  0.02524346 -0.18187876 -0.0500738
  0.07703765  0.27531895  0.15534972 -0.03262068  0.00249615 -0.01490815
  0.08735923 -0.17792368 -0.00522748  0.08631627  0.1292759   0.02172318
  0.06767214 -0.09060391  0.0096082   0.06296648 -0.20275497 -0.00545155
  0.03840623 -0.11948117 -0.05785796 -0.09746771  0.20034991  0.12612616
 -0.07483945 -0.09193923  0.19426651 -0.11263823 -0.11191266  0.03426084
 -0.12587734 -0.12667726 -0.21989658 -0.01351431  0.34505829  0.09347957
 -0.17085984  0.00046152 -0.05720979 -0.04933972  0.08263998  0.06649265
 -0.03652706  0.02182547 -0.0943061  -0.01302615  0.17408435 -0.08605738
 -0.0579187   0.19442439 -0.01535723 -0.0160307   0.02926039 -0.05572231
 -0.05807317  0.05563372 -0.12515506 -0.07201735  0.04809074 -0.13865937
 -0.01781082  0.0782245  -0.14274737  0.14448038  0.04143466  0.02352987
 -0.01054471 -0.01587821 -0.06610312 -0.0242095   0.13976899 -0.18884139
  0.14061674  0.14141712 -0.00431913  0.13661945  0.05637697  0.06150041
 -0.03528677 -0.07315773 -0.12999322 -0.07005218  0.10194258 -0.01020462
  0.04169726  0.04208142]