[-0.06219332  0.12674446  0.07047203 -0.00827867 -0.1437134  -0.03657234
 -0.04765773 -0.20228444  0.10121373 -0.08889993  0.26720434 -0.04112559
 -0.20804153 -0.12121578 -0.0680833   0.18458202 -0.17570981 -0.16619658
 -0.07480995 -0.02031179  0.02529991  0.02131629  0.03132575  0.00560472
 -0.12601884 -0.34311616 -0.08446687 -0.0822665   0.03778757 -0.09426614
 -0.06529414  0.09143542 -0.13544883 -0.04384192  0.04387215  0.08710881
 -0.00465878 -0.05990431  0.17199866 -0.01832797 -0.25588655  0.1102039
  0.08066544  0.27482328  0.23287451 -0.00360487  0.04044692 -0.10829271
  0.1340255  -0.10705467  0.02162271  0.11334469  0.17667632 -0.00370319
  0.02410924 -0.14415392 -0.05473527  0.14657079 -0.18322465 -0.01470055
  0.10607298 -0.08514404 -0.05195165 -0.06349807  0.15980911  0.11813098
 -0.10902977 -0.14345197  0.17636433 -0.1435145  -0.06349672  0.02878099
 -0.15148598 -0.12590486 -0.247521   -0.04574001  0.34873626  0.02990663
 -0.21729937 -0.00257975 -0.02967724  0.04382049  0.07011644  0.07805657
 -0.04988439 -0.01641246 -0.12470144 -0.01785788  0.20687278 -0.05209415
  0.00622371  0.19833463  0.01364556 -0.01736859  0.05192262  0.0328168
 -0.08964667  0.03375608 -0.13361378 -0.0215769  -0.02092002 -0.09645592
 -0.00782365  0.07593304 -0.16555767  0.11874868  0.02042238  0.07309307
  0.02358038 -0.03083469 -0.03742611 -0.03751969  0.15072684 -0.24623375
  0.19590871  0.15878679 -0.00634704  0.10865804  0.08278507  0.05828984
 -0.029423   -0.04934081 -0.18053918 -0.07726132  0.06903498 -0.08153334
  0.07780822  0.01964158]