[-0.03758853  0.15554622  0.08777256 -0.00245544 -0.13265793 -0.00219344
 -0.02275047 -0.15366673  0.09853321 -0.05158821  0.26835451 -0.03745147
 -0.22223012 -0.09705235 -0.0391217   0.14925581 -0.13507754 -0.14576103
 -0.08017354 -0.0319085   0.01411897  0.00940338  0.00616014  0.01323326
 -0.12013301 -0.31543979 -0.07166173 -0.08781495  0.05875855 -0.07949274
 -0.06723188  0.12126142 -0.10321192 -0.0489694   0.03754161  0.09061063
 -0.02069538 -0.02943056  0.14894617  0.02666849 -0.20302513  0.08243784
  0.03509402  0.31179261  0.28066507 -0.00868461  0.04547393 -0.07914975
  0.11299761 -0.18829998  0.04714018  0.12705378  0.17420961  0.03687164
  0.08283742 -0.13934511 -0.04712775  0.11735898 -0.19052592 -0.00812275
  0.06246003 -0.0719857  -0.047339   -0.09183156  0.1556493   0.13374685
 -0.0906926  -0.10026236  0.17951825 -0.15145361 -0.08445042  0.02919558
 -0.14037578 -0.10302509 -0.2623862  -0.00593374  0.34739634  0.09491289
 -0.24317706  0.00260065 -0.01633062  0.02835497  0.06871976  0.04281988
 -0.07737924 -0.01754271 -0.1036902  -0.0297057   0.167125   -0.05710225
  0.00729582  0.20530592  0.00481433 -0.03474618  0.09941851  0.03410221
 -0.06154445 -0.01110595 -0.16871402 -0.06554445 -0.02080066 -0.14185058
 -0.01100642  0.06051698 -0.2087837   0.13012344  0.01503536  0.04924532
  0.00590839 -0.06115307 -0.03766414  0.01204086  0.20003884 -0.25291941
  0.16724513  0.15377621 -0.03960354  0.1031052   0.06942873  0.05269517
 -0.04893195 -0.07285949 -0.10912943 -0.08796658  0.0520455  -0.06412403
  0.02123945  0.02025135]