[-9.94410068e-02  1.82037041e-01  1.14191882e-01  7.86396954e-03
 -9.49177444e-02 -8.49749334e-03 -2.87614353e-02 -1.53267220e-01
  7.09290728e-02 -4.86735180e-02  3.01896185e-01 -2.97448095e-02
 -1.90497145e-01 -1.95963606e-01  2.51042303e-02  1.60272896e-01
 -1.40253574e-01 -1.30338237e-01 -8.36468488e-02 -9.81068332e-03
  2.98786946e-02  3.01804878e-02  4.57895510e-02 -1.25890598e-03
 -1.03862956e-01 -3.55560154e-01 -6.94140717e-02 -8.23580921e-02
  8.46615061e-02 -8.04382190e-02 -9.63193551e-02  7.56084025e-02
 -1.45060465e-01 -5.62533736e-02  3.13171260e-02  1.11991905e-01
  7.02818111e-03 -9.79837868e-03  1.53881952e-01 -3.99563424e-02
 -2.10671589e-01  7.32973814e-02  3.44245248e-02  2.52375633e-01
  2.60273308e-01  2.02730633e-02  2.80172881e-02 -7.70223364e-02
  1.12414539e-01 -1.15110114e-01  3.19279134e-02  9.51913819e-02
  1.77457675e-01  1.09015806e-02  4.20751758e-02 -1.42196402e-01
 -5.50131612e-02  7.87698254e-02 -1.72176227e-01 -3.89915220e-02
  2.51784474e-02 -1.38000771e-01 -4.84215952e-02 -6.93374276e-02
  1.75443217e-01  7.70986527e-02 -8.06274638e-02 -1.36822134e-01
  1.79237172e-01 -1.18696988e-01 -4.22570221e-02  8.00020769e-02
 -1.43629223e-01 -9.03583318e-02 -2.96297848e-01  1.07959285e-02
  3.83956730e-01  6.05135038e-02 -2.53122061e-01  1.16530806e-04
 -3.83668207e-02  7.61655346e-03  6.27199709e-02  8.35773125e-02
 -6.76909387e-02 -2.86477990e-03 -1.34730279e-01 -3.31817055e-03
  1.80020064e-01 -6.49748519e-02 -6.34908630e-03  1.92672923e-01
  1.98099352e-02  6.48492351e-02  6.08209856e-02 -4.14160546e-03
 -2.59971377e-02  3.42497230e-03 -1.24187075e-01 -3.56717855e-02
 -4.58140951e-03 -1.13766693e-01 -2.16731802e-03  9.15582180e-02
 -1.70693234e-01  1.06355645e-01  4.06767800e-02  6.72024116e-02
  2.29429491e-02 -1.52298929e-02 -3.12322509e-02 -4.53670621e-02
  1.44441038e-01 -2.58685619e-01  1.79079697e-01  1.77138969e-01
 -2.59591937e-02  1.14390865e-01  7.51057714e-02  9.01461765e-02
 -3.55960466e-02 -4.61706109e-02 -1.39266446e-01 -6.24950044e-02
  9.18078870e-02 -6.61065206e-02  7.96279982e-02  3.72924879e-02]