[-0.05397039  0.16059278  0.07769889  0.00369298 -0.1385584  -0.02215646
 -0.02893139 -0.14439881  0.0934621  -0.04520817  0.2770083  -0.02747747
 -0.21446903 -0.11619373 -0.02462466  0.15095256 -0.12107147 -0.13671435
 -0.09238545 -0.03740473  0.0211737   0.0118157   0.00112792  0.01899246
 -0.10839377 -0.33030984 -0.07293383 -0.08285762  0.06201049 -0.09583515
 -0.07475463  0.12584023 -0.1075324  -0.06956037  0.03429825  0.09455106
 -0.01432164 -0.01964997  0.14026456  0.01164228 -0.19274186  0.08899515
  0.0424798   0.30480123  0.28003076 -0.00569261  0.06811275 -0.07666766
  0.09893887 -0.16371177  0.03258475  0.11821707  0.18010002  0.03244774
  0.08650786 -0.14716002 -0.05532072  0.11199038 -0.18305303 -0.00532667
  0.05031795 -0.08646214 -0.06532537 -0.09191655  0.16011064  0.11828734
 -0.08585374 -0.11000542  0.1817378  -0.15208565 -0.0869109   0.03078279
 -0.1421795  -0.09943283 -0.2812824  -0.00182943  0.34614977  0.09141874
 -0.24938858  0.01859289 -0.01605941  0.0179179   0.05200137  0.04581347
 -0.07686781 -0.01607919 -0.11376629 -0.01256928  0.16132735 -0.04406804
  0.01541328  0.19107834  0.01173051 -0.02081897  0.0913702   0.03838538
 -0.06750335 -0.01842374 -0.14868678 -0.06354685 -0.00904738 -0.14908543
 -0.0117334   0.06357356 -0.20083813  0.13010779  0.00739652  0.05984715
 -0.00613555 -0.04798548 -0.02495306  0.014667    0.18730853 -0.24772508
  0.17101465  0.16540261 -0.04605161  0.1060697   0.06340116  0.05753823
 -0.0506317  -0.06637558 -0.11927672 -0.08854897  0.04211646 -0.06961273
  0.02906723  0.03053125]