[-0.1039524   0.12750939  0.02141039  0.01290738 -0.1211033  -0.01764814
 -0.07601064 -0.19086526  0.07002761 -0.06287131  0.23047686 -0.05093288
 -0.22613223 -0.14417273 -0.01333272  0.16855685 -0.15930885 -0.16641302
 -0.06367774  0.0046335   0.04126381  0.00275232  0.01770343 -0.01953417
 -0.07979042 -0.33305302 -0.09205643 -0.12508924  0.0422931  -0.07217916
 -0.04360479  0.00845708 -0.17613807 -0.07417689  0.05156228  0.0599842
 -0.00488934 -0.04204008  0.14878657 -0.07363386 -0.23369122  0.08343369
  0.05346974  0.22676034  0.19029491  0.03320954  0.02661665 -0.12818608
  0.07857817 -0.1239081   0.03933832  0.10751384  0.14225507  0.00838987
  0.01085307 -0.15759821  0.01868052  0.09343816 -0.17470388  0.01497078
  0.14140625 -0.07198139 -0.06835624 -0.03256005  0.18732129  0.0675776
 -0.08445247 -0.17695443  0.15357478 -0.13590162 -0.04467724  0.04526649
 -0.13912618 -0.17037015 -0.27211311 -0.00495217  0.37249526  0.06374236
 -0.22394891  0.03348209 -0.03529213  0.06107074  0.10836685  0.06522807
 -0.02809778 -0.03172063 -0.11884048 -0.01240993  0.20311797 -0.07065891
  0.00640175  0.19689989  0.00695742  0.00799579  0.05788309  0.02916469
 -0.00731527  0.01879191 -0.09813263  0.00572141  0.03877164 -0.10318853
  0.00133229  0.09618673 -0.1561542   0.09225707  0.01028209  0.07200357
  0.03303358 -0.02170024 -0.05346909 -0.04374291  0.15494493 -0.25090203
  0.23891099  0.1908168   0.01444007  0.09455901  0.08264482  0.08185428
 -0.01764372 -0.02959724 -0.2399222  -0.07281142  0.06612346 -0.05262864
  0.03891889  0.04039304]