[-0.08750826  0.18059646  0.04759489 -0.01206532 -0.11011547  0.03028916
 -0.03786037 -0.13030104  0.08706124 -0.06517984  0.28032884 -0.06967988
 -0.2465703  -0.15159187 -0.05568885  0.18623978 -0.17358176 -0.11955569
 -0.08335086 -0.00434916  0.07280443  0.04092705  0.01513601 -0.01475415
 -0.08490662 -0.37550965 -0.06942581 -0.08192629  0.07033352 -0.08031049
 -0.07004915  0.064936   -0.12017154 -0.06320874  0.0336318   0.05337885
 -0.02485435 -0.03324502  0.16317043 -0.04732395 -0.20807903  0.08356853
  0.09645423  0.2645551   0.22235338  0.03067849  0.02998524 -0.11757761
  0.0993642  -0.12302084  0.03391321  0.1214196   0.16231939  0.06071148
  0.04759745 -0.15868424 -0.01003823  0.10221644 -0.18451169 -0.0270108
  0.07255862 -0.0741479  -0.06489553 -0.05404409  0.15576808  0.07036371
 -0.0832527  -0.18881892  0.15195666 -0.13711226 -0.05040366  0.05246263
 -0.13782923 -0.13460307 -0.25939479  0.00500521  0.32961914  0.09943236
 -0.21904324  0.04347585  0.01454867  0.00225458  0.11586888  0.08387115
 -0.06988534 -0.0152673  -0.11266762 -0.00258769  0.14056854 -0.06160156
 -0.01511069  0.20666297  0.03238465  0.01624349  0.08353125  0.02887788
 -0.06797873  0.04104574 -0.13446619 -0.02258108  0.04472964 -0.10598481
 -0.00596088  0.05995994 -0.14256306  0.14259379  0.00758326  0.08928072
  0.01797984 -0.0580067  -0.04366536  0.0108579   0.15795009 -0.239608
  0.1943364   0.14623576 -0.00093489  0.12335835  0.13282622  0.0749609
 -0.01080194 -0.04416357 -0.20205107 -0.07035928  0.09953948 -0.07787303
  0.08376281  0.01586524]