[-0.00799089  0.13112704  0.02249461  0.00269008 -0.0008288  -0.01517734
  0.06017757 -0.16731238  0.15583393 -0.03475332  0.25282964 -0.05535429
 -0.20099287 -0.09660421  0.00593999  0.14196399 -0.20719361 -0.11585685
 -0.03652531 -0.07337879  0.08130753 -0.00098519  0.0547039   0.02050523
 -0.15005277 -0.30630156 -0.12220678 -0.10980435  0.08284802 -0.06121687
 -0.03476769  0.11817874 -0.20374575 -0.11399732  0.06816631 -0.0277469
 -0.036599   -0.0660591   0.21927519  0.04590555 -0.12761645  0.10019042
 -0.01387695  0.28788212  0.17754498 -0.01079008  0.01866211 -0.08886685
  0.04974684 -0.1783369   0.02739078  0.15425801  0.01982773  0.08902974
 -0.00183479 -0.1489733  -0.02391895  0.04950907 -0.19983578  0.02665599
  0.06680491 -0.11446352  0.01123621 -0.0432285   0.08611665  0.06687114
 -0.05742507 -0.1631147   0.10064047 -0.09088586 -0.00730326  0.03771709
 -0.17424469 -0.17458344 -0.28147885  0.07124805  0.37951007  0.10836684
 -0.13813141  0.03062028 -0.07563876  0.00401619  0.1097222   0.05560685
 -0.01495941 -0.00691337 -0.0477867   0.08249118  0.13950977 -0.05260088
 -0.13407172  0.21630447 -0.09181622  0.03320806  0.05663591  0.05121867
 -0.05861114  0.03289902 -0.14891468  0.00351492 -0.00903411 -0.06337523
  0.00535973  0.1561937  -0.1596361   0.09877604 -0.0007588  -0.02449593
 -0.07026197 -0.01822639 -0.11804767  0.02126476  0.10824964 -0.27243873
  0.24014595  0.22324489  0.00551126  0.11004751  0.03920371 -0.01291843
 -0.01546199 -0.02418965 -0.16166745 -0.05062448  0.09643345  0.07767384
  0.04635688 -0.02965352]