[-1.61420330e-01  1.02619402e-01  1.07928194e-01 -6.23989068e-02
 -1.73201680e-01 -6.11886270e-02 -4.47993018e-02 -1.82533726e-01
  1.43739372e-01 -1.53021023e-01  1.79764032e-01 -5.44267371e-02
 -2.49410972e-01  1.36880940e-02 -2.29904130e-02  1.87508851e-01
 -1.30116343e-01 -1.60545990e-01 -1.14179492e-01 -1.10798543e-02
  8.23091622e-03 -3.51239257e-02  2.38380842e-02  9.73070189e-02
 -7.91573748e-02 -3.95602316e-01 -1.26299977e-01 -6.72684237e-02
 -1.49447871e-02 -2.72515919e-02 -6.12199716e-02  3.89639474e-02
 -1.62377164e-01 -4.46750037e-02 -2.22042631e-02  7.61057362e-02
 -2.36472022e-02 -9.34050158e-02  1.34269267e-01 -9.77022573e-05
 -2.94053406e-01  7.02504665e-02  6.68209493e-02  1.95894301e-01
  2.20485568e-01  5.57032488e-02  8.55814889e-02 -1.05483882e-01
  1.01565026e-01 -1.95115209e-01  1.94552578e-02  1.29667252e-01
  8.74515548e-02  1.71096157e-02  8.89055058e-02 -1.80310011e-01
  1.96201541e-02  6.62107766e-02 -1.68040335e-01 -3.20962518e-02
  8.84133205e-02 -4.72304970e-02 -3.31242159e-02 -6.25897422e-02
  2.19943866e-01  1.58698261e-01 -8.41158926e-02 -8.49027410e-02
  2.37699538e-01 -1.59203738e-01 -7.00080418e-04  4.57716100e-02
 -1.73310906e-01 -1.80990443e-01 -1.89028084e-01  2.37024184e-02
  4.45434630e-01  1.57724202e-01 -1.68267056e-01  2.56643780e-02
 -8.88688564e-02  2.51062457e-02  4.55101244e-02  1.33526027e-01
 -3.01294192e-03 -2.27984786e-02 -8.05610940e-02  2.31022071e-02
  1.60708532e-01 -4.09464873e-02  4.98086363e-02  2.33585000e-01
  8.47281441e-02 -3.05145141e-02  4.51157503e-02  4.82854620e-02
 -1.34574324e-01 -1.58338975e-02 -1.39334276e-01 -4.21389937e-02
 -9.16302111e-03  2.83387839e-03 -7.58881820e-03  4.22711372e-02
 -1.65106222e-01  1.40685171e-01 -1.06740808e-02 -2.00292673e-02
 -3.66169624e-02  1.75711773e-02  1.93252750e-02 -6.22588471e-02
  8.83110762e-02 -2.13785172e-01  1.33153826e-01  1.74860254e-01
 -6.16681054e-02  1.49004146e-01  6.36359304e-03  1.09548084e-01
  2.94760498e-03 -3.39478515e-02 -1.32522821e-01 -8.87682065e-02
  8.22482407e-02 -5.27762361e-02  3.96723747e-02  3.01938485e-02]