[-0.11133945  0.13154511  0.10621816 -0.05259486 -0.08770264 -0.04697549
 -0.06020289 -0.13397534  0.13945316 -0.06034115  0.25752428 -0.01832725
 -0.2607263  -0.020397   -0.04949101  0.19766274 -0.13542087 -0.05534188
 -0.05758082 -0.02292424  0.06120246  0.00112896  0.03982016  0.08300732
 -0.1313584  -0.35047621 -0.05294273 -0.05142251 -0.04759832 -0.0454057
 -0.0439847   0.01076642 -0.18236962 -0.00851858  0.02767992  0.05430951
 -0.01702257 -0.0799305   0.13944522  0.0253206  -0.25968093  0.01311758
  0.00738767  0.23604105  0.24584103  0.00080051  0.07718907 -0.14887632
  0.11921253 -0.21479717  0.00840552  0.11395723  0.01500599  0.00125645
 -0.02451023 -0.18021925 -0.04669323  0.15558699 -0.13449878 -0.03364988
  0.07098917 -0.00803688 -0.04734392 -0.06779029  0.21492516  0.1265195
 -0.21313544 -0.08857366  0.13502495 -0.13437925  0.00802463  0.0323954
 -0.17898154 -0.22597864 -0.29136178  0.02439214  0.45641452  0.10110381
 -0.21525235 -0.04199681 -0.14803946  0.07970452  0.08760317  0.13124131
 -0.02172927  0.02291748 -0.05767164  0.02499448  0.22588296 -0.03357981
 -0.01714355  0.29006824  0.01088731  0.04183058 -0.01735154  0.07853766
 -0.10212576 -0.00981876 -0.14830045 -0.04530476 -0.03105166 -0.01948912
  0.03224324  0.14843079 -0.25078687  0.17003267  0.04939713  0.05203609
  0.05910772  0.03029577 -0.0603182  -0.08433916  0.12711914 -0.2010165
  0.1535645   0.20307162  0.08777382  0.12367904  0.09298011  0.03964796
  0.00784736 -0.03226825 -0.14921144  0.01234561  0.06194431 -0.05336354
  0.0731762  -0.02774277]