[-0.03922332  0.14949654  0.03341223 -0.01093426  0.01260147 -0.02736203
  0.06487771 -0.16315682  0.15388298 -0.06310462  0.23040152 -0.09012458
 -0.19642408 -0.06021352  0.00718517  0.14953153 -0.21880236 -0.09639447
 -0.03336028 -0.05389491  0.08274221 -0.00097056  0.03592272  0.02095786
 -0.14120369 -0.27560875 -0.126045   -0.08938702  0.0804017  -0.03082341
 -0.05266159  0.07095791 -0.20152207 -0.09424289  0.05253318  0.02861515
 -0.07519984 -0.05760529  0.21469097  0.04900118 -0.11632605  0.06016884
 -0.01805871  0.30311137  0.18470527 -0.00848867 -0.01475066 -0.12195881
  0.09126244 -0.20224522  0.05336695  0.14261475  0.05538873  0.13043804
 -0.00449575 -0.13552769  0.0399646   0.06255911 -0.21419279  0.01160557
  0.09786737 -0.11855438  0.03567367 -0.02776812  0.11969244  0.06332678
 -0.0579714  -0.13477989  0.11533634 -0.08514183 -0.01075772  0.01195323
 -0.14491016 -0.17981763 -0.32393205  0.06261135  0.37847769  0.14063716
 -0.12314447  0.0280479  -0.08790697 -0.00995615  0.12945406  0.05904973
 -0.05876112  0.00219615 -0.0701564   0.09902494  0.14165632 -0.08637968
 -0.10998253  0.2074931  -0.06351886  0.04925835  0.04680545  0.030088
 -0.07599484  0.03518611 -0.16314523 -0.00237912 -0.00064961 -0.07558181
  0.01415277  0.17401119 -0.19951223  0.14275061  0.02897826 -0.03705994
 -0.06310655 -0.0439243  -0.13502991  0.02270969  0.11444743 -0.25550991
  0.20855884  0.20548768  0.02005352  0.12609401  0.05836997 -0.00235569
 -0.02815103 -0.03024419 -0.17962734 -0.01649678  0.10831328  0.09934989
  0.06042928  0.01255085]