[-0.11249485  0.13728993  0.03472647 -0.0932638  -0.10135762  0.00781164
  0.01084143 -0.1229039   0.19140746 -0.16573802  0.20910577 -0.08974444
 -0.23717223  0.01268252 -0.07059544  0.20890562 -0.21107374 -0.15185666
 -0.055186    0.02225432  0.1050263   0.0155156  -0.05589429  0.10123745
 -0.15042253 -0.32004595 -0.08334535 -0.07449941  0.02249577 -0.06866281
 -0.06086024 -0.01755958 -0.14341654 -0.02361802  0.00553692  0.05836363
 -0.01038408 -0.11595185  0.18640251  0.00098711 -0.32001397  0.11598076
  0.0641255   0.24580081  0.18896165 -0.00472949  0.01112906 -0.19320129
  0.17197891 -0.1759443  -0.02009058  0.14611137  0.04293458  0.06565805
  0.01211289 -0.16586936  0.00371152  0.11722561 -0.1456154  -0.04673605
  0.08936528 -0.01039977  0.05597957 -0.08499717  0.16660349  0.05942777
 -0.10876322 -0.18859261  0.15673479 -0.18712829 -0.06313246  0.04946173
 -0.14091323 -0.18170109 -0.22234367  0.00623445  0.35986739  0.15522711
 -0.15389942  0.1048227  -0.07274331  0.00469559  0.13582896  0.17580742
  0.03230878  0.02506966 -0.05368524  0.00442526  0.25512198 -0.05470772
  0.03637103  0.24497186  0.03102758  0.02842643  0.03113051  0.01102211
 -0.1619349   0.05964309 -0.12405568 -0.00873613 -0.01419444  0.01660807
  0.02091512  0.13625112 -0.20853198  0.18678804 -0.00741124  0.03382357
  0.00819775  0.03472668 -0.02674433 -0.02231147  0.12559173 -0.20404962
  0.18884087  0.15079615  0.034476    0.08822223  0.12604871  0.04519256
  0.00670238  0.01890344 -0.25072926 -0.01141843  0.11735981 -0.08807065
  0.09682921 -0.02367589]