[-0.01613757  0.15410335  0.02158579 -0.01003253  0.0091868  -0.00850569
  0.06295567 -0.15812846  0.16031244 -0.03592904  0.25103101 -0.05326219
 -0.20078211 -0.10361759  0.01629169  0.1362454  -0.21246889 -0.11231843
 -0.03708117 -0.06320199  0.08354591  0.01414579  0.07030814  0.02143343
 -0.14846839 -0.31968173 -0.11312056 -0.10770011  0.10043782 -0.05457605
 -0.02705386  0.11165114 -0.19135772 -0.1127101   0.06705465 -0.01784617
 -0.06091387 -0.05552232  0.2169808   0.0625177  -0.1349846   0.08611731
 -0.0196487   0.31200597  0.19678886  0.00160471  0.0255729  -0.08835792
  0.04362382 -0.19426174  0.02910643  0.15222752  0.01581027  0.08215229
  0.01012107 -0.14877535 -0.02555024  0.04251357 -0.20233893  0.02651465
  0.07896677 -0.09373011  0.02338339 -0.0296842   0.0987976   0.06047668
 -0.06832754 -0.15470478  0.09880327 -0.09705    -0.00362006  0.05499703
 -0.17229977 -0.17067951 -0.27991897  0.06596973  0.3909702   0.10549594
 -0.10172899  0.01379617 -0.08103324  0.00904198  0.11190467  0.04641495
 -0.04615042 -0.01906646 -0.04655831  0.08211014  0.13909586 -0.04892377
 -0.14800832  0.20987843 -0.08620398  0.03141336  0.0540459   0.04726851
 -0.06020744  0.0389274  -0.1574906  -0.00233226 -0.01616704 -0.07836885
  0.01478154  0.16800593 -0.16579311  0.10242522  0.00595233 -0.02127527
 -0.05493201 -0.00461896 -0.14489155  0.014711    0.11149438 -0.26688424
  0.22885516  0.23478174  0.0254277   0.09847914  0.06205675 -0.02189645
 -0.01175191 -0.01531158 -0.15265015 -0.04060638  0.09222165  0.07851771
  0.05265791 -0.0363491 ]