[-1.83438540e-01  9.38973203e-02  1.04821377e-01 -6.05524778e-02
 -5.93612194e-02 -8.15912485e-02 -1.07313665e-02 -1.73033088e-01
  1.43452689e-01 -6.07997552e-02  2.83706754e-01 -4.74295542e-02
 -2.60397434e-01 -7.04088137e-02 -5.14886924e-04  2.11290956e-01
 -1.51948869e-01 -9.20703858e-02 -3.20232511e-02 -3.51508521e-02
  5.34693971e-02 -1.15607213e-02  2.73390170e-02  1.42976210e-01
 -1.39593765e-01 -3.51643443e-01 -6.95771724e-02 -9.87464711e-02
 -1.73658747e-02 -3.90065014e-02 -3.86562459e-02  3.26671563e-02
 -1.99269891e-01 -2.90310569e-03 -1.24675338e-03  3.31723057e-02
  1.97667675e-03 -5.49566038e-02  1.34895056e-01  3.69780522e-04
 -2.66565025e-01 -3.42403725e-02  2.45818216e-02  1.93702802e-01
  2.38710210e-01  8.17321270e-05  6.35848045e-02 -1.35253951e-01
  4.48127948e-02 -1.92908928e-01 -5.30479848e-03  9.82471183e-02
  3.05757429e-02 -5.53660421e-03 -2.98957117e-02 -2.34156474e-01
 -7.59349093e-02  8.66824538e-02 -1.61302969e-01 -1.13352751e-02
  5.03024459e-02 -5.42923212e-02 -5.75417243e-02 -6.57772720e-02
  2.34982595e-01  1.26980394e-01 -2.02361822e-01 -9.54298675e-02
  1.75329044e-01 -1.67524993e-01  1.28827980e-02  4.91451435e-02
 -1.67055517e-01 -2.21122697e-01 -3.18713039e-01  2.21374910e-02
  3.88487428e-01  9.36250091e-02 -2.17094883e-01 -4.33762558e-03
 -1.50197998e-01  8.10959563e-02  5.45605198e-02  1.33749440e-01
 -2.14655269e-02  2.22799368e-02 -5.91573231e-02 -8.62110127e-03
  1.63054913e-01 -8.76628794e-03  1.59183405e-02  2.87895739e-01
 -2.68842075e-02  3.58041748e-02  3.21411202e-03  7.53716901e-02
 -9.51117128e-02 -2.77978070e-02 -1.04535118e-01 -4.09311540e-02
 -5.45287430e-02 -2.40778308e-02  5.71496375e-02  1.42484650e-01
 -2.31555209e-01  1.59841910e-01  3.97416130e-02  3.61054055e-02
  2.41116174e-02  6.28504381e-02 -4.14277092e-02 -1.02081418e-01
  1.11229956e-01 -2.07590058e-01  1.76615089e-01  2.03737304e-01
  6.29820451e-02  1.44865781e-01  6.27188608e-02  8.22596774e-02
 -4.05686498e-02 -1.40445502e-02 -1.45176396e-01  4.69733849e-02
  7.73160383e-02 -1.06218696e-01  7.61432275e-02  1.09109061e-03]