[-0.1183259   0.06900551  0.08586476 -0.03927346 -0.16386874 -0.07253882
 -0.0439029  -0.19831572  0.09758129 -0.15093815  0.26529792 -0.07866678
 -0.20832793 -0.07866886 -0.05927382  0.21550278 -0.14646338 -0.1535099
 -0.04603833 -0.02000991  0.09720384 -0.0150537  -0.0069693   0.06690657
 -0.1736289  -0.35634932 -0.11332943 -0.04560126 -0.02753561 -0.07820506
 -0.0705668   0.04861898 -0.15992184 -0.03322554  0.02679611  0.06232845
  0.00106116 -0.0568202   0.14578806 -0.01690704 -0.26924834  0.06701159
  0.09452795  0.24827027  0.22226243  0.00510337  0.0663652  -0.15353607
  0.12680355 -0.13577978 -0.00741267  0.08526831  0.09581112  0.04348699
 -0.00881155 -0.14666201 -0.04361     0.13769984 -0.1340166   0.02093941
  0.10517545 -0.08863401 -0.02953392 -0.09614591  0.21423975  0.0773957
 -0.14890663 -0.14888941  0.16293406 -0.16646062 -0.06866043  0.01111621
 -0.19112433 -0.18001577 -0.32831874 -0.02034884  0.36109051  0.1014151
 -0.22149089 -0.01053375 -0.04288636  0.08107208  0.10182023  0.14033289
  0.01848326  0.02776434 -0.0882926   0.03382624  0.24488442 -0.06825672
  0.01328542  0.2559807   0.02993907  0.05448762  0.02120893  0.04913202
 -0.11507743  0.01324939 -0.1407799   0.01247008 -0.05154143 -0.00962241
  0.04699829  0.12735532 -0.14347725  0.16666076 -0.00739122  0.06604002
 -0.04489678  0.01408433 -0.07094718 -0.06881588  0.09571677 -0.18656567
  0.1669313   0.20313135  0.08527184  0.10053771  0.09174317  0.03562597
 -0.02316602 -0.00479593 -0.17796166  0.01687315  0.08514627 -0.10478174
  0.0985662   0.01084582]