[-0.13021912  0.13434659  0.12196908 -0.07449874 -0.10951809 -0.06805537
 -0.09690475 -0.11147906  0.15615653 -0.12916504  0.19039193 -0.07822641
 -0.19768234  0.03443769 -0.08279889  0.23442756 -0.15204675 -0.10920615
 -0.05212216  0.05230113  0.10371693  0.01065226 -0.04746597  0.07558114
 -0.03499857 -0.39915109 -0.09821728 -0.02275898  0.01707489 -0.03632289
 -0.07130047  0.01506034 -0.17947377 -0.09273714  0.00943905  0.107228
 -0.06570718 -0.09245908  0.15211356  0.00367194 -0.27274469  0.10381234
  0.08484928  0.21912304  0.1919868   0.08837361  0.06495906 -0.15386684
  0.10639209 -0.19812368 -0.03115187  0.14247279  0.08373944  0.08310998
  0.05796356 -0.18354031  0.04797016  0.10513872 -0.18353732 -0.03296817
  0.06569906 -0.01233337  0.03555374 -0.06992456  0.23118332  0.08942868
 -0.0794159  -0.12679337  0.19701914 -0.12662785 -0.03404688  0.00829822
 -0.13616984 -0.17024153 -0.23475857 -0.01299414  0.36682954  0.12550963
 -0.15603434  0.09803491 -0.07313117 -0.02183282  0.05973346  0.09779962
  0.0093141  -0.00265526 -0.04074426 -0.01046892  0.20425968 -0.03677319
  0.08060253  0.1973765   0.04783673  0.01589676  0.00585171  0.01359202
 -0.15683591  0.03783042 -0.16551419 -0.05941584 -0.02944089  0.01017579
  0.01826416  0.11940289 -0.23520198  0.15948537 -0.00230693  0.00929852
  0.00093654  0.06517707 -0.05099353 -0.04441667  0.1195928  -0.17796724
  0.20088087  0.19322319  0.00091494  0.10564546  0.1052035   0.07043559
  0.00921773 -0.01072913 -0.21636386 -0.05358192  0.09256138 -0.05365239
  0.05452702  0.03328454]