[-0.10782701  0.10327426  0.05816657 -0.06399323 -0.10409927 -0.01656449
 -0.00847113 -0.12799069  0.17867205 -0.13483451  0.21908832 -0.04638214
 -0.25520763 -0.01613561 -0.00704364  0.19352369 -0.18849209 -0.08983785
 -0.04580246  0.01524237  0.11572351 -0.0053335  -0.00769584  0.10688398
 -0.18799992 -0.3690412  -0.08634727 -0.0898556  -0.02941591 -0.06076815
 -0.07218389  0.00846098 -0.17203023 -0.01634618  0.0110435   0.02963546
 -0.01609319 -0.08677789  0.17353985  0.03668765 -0.28643942  0.04850464
  0.02341573  0.20743044  0.20337403  0.00769115  0.07273963 -0.16117512
  0.14565141 -0.15880351  0.00434658  0.12188686  0.01999394  0.04850667
 -0.00957788 -0.1991467  -0.01943112  0.12106967 -0.15878898 -0.01835872
  0.09594274 -0.0267246   0.00530837 -0.04021142  0.18268123  0.07655055
 -0.14693546 -0.1492151   0.14270264 -0.16521049 -0.01204538  0.03904499
 -0.18560275 -0.2132232  -0.25813058 -0.00378447  0.40811166  0.12543434
 -0.18659464 -0.01131639 -0.13226084  0.01290059  0.13724653  0.14994787
  0.04050086  0.00223133 -0.04362269  0.04135578  0.24743739 -0.0243505
  0.02180767  0.275022    0.03345586  0.03208921 -0.00911192  0.01896892
 -0.14314996  0.02976871 -0.10483494 -0.00851067 -0.0670132  -0.00743542
  0.01831082  0.14455117 -0.24328044  0.19488956  0.02931362  0.02502133
 -0.00823565  0.02637887 -0.0965463  -0.04398566  0.11028077 -0.21182267
  0.16834444  0.19292736  0.08396383  0.1057459   0.06460624  0.03038624
 -0.00403948 -0.01121243 -0.24158414  0.02402055  0.10468967 -0.07494452
  0.08961458 -0.04147406]