[-1.10756829e-01  1.28787905e-01  9.74501297e-02 -4.89791222e-02
 -8.30550268e-02 -6.87348694e-02 -5.77499829e-02 -1.33334264e-01
  1.40858680e-01 -6.82277232e-02  2.56043941e-01 -4.22121696e-02
 -2.77543336e-01 -1.02834469e-02 -5.60390651e-02  1.85203150e-01
 -1.21657610e-01 -6.38028905e-02 -5.34613021e-02 -3.22239776e-03
  5.04597798e-02  9.52346157e-03  3.43759917e-02  8.50519761e-02
 -1.07294016e-01 -3.43382984e-01 -4.83398996e-02 -6.52220026e-02
 -6.89166486e-02 -5.16004376e-02 -6.76910058e-02 -9.92587674e-03
 -1.73173115e-01 -2.66502388e-02  3.14485207e-02  4.40421179e-02
 -3.32150534e-02 -8.45653638e-02  1.55928373e-01  3.35946567e-02
 -2.63741583e-01  2.27993000e-02 -6.39211619e-03  2.41245136e-01
  2.54321575e-01  3.23069538e-03  5.31599484e-02 -1.78158030e-01
  1.29391581e-01 -2.10105821e-01  1.70585029e-02  1.07724227e-01
  1.02875084e-02 -2.32593724e-04 -2.82892734e-02 -1.80214018e-01
 -3.95458601e-02  1.56091362e-01 -1.51721522e-01 -2.07239334e-02
  8.30369964e-02 -3.01370807e-02 -2.85266023e-02 -5.05144708e-02
  2.22784996e-01  1.19755082e-01 -1.92744419e-01 -9.73911732e-02
  1.41478613e-01 -1.47393808e-01  3.99657339e-03  4.94319126e-02
 -1.62719220e-01 -2.34660864e-01 -2.69945830e-01  3.25311311e-02
  4.38387632e-01  1.06750011e-01 -1.99689135e-01 -3.33486758e-02
 -1.46006867e-01  6.24956004e-02  1.04716435e-01  1.31980404e-01
 -1.02122817e-02  7.88722839e-03 -7.26640001e-02  1.17043853e-02
  2.41460115e-01 -3.48280556e-02 -2.77488213e-02  2.94348359e-01
 -3.20042274e-03  4.62728292e-02  5.23883197e-03  6.35383651e-02
 -1.11534372e-01 -1.39718503e-03 -1.53640956e-01 -5.74373193e-02
 -1.99714880e-02 -2.66690701e-02  3.47845256e-02  1.47438347e-01
 -2.38517329e-01  1.42689690e-01  3.16759795e-02  4.83774841e-02
  5.59289865e-02  2.25190329e-03 -4.53374647e-02 -7.84167424e-02
  1.25650153e-01 -1.96643353e-01  1.74580991e-01  1.68478191e-01
  1.22692898e-01  1.20219588e-01  8.83033648e-02  1.12569677e-02
  1.45355612e-02 -4.23226804e-02 -1.68475881e-01  2.63737533e-02
  7.09420592e-02 -1.93540603e-02  1.07824616e-01 -2.02082191e-02]