[-0.14313053  0.07451411  0.0729141  -0.06735994 -0.16168253 -0.04325829
 -0.03745403 -0.15172386  0.1144186  -0.09129869  0.27366853 -0.02374409
 -0.18129784 -0.11160691 -0.02444861  0.1856214  -0.1409369  -0.15393522
 -0.02757616 -0.02556569  0.08476511  0.00117018  0.00095628  0.09591181
 -0.21489978 -0.37476346 -0.11510884 -0.05176366 -0.00320673 -0.068024
 -0.03209548  0.05367054 -0.1915669  -0.02351403  0.03038311  0.0851484
  0.01936622 -0.02926603  0.13263227  0.00216228 -0.26217183  0.06728948
  0.06969037  0.25539228  0.20863424  0.00350997  0.09458033 -0.10201227
  0.11187845 -0.12657101  0.01678348  0.11353814  0.10095884  0.01275483
 -0.03525905 -0.12695484 -0.03959148  0.17600451 -0.1406901   0.03891957
  0.0818757  -0.09019188 -0.0344689  -0.05338459  0.18319552  0.06955744
 -0.15838699 -0.15360421  0.14330448 -0.14894326 -0.05312247  0.03618759
 -0.2007778  -0.1798483  -0.34518835  0.02515087  0.39358482  0.0843036
 -0.22848165 -0.00875553 -0.06807086  0.1006458   0.07261292  0.11965948
 -0.02154529  0.00378528 -0.12618612  0.04837304  0.24488187 -0.01898393
  0.02454453  0.25806913  0.04293771  0.0689676   0.01046139  0.0905556
 -0.10398283  0.00094559 -0.08724016  0.0164177  -0.03595901 -0.0127328
  0.0368719   0.14338644 -0.18296117  0.19408123  0.00512588  0.06394933
 -0.03169566  0.04638146 -0.05124904 -0.08861599  0.09041296 -0.18727998
  0.15879773  0.22208743  0.06562087  0.11425027  0.09701489  0.03334585
 -0.03692551 -0.01904306 -0.15686236  0.01007089  0.06539303 -0.13074377
  0.09312218  0.00872457]