[-7.01633394e-02  1.04641274e-01  5.98462038e-02 -3.68095678e-03
 -1.01889215e-01 -2.49469690e-02 -4.00852934e-02 -4.19681594e-02
  1.11062400e-01 -3.23738419e-02  2.65115470e-01 -4.56998311e-02
 -2.48550013e-01 -2.45227721e-02 -2.47831945e-03  8.67788717e-02
 -1.35538056e-01 -4.98700142e-02 -9.07336026e-02 -4.34293859e-02
  3.37563306e-02 -2.75571588e-02  2.39868481e-02  2.70601939e-02
 -1.01191662e-01 -3.07139426e-01 -6.12003691e-02 -1.47591084e-01
  4.74404357e-02 -1.30205914e-01 -8.65076762e-03  1.20794838e-02
 -1.77178293e-01 -7.89818317e-02 -3.98907252e-02  4.08286452e-02
 -2.87865102e-02 -7.31930211e-02  1.88555464e-01 -2.61333231e-02
 -2.05804303e-01 -1.05962232e-01  6.99555909e-04  2.66652495e-01
  1.81883603e-01  2.63429917e-02  3.76434438e-02 -3.96387503e-02
  9.49243382e-02 -2.58640468e-01  6.20587841e-02  1.30785137e-01
  7.87319764e-02  8.15510228e-02  3.91512848e-02 -1.53855130e-01
  2.75414642e-02  9.00080651e-02 -1.29364043e-01 -6.90430123e-03
  6.62769601e-02 -1.43097369e-02 -4.25968133e-02 -1.11321211e-01
  2.29410455e-01  9.73438248e-02 -7.49948770e-02 -1.08550146e-01
  1.27953976e-01 -1.51674151e-01 -7.09294006e-02  9.25838575e-02
 -1.37025908e-01 -1.87014654e-01 -2.89883375e-01  3.16321366e-02
  3.85624260e-01  1.47937343e-01 -1.65083542e-01  4.34358045e-03
 -1.01072587e-01 -3.58875059e-02  7.40727931e-02  5.99073432e-02
 -2.46848762e-02  8.66080150e-02 -7.02311248e-02  5.16164079e-02
  2.00808331e-01 -1.06552124e-01 -8.56347475e-03  1.61674768e-01
 -2.63211820e-02 -1.72672106e-03  3.72083448e-02  3.06894779e-02
 -3.94914448e-02  3.02590318e-02 -1.28459856e-01  1.33993747e-02
  1.09182768e-01 -9.34427232e-02 -9.82989743e-03  6.98011518e-02
 -2.32591391e-01  1.35581329e-01  3.07055712e-02 -1.54589517e-02
  2.95847114e-02 -5.17746583e-02 -8.62200260e-02 -1.98211651e-02
  2.36900017e-01 -2.29170635e-01  1.99182317e-01  1.90204784e-01
  6.28885627e-03  1.28190324e-01  5.32790385e-02  8.57775658e-02
 -3.35000306e-02 -4.53573838e-02 -1.88960865e-01 -6.35984465e-02
  5.00097983e-02 -7.62727484e-03 -2.74862716e-04 -4.41588974e-03]