[-3.77976382e-03  1.57812938e-01  2.34112740e-02  1.58378598e-03
 -2.43996526e-03 -2.49230070e-03  6.65490478e-02 -1.44382432e-01
  1.48065343e-01 -3.66671793e-02  2.48856068e-01 -4.83095422e-02
 -2.14598060e-01 -9.22825262e-02  1.77880023e-02  1.35687634e-01
 -2.10198909e-01 -1.02767825e-01 -6.29186183e-02 -6.77592680e-02
  6.36320561e-02  1.61400028e-02  6.21903203e-02  9.53152217e-03
 -1.51472107e-01 -3.12663257e-01 -1.04309276e-01 -9.88236591e-02
  8.51402581e-02 -7.37168938e-02 -4.50959019e-02  1.20834850e-01
 -1.90240785e-01 -1.10859632e-01  6.89169094e-02 -3.06483842e-02
 -5.37621789e-02 -5.72918542e-02  2.14411214e-01  5.31691313e-02
 -1.29581437e-01  1.08544588e-01 -1.51822297e-02  3.09368044e-01
  2.03060463e-01 -9.94134694e-03  1.15744453e-02 -8.04630443e-02
  4.76326868e-02 -2.07128644e-01  3.39069031e-02  1.51702031e-01
  1.70265865e-02  8.75690579e-02  2.16285381e-02 -1.55368149e-01
 -3.60330008e-02  4.17344831e-02 -1.84111789e-01  1.83744952e-02
  6.52621090e-02 -1.02036133e-01  1.76103953e-02 -4.06308435e-02
  7.91090056e-02  5.93434945e-02 -6.85777068e-02 -1.53731808e-01
  8.13240334e-02 -9.53568965e-02 -1.61131320e-03  3.85561772e-02
 -1.62485555e-01 -1.72844395e-01 -2.83281058e-01  8.16068128e-02
  3.64706963e-01  1.23843253e-01 -1.36619613e-01  1.39833810e-02
 -7.23708197e-02  1.74270943e-04  1.10569037e-01  4.55660485e-02
 -4.01647426e-02 -2.38280799e-02 -5.27386181e-02  9.06834081e-02
  1.35354534e-01 -5.46630993e-02 -1.43449828e-01  2.15806708e-01
 -8.48718062e-02  1.94449332e-02  5.42088710e-02  5.08860759e-02
 -7.41076469e-02  2.71593817e-02 -1.64296895e-01  5.46197221e-03
  4.17255331e-03 -8.35532770e-02 -5.58236334e-03  1.71231642e-01
 -1.63932487e-01  1.04224563e-01 -3.07474076e-03 -2.87643168e-02
 -5.91176152e-02 -2.00139768e-02 -1.34295598e-01  2.79479455e-02
  1.07895650e-01 -2.69907206e-01  2.36347795e-01  2.30093285e-01
  3.30363284e-03  1.03290342e-01  5.87581396e-02 -2.88738143e-02
 -8.77671596e-03 -8.42522364e-03 -1.47593975e-01 -6.48961887e-02
  9.98379365e-02  8.32285881e-02  4.61976342e-02 -3.69386189e-02]