[-0.1431444   0.14471605  0.12621923 -0.04996824 -0.13898568 -0.04898709
 -0.06963414 -0.14348973  0.14183031 -0.12262104  0.18721215 -0.06074923
 -0.21974316  0.02355655 -0.0495254   0.22372639 -0.18562296 -0.14009401
 -0.05916033  0.0166019   0.03879812  0.00485498 -0.00062207 -0.003969
 -0.03673935 -0.41676059 -0.11567729 -0.06368695  0.03872408  0.01540201
 -0.05636251 -0.00833745 -0.18468203 -0.08040687  0.03424584  0.04784485
 -0.05589489 -0.06992122  0.16949424 -0.04312353 -0.26800653  0.05023975
  0.06958406  0.2005785   0.16981153  0.09320451  0.05199879 -0.15904814
  0.10039888 -0.19054984 -0.02411101  0.13051745  0.02773055  0.05643206
  0.0249211  -0.18859209  0.05259296  0.10636627 -0.17028843 -0.04140799
  0.07457498 -0.05600194 -0.01356029 -0.04707877  0.26646686  0.0650024
 -0.09176885 -0.15764005  0.16481952 -0.11597317  0.00852642  0.03352074
 -0.15519623 -0.16725644 -0.27329579  0.00240458  0.44656521  0.08138219
 -0.141243    0.05285225 -0.08936112  0.00363451  0.09869349  0.12659201
 -0.02013081 -0.02047073 -0.08596959 -0.02205876  0.19540843 -0.09322794
  0.03713002  0.18709843  0.02768547  0.06566654 -0.01207505  0.05049729
 -0.14363635  0.00794918 -0.14532307 -0.05762835  0.01610288  0.034206
 -0.00346893  0.1575633  -0.19385992  0.1120562  -0.01745033  0.01071239
  0.00348941  0.00600256 -0.00644861 -0.10604497  0.10662644 -0.19335437
  0.16101305  0.22961007 -0.03899728  0.1299095   0.08337547  0.04640728
 -0.02471582  0.01615699 -0.24287646 -0.03032795  0.10127894 -0.03129677
  0.02457945  0.00713105]