[-0.08400799  0.1193048   0.07762527 -0.11739137 -0.07025764 -0.02860964
 -0.05460775 -0.10342313  0.20735626 -0.11204373  0.2412113  -0.05814716
 -0.21380977 -0.05092133 -0.05048489  0.21541949 -0.21773396 -0.12350672
 -0.05909629  0.08119051  0.09763245 -0.00794421  0.02792401  0.05666658
 -0.14324316 -0.33844915 -0.08250924 -0.0720651  -0.01514213 -0.05352617
 -0.09848978 -0.02476077 -0.18703604 -0.04431197 -0.01105059  0.03793513
 -0.02298266 -0.10374814  0.15817936 -0.02500001 -0.34977421  0.05631905
  0.02738834  0.17442189  0.20822223  0.01386497  0.05416453 -0.21813846
  0.15805502 -0.17829506  0.02422612  0.11161671  0.04048368  0.02245407
  0.00589435 -0.143852   -0.01880309  0.14440243 -0.10011232 -0.01751816
  0.10405202 -0.02239012  0.01038628 -0.11616223  0.19724149  0.07570485
 -0.13559343 -0.20801711  0.13283324 -0.1183328  -0.0427183   0.12469753
 -0.15194395 -0.20445041 -0.29098073 -0.0219494   0.36563131  0.06301819
 -0.18818387  0.02159326 -0.10484409  0.02818118  0.11902159  0.18131702
  0.03169918  0.05188086 -0.10014125 -0.00957072  0.29372519 -0.11395548
  0.01709497  0.22881989  0.01578768  0.0688626  -0.02949139  0.045966
 -0.10217257  0.07973416 -0.13053982  0.02137824  0.02767643  0.04557472
 -0.03297837  0.1338091  -0.14225517  0.11703002  0.01419456  0.03939473
  0.04287877 -0.01214104 -0.03663881 -0.11222231  0.11378335 -0.18846326
  0.17118579  0.1554559   0.07914173  0.06350517  0.09416649  0.08051115
 -0.01736358  0.00952227 -0.24641369  0.04124546  0.13539083 -0.05521372
  0.09472921 -0.02915889]