[-0.01346321  0.13638809  0.02179764 -0.00110527  0.00086495 -0.01468186
  0.05524148 -0.1568805   0.15713418 -0.03766723  0.24771772 -0.05862316
 -0.19676514 -0.10096151  0.00915865  0.13716066 -0.20578514 -0.10478918
 -0.04022127 -0.05912558  0.08285003  0.02192216  0.06529539  0.01725508
 -0.15782291 -0.31879428 -0.12205279 -0.10940643  0.07978856 -0.06105423
 -0.03899392  0.11675388 -0.18663989 -0.11482485  0.07588887 -0.01992274
 -0.05403645 -0.05673107  0.21207826  0.05996549 -0.14183252  0.09644976
 -0.00648106  0.30531877  0.20019329  0.00457127  0.01526527 -0.08749116
  0.04475057 -0.18817303  0.02791735  0.14826761  0.01359132  0.0851387
  0.01680865 -0.14477292 -0.02366672  0.04640141 -0.20068835  0.02121913
  0.0772904  -0.09797051  0.02588419 -0.02175224  0.09859213  0.06393161
 -0.06955384 -0.1543355   0.09447061 -0.1054965  -0.00579706  0.04871301
 -0.17047857 -0.17821911 -0.28282475  0.06526522  0.38956732  0.10817762
 -0.1173869   0.02085855 -0.07074451  0.00745824  0.12295693  0.05382268
 -0.03503329 -0.01401166 -0.04416278  0.07735553  0.14463376 -0.0461171
 -0.14001022  0.21835589 -0.08472227  0.02854878  0.06262179  0.04503697
 -0.05794066  0.03360219 -0.15428974  0.0050725  -0.00958983 -0.07513209
  0.01268817  0.16699696 -0.1620699   0.10000956  0.00291786 -0.02432044
 -0.05953479 -0.01159918 -0.13805616  0.01999537  0.10728928 -0.2761007
  0.22975636  0.22225206  0.01922602  0.10378641  0.05652037 -0.02156103
 -0.01160101 -0.01427144 -0.15301771 -0.04438335  0.09513357  0.07482561
  0.05930181 -0.03601564]