[-0.17225698  0.11059514  0.11387034 -0.09839883 -0.12560718 -0.08737896
 -0.07314255 -0.1737178   0.156856   -0.15353505  0.18840361 -0.08135754
 -0.22096442  0.01532228 -0.06592437  0.23410824 -0.17023306 -0.15070964
 -0.04757265  0.01611067  0.04330259  0.00443813 -0.03637537  0.05461867
 -0.00887475 -0.40613899 -0.16661115 -0.06265385 -0.00119742 -0.00314093
 -0.03874639  0.01717003 -0.17752655 -0.09505243  0.01006336  0.09118586
 -0.05154561 -0.07241535  0.14762454 -0.01820562 -0.25438556  0.07336966
  0.09980022  0.22960857  0.16020341  0.08873624  0.04683024 -0.13272925
  0.07152557 -0.15968412 -0.03463584  0.123688    0.07729743  0.06807648
  0.04233345 -0.19891877  0.0796569   0.07739639 -0.20603231 -0.01865061
  0.10172707 -0.09681186 -0.01199058 -0.04073436  0.27441433  0.09140517
 -0.08164857 -0.14387433  0.2076581  -0.12486895  0.00096165  0.01159749
 -0.17317477 -0.16913304 -0.23494275  0.00957684  0.39999589  0.11963596
 -0.13662611  0.1017068  -0.08275988  0.01089276  0.06998382  0.11900498
  0.00879206  0.00581773 -0.08152406 -0.00668243  0.14974461 -0.06143677
  0.06276844  0.19602595  0.02290644  0.03844753  0.02040925  0.01688363
 -0.14413111  0.00968214 -0.15018624 -0.04734537 -0.00603299  0.00869379
  0.01683623  0.09787848 -0.17145281  0.13381462 -0.00648124  0.00349503
 -0.04792134  0.03447822 -0.01363167 -0.07144824  0.12101221 -0.19472812
  0.19184411  0.2045693  -0.04074284  0.14571269  0.0798648   0.08591198
 -0.03576713 -0.01572246 -0.21992277 -0.0381242   0.09365065 -0.03583647
  0.07718119  0.04198483]