[-0.11420646  0.12741144  0.07643605 -0.06407577 -0.11618846 -0.0792274
 -0.07965779 -0.13929187  0.16756058 -0.15799344  0.21441512 -0.08170832
 -0.20442684 -0.0308288  -0.04242465  0.21057795 -0.18607628 -0.14955501
 -0.04608851  0.03263406  0.06088018 -0.04050943 -0.01279916  0.01721472
 -0.05037107 -0.42168614 -0.14999929 -0.04215791  0.0134059  -0.0298236
 -0.05130606  0.0194121  -0.19126956 -0.09874079 -0.00352203  0.05076149
 -0.04542523 -0.07153844  0.16572367 -0.01483748 -0.25541183  0.06921279
  0.07581829  0.21309479  0.14614412  0.10438769  0.06961572 -0.15651578
  0.09711474 -0.16885816 -0.01864933  0.14042461  0.06767992  0.05685837
  0.02043829 -0.16054022  0.03355586  0.1135617  -0.17886239 -0.00532919
  0.11873022 -0.044863   -0.03006933 -0.0780127   0.28239045  0.11172223
 -0.10359471 -0.15309018  0.16463916 -0.12178904 -0.01527646  0.0224845
 -0.13856056 -0.19471341 -0.23906317  0.0170225   0.35416067  0.09807036
 -0.12600982  0.05347319 -0.0797561   0.00341212  0.08937799  0.12487216
 -0.00895778  0.00198442 -0.07293982 -0.00523702  0.20790724 -0.0702512
  0.05172072  0.19446027  0.01233475  0.06517776 -0.02692345  0.01565588
 -0.13664964  0.04411066 -0.14014743 -0.000586    0.01171224  0.01509303
 -0.01436438  0.09336423 -0.14250432  0.10725051 -0.02017942  0.01404772
 -0.01797455  0.00082914 -0.03979757 -0.08623839  0.09260081 -0.20824389
  0.19611815  0.1949746  -0.0032359   0.12793373  0.10920984  0.07862848
 -0.00530062 -0.02124338 -0.23838559 -0.0248703   0.10803469 -0.03856625
  0.05545775 -0.00623171]