[-0.14951731  0.10491356  0.0972237  -0.07623272 -0.1209901  -0.05459399
 -0.06855963 -0.17474215  0.14632915 -0.14789356  0.18761699 -0.06671585
 -0.21328934 -0.01786748 -0.0452977   0.21702667 -0.17293935 -0.17425728
 -0.06846647  0.0224936   0.05995901  0.00616953 -0.01087617  0.00675496
 -0.03725941 -0.4245871  -0.15113358 -0.07327916  0.0231139   0.00369441
 -0.02360074 -0.01153792 -0.19339375 -0.06943904  0.00321927  0.04400375
 -0.03786879 -0.0718263   0.16934402 -0.02776356 -0.28741026  0.08630294
  0.0782444   0.19334452  0.15488981  0.09117643  0.05017737 -0.15808962
  0.08493178 -0.15220651 -0.02518119  0.1278045   0.05399806  0.04683798
  0.04451644 -0.16471183  0.04670568  0.07819112 -0.17664677 -0.01733826
  0.0799389  -0.07517062 -0.01718963 -0.08422412  0.24650939  0.04802526
 -0.07395075 -0.16393359  0.17872648 -0.13009053 -0.01388818  0.04616518
 -0.15314983 -0.17059901 -0.25483143 -0.00119421  0.41590831  0.09558719
 -0.14596866  0.0923075  -0.08482843 -0.0051812   0.08064648  0.11948615
  0.01582178  0.0084541  -0.07810741 -0.02710879  0.20248389 -0.08398405
  0.05722745  0.21348123  0.01566724  0.06025111 -0.00156591  0.01911623
 -0.12688881  0.01479408 -0.1192067  -0.04712228  0.0098412   0.01702392
  0.01030995  0.09763367 -0.17090641  0.12471658 -0.01502606  0.01702878
 -0.00766822  0.03127474 -0.01290321 -0.0941243   0.1165387  -0.20612685
  0.17959486  0.21742825 -0.02905327  0.12769715  0.08644515  0.08376279
 -0.05338576  0.01179856 -0.25306088 -0.03669953  0.10449852 -0.03211242
  0.05249388  0.03200533]