[-7.09584579e-02  1.14517942e-01  6.75043985e-02 -9.67947692e-02
 -7.87809864e-02 -2.80805025e-02 -6.11042939e-02 -9.67532843e-02
  1.92053244e-01 -1.16624884e-01  2.14719877e-01 -6.50491491e-02
 -2.16892555e-01 -1.81195382e-02 -5.86456135e-02  2.12540731e-01
 -2.06899881e-01 -1.40843615e-01 -5.87830953e-02  4.64453809e-02
  6.13629892e-02  8.88166577e-03 -3.21469759e-03  3.75079624e-02
 -1.31780237e-01 -3.33640099e-01 -6.93729669e-02 -7.40249082e-02
 -1.11611653e-02 -4.85341325e-02 -8.52246284e-02 -1.78961959e-02
 -1.76281452e-01 -4.54314239e-02  2.77192239e-02  3.93865108e-02
 -1.66112166e-02 -1.06069878e-01  1.75513893e-01 -2.75977235e-02
 -3.35393995e-01  4.80725281e-02  5.41360639e-02  2.05685660e-01
  2.21646890e-01  1.74003316e-03  3.31645757e-02 -2.17781544e-01
  1.69772282e-01 -1.70249298e-01  7.39369495e-03  1.21561341e-01
  5.83593622e-02  4.60371785e-02 -1.21339541e-02 -1.48211822e-01
 -2.87147542e-03  1.70493782e-01 -1.14311390e-01 -2.80997511e-02
  1.08877778e-01 -3.23970765e-02  3.73644941e-02 -9.09835100e-02
  2.35899433e-01  4.48452272e-02 -1.52916729e-01 -1.90638259e-01
  1.24394037e-01 -1.23968735e-01 -3.83446217e-02  7.58310780e-02
 -1.51273996e-01 -2.01413259e-01 -2.99673021e-01 -5.50975651e-03
  3.59958500e-01  6.93535060e-02 -1.74500346e-01  5.30126952e-02
 -1.02240525e-01  2.57222597e-02  1.20563284e-01  1.89618826e-01
  1.20082432e-02  2.41012257e-02 -7.22123906e-02 -1.67723000e-02
  3.02066058e-01 -1.00321472e-01  1.59297939e-02  2.01696441e-01
 -1.20698111e-02  5.94985373e-02 -2.93482784e-02  4.60383222e-02
 -1.26640797e-01  7.26609975e-02 -1.28697053e-01  1.99463852e-02
 -3.58927995e-04  3.41317058e-02  6.39738922e-04  1.63555935e-01
 -1.66910335e-01  1.09559171e-01  6.22125110e-03  4.23420034e-02
  4.89192009e-02 -7.37200398e-03 -1.99710280e-02 -1.19488649e-01
  1.16936855e-01 -1.99116111e-01  1.80305004e-01  1.52834326e-01
  8.43307674e-02  8.84830207e-02  1.11914814e-01  6.31033033e-02
 -3.49859311e-03  2.03899518e-02 -2.49944121e-01  4.53979000e-02
  1.26603693e-01 -4.14290801e-02  1.00629643e-01 -1.71909202e-02]