[-1.31046355e-01  1.38298482e-01  3.70283984e-02 -1.15603328e-01
 -1.12071931e-01 -1.23843690e-02  5.92047721e-03 -1.15437202e-01
  1.80456147e-01 -1.64824247e-01  1.86893746e-01 -7.75031373e-02
 -2.21241474e-01  1.78298112e-02 -7.68695325e-02  1.98449567e-01
 -2.07698494e-01 -1.47456840e-01 -5.68632782e-02  2.00707745e-02
  1.23001873e-01  1.76442172e-02 -3.60997804e-02  1.01304650e-01
 -1.63737535e-01 -2.97159910e-01 -8.63554403e-02 -8.23757723e-02
  2.17329897e-02 -7.28308409e-02 -6.06453381e-02 -3.14282887e-02
 -1.52879447e-01 -2.78141443e-02  6.76898053e-03  7.00605288e-02
 -2.55006403e-02 -1.18212365e-01  1.74356267e-01 -1.52718890e-02
 -3.09789717e-01  8.85172784e-02  6.62224516e-02  2.41941616e-01
  1.99236125e-01 -1.52794216e-02  1.42014623e-02 -1.87250286e-01
  1.66499838e-01 -1.77241772e-01 -3.27817368e-04  1.21446364e-01
  3.61009240e-02  8.43094289e-02  2.50165947e-02 -1.59132004e-01
  3.06223333e-02  1.41255587e-01 -1.46255642e-01 -3.40604037e-02
  9.06575918e-02 -2.19371505e-02  5.12978844e-02 -7.97724053e-02
  1.65439993e-01  5.90862893e-02 -1.04195334e-01 -1.91437751e-01
  1.66205421e-01 -1.84555396e-01 -5.48750870e-02  6.40587434e-02
 -1.31204784e-01 -1.80297300e-01 -2.05919459e-01 -4.27615596e-03
  3.48494500e-01  1.81403443e-01 -1.48039043e-01  8.87150243e-02
 -7.47918934e-02  4.12781863e-03  1.28428176e-01  1.57179341e-01
  2.29991544e-02  3.94097455e-02 -6.18412979e-02  2.28623208e-02
  2.53774375e-01 -5.76945432e-02  3.43707502e-02  2.48392686e-01
  4.20365408e-02  1.46301566e-02  3.74649018e-02  6.38175104e-03
 -1.68282330e-01  6.30740225e-02 -1.29579589e-01 -1.13211693e-02
 -5.96601004e-03 -4.80413763e-03  9.62473918e-03  1.43606380e-01
 -1.96703911e-01  1.90593377e-01 -1.20945899e-02  3.01181860e-02
 -1.88966691e-02  1.66240614e-02 -3.38496380e-02 -2.00354364e-02
  1.23212054e-01 -1.84730545e-01  1.89901635e-01  1.59219876e-01
  4.71729934e-02  9.21542123e-02  1.18237160e-01  3.54970396e-02
  1.47056421e-02  5.83964447e-03 -2.45297894e-01  9.22928739e-04
  1.25653550e-01 -8.85155126e-02  1.06795006e-01 -1.51982671e-02]