[-0.11978111  0.12207969  0.08636479 -0.04320724 -0.0856332  -0.06486391
 -0.03171217 -0.12532251  0.18476939 -0.02843953  0.25021163 -0.03721527
 -0.26458177 -0.05558992 -0.00713315  0.21098709 -0.14790061 -0.05498247
 -0.04013131 -0.0169951   0.06185341 -0.03333532  0.02470576  0.11309042
 -0.13631043 -0.35604367 -0.06519155 -0.08361467 -0.047934   -0.07139312
 -0.07500032  0.02527551 -0.19850285 -0.07106128  0.01443907  0.06411612
 -0.02375814 -0.07947225  0.115812    0.04522387 -0.22882576 -0.0188091
  0.01640899  0.22651596  0.27435103  0.02804433  0.07541291 -0.13822454
  0.12054034 -0.21142054  0.00507523  0.10395952  0.00937753  0.02758031
 -0.01826495 -0.21049891 -0.03658269  0.10111883 -0.16662218 -0.02179458
  0.08441706 -0.00708013 -0.05330769 -0.04885294  0.2347668   0.11188648
 -0.17946005 -0.09173136  0.14684799 -0.1423513   0.01034074  0.01208092
 -0.19301733 -0.23808484 -0.31283453  0.04413547  0.4330872   0.10651793
 -0.20499638 -0.0246768  -0.14616063  0.04663462  0.07065093  0.13139509
  0.01424432  0.03049223 -0.06985144  0.02634265  0.20042019 -0.04112524
  0.01926266  0.29123583 -0.00936581  0.04249674 -0.01474433  0.06369621
 -0.11701651  0.02091891 -0.15582903 -0.06090255 -0.01575243 -0.01435954
  0.04720947  0.1300988  -0.23782673  0.15428925  0.05631359  0.04243548
  0.00707708 -0.00734809 -0.09368164 -0.0757924   0.13802956 -0.18742354
  0.17358638  0.20083657  0.09227124  0.1179857   0.06989396  0.05134609
  0.01281085 -0.02455308 -0.14182328  0.04764747  0.05947056 -0.05516743
  0.06118053 -0.00992601]