[-0.20111978  0.1354934   0.14759828 -0.08487233 -0.12267106 -0.0957325
 -0.04035237 -0.160726    0.12924941 -0.11075681  0.21474354 -0.10674509
 -0.22693677 -0.01166899 -0.0457969   0.23692177 -0.17907189 -0.15972736
 -0.05751622  0.03007521  0.11218871 -0.01280837 -0.02079388  0.06418492
 -0.11037397 -0.39607927 -0.13037348 -0.05940644 -0.04169652 -0.04449462
 -0.03732686  0.06044735 -0.17913632 -0.08297773  0.00271203  0.11061811
  0.00691442 -0.09080328  0.1694786  -0.03612435 -0.30689213  0.0886353
  0.11283996  0.25071248  0.18766686  0.02310443  0.0633544  -0.06965338
  0.08949816 -0.19079137 -0.04078951  0.13260582  0.06326926  0.04383535
  0.05863721 -0.13616094  0.04993017  0.08009788 -0.20669182 -0.0547221
  0.14018483 -0.09910987  0.01696754 -0.06802358  0.1937003   0.09587624
 -0.0730781  -0.11191519  0.19462468 -0.11978061 -0.01247717  0.01512632
 -0.20264101 -0.16324405 -0.2761229  -0.01629969  0.37667796  0.12338991
 -0.133848    0.09722145 -0.06460248  0.04146577  0.06721342  0.10399268
  0.02882972  0.07580143 -0.07997172  0.07427432  0.18545826 -0.03617753
  0.06529735  0.23982047  0.05867069 -0.01321261  0.03501661  0.01581761
 -0.07555671 -0.01754544 -0.16006914  0.03104711 -0.03286717  0.01231247
  0.02425996  0.10968006 -0.19128577  0.08922773 -0.00742471  0.02373573
 -0.10044787  0.02614204 -0.0167184  -0.03841414  0.08207936 -0.19052576
  0.12354209  0.20915537 -0.06706744  0.08144461  0.0530385   0.03349264
 -0.01737862 -0.02749515 -0.19104561 -0.04468761  0.11568307 -0.02654903
  0.08989216  0.04756946]