[-6.84125815e-03  1.30311966e-01  2.51050834e-02 -5.02553955e-03
 -2.90979650e-02 -3.55357789e-02  4.05176133e-02 -1.73843786e-01
  1.50436312e-01 -4.23953645e-02  2.21960410e-01 -6.04707561e-02
 -1.76456571e-01 -7.68016875e-02  8.80984589e-06  1.48048043e-01
 -2.33491525e-01 -1.14990942e-01 -2.75073405e-02 -4.83238548e-02
  7.92629719e-02  1.15461005e-02  1.67100355e-02  1.66680310e-02
 -1.25447229e-01 -3.09540361e-01 -1.43086955e-01 -8.41493979e-02
  8.02999288e-02 -3.84873860e-02 -5.33771291e-02  1.04710221e-01
 -1.89196751e-01 -1.28084138e-01  1.00507475e-01 -1.30754327e-02
 -4.99138236e-02 -6.01460822e-02  2.06366166e-01  5.71229272e-02
 -1.46586850e-01  8.73922333e-02  3.09964754e-02  3.02270085e-01
  2.23386839e-01  1.99942272e-02 -7.83067371e-04 -1.14845946e-01
  7.16851130e-02 -1.72800660e-01  2.86276340e-02  1.45663902e-01
  4.50676270e-02  1.05958343e-01  4.96944273e-03 -1.38646871e-01
 -1.40533969e-02  3.71547602e-02 -2.05853254e-01  4.61708521e-03
  9.19062346e-02 -1.26166567e-01  1.61316842e-02 -3.48184071e-02
  1.15848444e-01  7.05917403e-02 -5.85368983e-02 -1.82504803e-01
  1.08351029e-01 -1.22612320e-01 -4.55111973e-02  2.22534370e-02
 -1.50041729e-01 -1.50432035e-01 -3.00755620e-01  2.82151885e-02
  4.12321240e-01  9.86249372e-02 -1.36920378e-01  2.80194227e-02
 -7.06825554e-02 -2.30231471e-02  1.45210221e-01  7.23003298e-02
 -1.63129605e-02 -1.36128096e-02 -3.80896963e-02  7.29917511e-02
  1.75344005e-01 -6.72267154e-02 -1.14280596e-01  1.94248915e-01
 -7.66607299e-02  4.07926999e-02  5.93078993e-02  4.89371531e-02
 -5.16952164e-02  5.53859174e-02 -1.63067386e-01 -1.14181265e-02
 -5.24537405e-03 -4.78959568e-02  2.81303357e-02  1.73820719e-01
 -1.76107913e-01  1.11941472e-01  2.31977087e-02 -1.96046066e-02
 -5.64331114e-02 -4.34558205e-02 -1.32562593e-01  1.94564033e-02
  1.16833448e-01 -2.78795213e-01  2.35879406e-01  2.03562066e-01
 -4.50246129e-03  9.75319594e-02  3.45099457e-02 -1.25468867e-02
 -1.41053246e-02 -4.52973209e-02 -1.68999448e-01 -3.84252146e-02
  8.89808834e-02  7.34473616e-02  6.68492243e-02 -2.54882034e-02]