[-2.13935021e-02  1.32369861e-01  5.61948977e-02 -3.17945698e-04
  3.15301120e-02 -3.33226323e-02  5.68958297e-02 -1.88976929e-01
  1.61474511e-01 -8.35394934e-02  2.58052975e-01 -9.68505442e-02
 -1.88435689e-01 -6.54734746e-02 -5.49261365e-03  1.45018354e-01
 -2.04181835e-01 -1.13085710e-01 -2.24502571e-02 -3.79208773e-02
  8.80997851e-02 -2.10953932e-02  3.75069007e-02  1.77697893e-02
 -1.31480619e-01 -2.87292868e-01 -1.44697949e-01 -9.33912024e-02
  7.91423917e-02 -2.95235608e-02 -6.55648485e-02  6.53723702e-02
 -2.01448485e-01 -8.91574472e-02  3.76096442e-02  3.47174369e-02
 -5.70592470e-02 -7.49661922e-02  2.06976816e-01  4.15512025e-02
 -1.16424739e-01  5.97331598e-02 -3.23964208e-02  2.92418689e-01
  1.65348455e-01 -1.50992367e-02 -3.02001019e-03 -1.19623087e-01
  8.51533338e-02 -1.99002340e-01  4.47724648e-02  1.41878560e-01
  7.27501586e-02  1.28849670e-01 -2.62640859e-03 -1.32091641e-01
  4.43613194e-02  7.21399710e-02 -2.09246114e-01  2.25051623e-02
  9.64549109e-02 -9.98669788e-02  4.67936099e-02 -2.57559568e-02
  1.29811615e-01  7.81683698e-02 -6.73999712e-02 -1.18735090e-01
  1.10440828e-01 -8.29243585e-02 -6.22941554e-03  4.85442020e-03
 -1.61261946e-01 -1.89577624e-01 -3.13908190e-01  5.08045442e-02
  3.84078681e-01  1.32361576e-01 -1.38940141e-01  2.61897445e-02
 -9.52419564e-02  5.04050171e-03  1.30849376e-01  6.31734356e-02
 -3.91628630e-02  2.19280627e-02 -8.50559697e-02  8.61530527e-02
  1.47607014e-01 -8.20403323e-02 -1.00508116e-01  2.14108586e-01
 -8.20417032e-02  5.80947511e-02  3.87907512e-02  3.19840796e-02
 -5.98002188e-02  3.83635163e-02 -1.55875728e-01  1.33659570e-02
 -2.47055441e-02 -5.49646504e-02 -3.44254612e-03  1.58813655e-01
 -1.95530519e-01  1.29337087e-01  2.68798117e-02 -2.79357862e-02
 -5.73532544e-02 -4.92635556e-02 -1.19720355e-01  1.93667840e-02
  1.11356460e-01 -2.68705130e-01  1.92210257e-01  2.10155368e-01
  2.19232067e-02  1.23562239e-01  4.02981751e-02 -4.18476993e-03
 -2.65421998e-02 -4.55739573e-02 -1.93660572e-01 -1.31066684e-02
  8.96091983e-02  8.70423689e-02  3.71528082e-02  6.54170802e-03]