[-0.14156422  0.0812253   0.10314446 -0.07072511 -0.15563586 -0.04775027
 -0.0353015  -0.17002524  0.13964921 -0.14471628  0.18317871 -0.08234616
 -0.26051828  0.02187218 -0.03233167  0.17623702 -0.16244765 -0.19106446
 -0.07814407 -0.03943188 -0.00770275 -0.03185058 -0.01297745  0.0890427
 -0.11640377 -0.39943752 -0.09896221 -0.07755013 -0.04081624 -0.04311869
 -0.03718896  0.08790197 -0.16929726 -0.00834413 -0.02759532  0.07652657
  0.00712593 -0.07015533  0.1398219   0.01995479 -0.27640364  0.09504531
  0.06977572  0.2352697   0.20481634  0.04752286  0.06596621 -0.07586028
  0.10260909 -0.18800484  0.00410496  0.15404354  0.06576043 -0.00434123
  0.07294644 -0.19197991  0.00295027  0.0228561  -0.16537307 -0.01056404
  0.10350414 -0.05502256 -0.03651807 -0.07538525  0.20258968  0.13435259
 -0.06863771 -0.0769495   0.2443558  -0.1515865  -0.01159083  0.02532369
 -0.1893308  -0.17323114 -0.18272731  0.02822517  0.41553789  0.13142501
 -0.16840556  0.06106997 -0.04439504  0.04624383  0.07492145  0.12216321
 -0.00271133 -0.00194617 -0.08395397  0.04230106  0.16561811 -0.01131739
  0.02502503  0.20040658  0.05328694 -0.04453175  0.07990314  0.03437272
 -0.11549482 -0.01761281 -0.16641122 -0.02175626 -0.01405895 -0.01964816
 -0.02482859  0.04185256 -0.1548731   0.13582441 -0.00597795 -0.02730055
 -0.0653832   0.04856656  0.01643111 -0.03640196  0.1017039  -0.22323759
  0.14619802  0.1683735  -0.05313663  0.14848213 -0.00421112  0.09434704
 -0.02335036 -0.01114934 -0.14103365 -0.11153666  0.05906783 -0.04057183
  0.0591858   0.03687895]