[-0.04801856  0.11715282  0.00261591 -0.01086156  0.01215926 -0.06165838
  0.05774781 -0.15224685  0.16717695 -0.05499227  0.21539879 -0.06979492
 -0.18748866 -0.09069681  0.01266366  0.15128127 -0.22125776 -0.11942684
 -0.03102894 -0.05073063  0.0806      0.0129718   0.04348608  0.01754864
 -0.13405935 -0.30922851 -0.12097324 -0.09231342  0.06956513 -0.03612298
 -0.05385921  0.1166411  -0.23054872 -0.12342912  0.0862185   0.03232544
 -0.03510563 -0.03794835  0.20521243  0.04831554 -0.13158205  0.05458407
 -0.00211309  0.29366642  0.19997227 -0.00527515 -0.0051233  -0.13240521
  0.08312704 -0.16490196  0.01534785  0.14403096  0.01742284  0.09216098
 -0.00586531 -0.13214208  0.02499334  0.04234222 -0.19908717 -0.00399202
  0.08889826 -0.11515272  0.00040844 -0.01839793  0.11184641  0.01948539
 -0.05084726 -0.18043962  0.11606629 -0.10393887 -0.01006607  0.0319305
 -0.15547508 -0.17337076 -0.32385394  0.04605814  0.37509933  0.08989631
 -0.10876085  0.08163232 -0.07465156 -0.02151046  0.12742567  0.06813406
 -0.04323125  0.02840634 -0.07079095  0.10301467  0.16448839 -0.05829181
 -0.10580945  0.18639611 -0.09044763  0.05625229  0.06250393  0.04007316
 -0.06561033  0.04214521 -0.17390764 -0.01376685  0.03070807 -0.06668809
  0.00749835  0.18817589 -0.17565642  0.0936784   0.0014827  -0.02150637
 -0.06083829 -0.04324906 -0.13092446 -0.00038708  0.08882903 -0.24729966
  0.21802671  0.20884188  0.01171233  0.10358679  0.05328719 -0.0136834
 -0.02329313 -0.00674554 -0.19741082 -0.01736935  0.10598355  0.10036981
  0.06283858 -0.0193522 ]