[-0.17805877  0.08287927  0.11749723 -0.08744846 -0.1097522  -0.10223559
 -0.08213138 -0.13307135  0.15024522 -0.11714289  0.16702825 -0.08281165
 -0.18816371  0.01194039 -0.05111624  0.21057117 -0.18244126 -0.16123436
 -0.06146665  0.01684682  0.06476082  0.00875305 -0.02034052  0.0154331
 -0.04610205 -0.42184511 -0.13717    -0.06655744  0.0317941   0.01242305
 -0.01329397  0.02382656 -0.18301634 -0.09102894  0.01835356  0.07499547
 -0.01513869 -0.09470554  0.18561898 -0.02479043 -0.2807506   0.06170952
  0.0835114   0.20413621  0.16615146  0.07967819  0.05337869 -0.13807306
  0.10232946 -0.16834922 -0.03920237  0.13291493  0.04664967  0.0648018
  0.04612672 -0.17933175  0.09164483  0.07399198 -0.20295583 -0.03637768
  0.07613242 -0.09445361  0.02226358 -0.06105144  0.24832176  0.05889272
 -0.06048101 -0.14628251  0.18578611 -0.09851379  0.00682676  0.02804771
 -0.16851529 -0.15088859 -0.27035046 -0.00362897  0.41268015  0.08781014
 -0.12380856  0.11890434 -0.07969933 -0.0105633   0.0780834   0.1235156
 -0.00550818  0.00452267 -0.07076412 -0.00446529  0.18356054 -0.05803939
  0.04340941  0.16316006  0.01730309  0.06504884  0.01256434  0.02659304
 -0.14232813  0.02594265 -0.11396425 -0.01857975  0.02018364  0.03376083
  0.03671836  0.11813837 -0.15995651  0.10679346 -0.01258407  0.0063762
 -0.03310727  0.03359956  0.00997945 -0.08093872  0.09332532 -0.18241146
  0.18229254  0.20512298 -0.03756688  0.14837804  0.0772381   0.07021201
 -0.046751    0.03254644 -0.22450157 -0.01967188  0.08798834  0.00079476
  0.0701661   0.05392682]