[-1.60613269e-01  9.85265151e-02  1.12222791e-01 -8.22088122e-02
 -1.06066681e-01 -6.92390725e-02 -6.23178370e-02 -1.51900247e-01
  1.63872465e-01 -1.52407110e-01  1.96678147e-01 -5.50942831e-02
 -2.14096427e-01 -6.45323191e-03 -3.68122384e-02  2.17127994e-01
 -1.81672662e-01 -1.54804140e-01 -7.44315311e-02  2.05710493e-02
  4.50874344e-02  5.59031591e-03 -1.71035379e-02  1.39871612e-03
 -1.82290096e-02 -4.19690430e-01 -1.44522294e-01 -6.28457442e-02
  3.60106416e-02  1.50063504e-02 -2.78692096e-02 -2.65720504e-04
 -1.76379904e-01 -9.74355638e-02  3.58061530e-02  6.41902834e-02
 -3.79039012e-02 -7.23376498e-02  1.68759510e-01 -2.80498862e-02
 -2.57842749e-01  5.58447912e-02  7.03487620e-02  1.94998637e-01
  1.55278340e-01  9.02787223e-02  4.83465195e-02 -1.45329043e-01
  8.32260400e-02 -1.84055313e-01 -3.92245613e-02  1.15664981e-01
  5.91234155e-02  7.14669228e-02  5.69069088e-02 -1.86327949e-01
  5.26242927e-02  9.08756182e-02 -1.77904919e-01 -2.41577309e-02
  6.10700734e-02 -7.91750103e-02 -1.83371976e-02 -6.13765605e-02
  2.46921495e-01  5.37195019e-02 -9.02235433e-02 -1.60680205e-01
  1.77929789e-01 -1.08203210e-01  5.32722939e-03  4.32744324e-02
 -1.50562942e-01 -1.73670113e-01 -2.22522974e-01  7.47852726e-03
  4.28158492e-01  1.08521216e-01 -1.41685054e-01  7.87791610e-02
 -9.33615938e-02 -1.78269744e-02  6.90602288e-02  1.14687324e-01
  2.00940538e-02  2.41877371e-03 -5.54473288e-02 -2.11021844e-02
  1.71069890e-01 -7.71118850e-02  5.11411093e-02  2.02808022e-01
  7.43114203e-03  7.88178965e-02 -1.07758148e-02  1.19020566e-02
 -1.18490152e-01  2.79022809e-02 -1.27966329e-01 -5.30371182e-02
  1.85083430e-02  2.77826320e-02  2.76592858e-02  9.61491913e-02
 -1.65602595e-01  1.19614676e-01 -1.28385071e-02  1.92785002e-02
 -8.08400684e-04  3.19497883e-02 -4.33785096e-03 -8.33450109e-02
  1.12037353e-01 -2.16883063e-01  1.87163934e-01  2.37591103e-01
 -3.99518758e-02  1.42093018e-01  7.64675364e-02  6.14783168e-02
 -9.58459452e-03  8.67544021e-03 -2.30759770e-01 -3.86016220e-02
  8.59746560e-02 -1.90757569e-02  3.60751860e-02  1.47453239e-02]