[-1.03422515e-01  1.06002666e-01  6.95858821e-02 -5.99160567e-02
 -1.08659916e-01 -1.66665297e-02 -1.21677360e-02 -1.23835981e-01
  1.65746301e-01 -1.31398365e-01  2.16055781e-01 -5.28580435e-02
 -2.53931522e-01 -2.23408677e-02  9.79984738e-03  1.88827455e-01
 -1.82832539e-01 -9.45173874e-02 -3.73353474e-02  1.51505340e-02
  1.10398591e-01 -2.87332619e-03 -1.62444916e-02  9.74810347e-02
 -2.00137049e-01 -3.64039183e-01 -8.50119218e-02 -8.24393928e-02
 -1.83469653e-02 -5.54904118e-02 -7.67519996e-02  3.54701723e-03
 -1.68519691e-01 -2.44852137e-02  1.85258370e-02  5.45297377e-02
 -2.07841694e-02 -8.48063380e-02  1.57763422e-01  3.17553096e-02
 -2.84903735e-01  3.99104804e-02  3.50695215e-02  2.17254624e-01
  1.99653983e-01  1.90721061e-02  8.06833580e-02 -1.38341814e-01
  1.27502903e-01 -1.61477104e-01  1.83796771e-02  1.06561922e-01
  2.27294546e-02  6.19166195e-02 -1.59877841e-03 -2.10295603e-01
 -1.49332704e-02  1.24592438e-01 -1.53963968e-01 -2.08698139e-02
  1.02889232e-01 -2.20467802e-02  1.80129781e-02 -2.60420628e-02
  1.96766555e-01  6.66914582e-02 -1.43660530e-01 -1.41668752e-01
  1.36657357e-01 -1.69468582e-01 -2.39467416e-02  3.49912122e-02
 -1.75577998e-01 -1.91790298e-01 -2.77099222e-01  3.76269236e-05
  4.17633742e-01  1.25508606e-01 -1.86521456e-01 -1.51200471e-02
 -1.16854720e-01  1.70409735e-02  1.42627180e-01  1.41994119e-01
  3.87698226e-02  1.41575951e-02 -5.28334156e-02  3.33106928e-02
  2.49843478e-01 -2.04907116e-02  2.37388276e-02  2.54838288e-01
  4.53594625e-02  2.07157135e-02  2.73676193e-03  2.00072676e-02
 -1.36406258e-01  2.14450937e-02 -1.04808249e-01 -1.51450215e-02
 -6.46733940e-02 -1.98758096e-02  1.48100583e-02  1.54478848e-01
 -2.57996082e-01  2.07357675e-01  4.01282459e-02  1.57951973e-02
 -1.29430816e-02  4.00367491e-02 -9.48031992e-02 -4.33689207e-02
  1.10996976e-01 -2.24854186e-01  1.54935792e-01  2.07225069e-01
  8.41004327e-02  1.11637391e-01  6.22042306e-02  3.11853625e-02
 -3.94716952e-03 -4.68973024e-03 -2.26028323e-01  5.35527011e-03
  8.54949504e-02 -7.49702826e-02  9.50263441e-02 -2.23707445e-02]