[-8.90089199e-02  1.30213067e-01  9.29719433e-02 -1.05774164e-01
 -9.87084880e-02 -3.04974075e-02 -7.69871995e-02 -1.36633858e-01
  1.71603352e-01 -1.29726410e-01  2.22981408e-01 -6.53081089e-02
 -2.25063235e-01 -2.05004327e-02 -5.81837855e-02  2.17491582e-01
 -2.11478278e-01 -1.59101918e-01 -3.81553918e-02  4.30172980e-02
  8.96747038e-02 -2.58313846e-02  3.16499583e-02  5.70550673e-02
 -1.65702730e-01 -3.22513074e-01 -7.64766559e-02 -9.58146974e-02
 -2.24370905e-03 -4.34420668e-02 -7.64673576e-02 -5.07546738e-02
 -1.82727829e-01 -4.64173183e-02 -6.61149202e-03  5.81099950e-02
 -5.84587222e-03 -1.22683302e-01  1.99917898e-01 -5.42786196e-02
 -3.35107654e-01  7.07327724e-02  2.73893457e-02  1.90073416e-01
  1.99437648e-01  7.39041343e-03  4.93665449e-02 -2.11331874e-01
  1.66019306e-01 -1.74803331e-01  4.89145666e-02  9.94931757e-02
  5.70122078e-02  2.68213246e-02  2.00157621e-04 -1.54757708e-01
  3.66636482e-03  1.81470558e-01 -1.57073438e-01 -1.38116097e-02
  7.61723295e-02 -1.41183538e-02  6.10475615e-02 -9.52021107e-02
  2.17866257e-01  8.80878791e-02 -1.27556220e-01 -1.61653146e-01
  1.49335831e-01 -1.15955427e-01 -3.89345922e-02  7.75966048e-02
 -1.52740225e-01 -1.99933663e-01 -3.01347256e-01 -2.71437224e-02
  3.59691352e-01  8.71537849e-02 -2.07309395e-01  2.46274993e-02
 -6.91872314e-02  8.97769723e-03  1.27917886e-01  1.83665141e-01
  3.11069824e-02  3.19935046e-02 -8.29868391e-02  1.22394040e-03
  2.85346270e-01 -1.11157656e-01  3.83894704e-03  2.41489395e-01
  2.00897343e-02  5.61071746e-02 -7.73339113e-03  6.74058348e-02
 -1.34948686e-01  6.89437166e-02 -1.47908151e-01  9.36567597e-03
  1.06597636e-02  6.95381835e-02 -9.73008852e-03  1.49709329e-01
 -1.55660436e-01  9.93942916e-02  3.56869842e-03  1.66759398e-02
  2.51091458e-03 -9.04278550e-03 -2.74163671e-02 -1.19580783e-01
  1.32732913e-01 -1.79171756e-01  1.72644511e-01  1.76921293e-01
  4.74937782e-02  8.88244286e-02  1.05780900e-01  3.47813517e-02
  1.65721830e-02 -1.89531595e-03 -2.48567462e-01  3.67847122e-02
  1.42849281e-01 -5.49715422e-02  1.21214561e-01  1.32253831e-02]