[-1.15871310e-01  1.49510548e-01  8.24109763e-02 -7.33505413e-02
 -9.49073657e-02 -7.26232156e-02 -6.47749454e-02 -1.46105513e-01
  1.55676305e-01 -3.55223455e-02  2.51985550e-01 -4.29398976e-02
 -2.69591093e-01 -2.49251034e-02 -7.70076737e-02  1.99760988e-01
 -1.41581401e-01 -9.96726975e-02 -3.78060639e-02 -9.79627669e-03
  5.51681332e-02  9.99851339e-03  1.45286648e-02  1.01294748e-01
 -1.24916427e-01 -3.47987086e-01 -5.33088222e-02 -8.07385668e-02
 -7.42597133e-02 -6.47891760e-02 -5.35038225e-02  2.13807379e-03
 -1.92255288e-01 -2.67771520e-02  3.98348682e-02  4.89379168e-02
 -1.84655152e-02 -1.07379675e-01  1.55662075e-01  2.23310236e-02
 -2.82010615e-01  2.64405850e-02  1.57081075e-02  2.45016560e-01
  2.59377956e-01 -1.93061922e-02  3.95129882e-02 -1.79241210e-01
  1.56554297e-01 -1.81311727e-01 -3.75867938e-03  1.29085571e-01
  1.34904031e-02 -3.16970807e-04 -3.96394469e-02 -1.58629119e-01
 -2.37801801e-02  1.48424163e-01 -1.86309323e-01 -5.62291220e-02
  9.16874334e-02 -5.77581413e-02 -3.04983296e-02 -8.58755633e-02
  2.09282205e-01  1.17567323e-01 -1.81079701e-01 -1.03330351e-01
  1.58762947e-01 -1.51516512e-01  7.98417721e-03  4.92878556e-02
 -1.67388305e-01 -2.27669224e-01 -2.83477157e-01  2.09147241e-02
  4.27375704e-01  1.18454099e-01 -1.89098179e-01 -9.65703744e-03
 -1.34587243e-01  7.00313821e-02  8.29674527e-02  1.30277842e-01
 -1.56407766e-02  3.17700915e-02 -8.17548633e-02  2.60972269e-02
  2.48997241e-01 -2.57099159e-02 -6.22004736e-03  2.94916332e-01
 -1.40297860e-02  5.58411889e-02  9.61609930e-03  7.14485422e-02
 -1.19135380e-01 -2.92244571e-04 -1.40099123e-01 -3.33676711e-02
 -3.43000144e-02 -1.01421066e-02  4.83561829e-02  1.56640649e-01
 -2.14904502e-01  1.24606572e-01  3.81975286e-02  5.98258786e-02
  2.30136551e-02 -2.70755379e-03 -1.51359020e-02 -9.44765285e-02
  1.20622717e-01 -1.85518667e-01  1.75344154e-01  1.39663368e-01
  1.04157843e-01  1.11742221e-01  7.36727342e-02  1.42645063e-02
 -2.65099406e-02 -7.74768963e-02 -1.78407446e-01  3.32495682e-02
  8.26115906e-02 -3.39445174e-02  1.25185609e-01 -1.95193831e-02]