[-0.11456895  0.09910657  0.10752461 -0.09437513 -0.12245027 -0.01834504
 -0.05946494 -0.10739833  0.15550175 -0.12102779  0.21876524 -0.05811488
 -0.19758125  0.00787509 -0.05270152  0.21492223 -0.18904275 -0.1517195
 -0.03552056  0.04647121  0.08558939  0.01564142 -0.00777352  0.06388641
 -0.15305023 -0.30798304 -0.07340512 -0.0669902  -0.01108075 -0.05126501
 -0.109822   -0.01868059 -0.18336977 -0.0333386   0.02071576  0.09369743
 -0.01589654 -0.10396431  0.14539592 -0.03942574 -0.3283765   0.06831662
  0.06028778  0.2059938   0.22154184  0.0181044   0.03633114 -0.20524822
  0.15210566 -0.19323882  0.02267703  0.10683627  0.0500223   0.03820356
 -0.01072382 -0.15123464 -0.00376619  0.15899043 -0.11843872  0.00487765
  0.10284559 -0.01894613  0.04752237 -0.11672319  0.21902454  0.08699552
 -0.12864901 -0.20115569  0.12336139 -0.14757341 -0.078477    0.09701906
 -0.16428719 -0.19594492 -0.28368843 -0.02936496  0.35965517  0.07840047
 -0.19422075  0.03247562 -0.05799039  0.02998873  0.13266586  0.17277132
  0.03702097  0.02968294 -0.09196918  0.00236876  0.33349708 -0.09948074
  0.02867934  0.21721597  0.0155071   0.04348499 -0.01004698  0.06761685
 -0.10155567  0.07165291 -0.15073745  0.00141542 -0.00960884  0.04207545
 -0.01044744  0.16132848 -0.17294188  0.12535499 -0.01976828  0.03819393
  0.01103161 -0.02548442 -0.04275171 -0.07800095  0.13790546 -0.17741254
  0.18215464  0.17627583  0.06004801  0.06046603  0.0949432   0.05349722
 -0.00270057  0.01277202 -0.25107571  0.03710447  0.13178526 -0.09006578
  0.1013427  -0.00225442]