[-0.15844952  0.10218634  0.11804991 -0.08896334 -0.09799574 -0.07825129
 -0.07397496 -0.16353062  0.15388969 -0.15434782  0.19623354 -0.05985427
 -0.2110111  -0.01019135 -0.05737785  0.2207583  -0.19623277 -0.15096603
 -0.04570198  0.02921673  0.04138371 -0.01382736 -0.01546386  0.02194589
 -0.03970628 -0.41085306 -0.15747951 -0.08536736 -0.0020413  -0.00550553
 -0.02867867  0.00706143 -0.1587799  -0.07838317  0.00715601  0.07032412
 -0.01853214 -0.06807823  0.16372626 -0.02450856 -0.2672939   0.06636633
  0.07087087  0.22617625  0.18817349  0.07174509  0.04064642 -0.13127784
  0.08862003 -0.16391425 -0.02756485  0.10166174  0.07906741  0.06250756
  0.04372919 -0.1917648   0.06580582  0.08143021 -0.19243464 -0.04109193
  0.06579119 -0.08919624  0.01712668 -0.03585228  0.25684392  0.07204636
 -0.08713503 -0.12992929  0.21255873 -0.11908626  0.01567088  0.00639072
 -0.17202282 -0.17335628 -0.23911224 -0.00403021  0.40174061  0.12342681
 -0.15775442  0.0846315  -0.09265783 -0.00708523  0.07095157  0.14090578
  0.02056565  0.01194704 -0.0637179  -0.02018696  0.15906581 -0.06807793
  0.05248905  0.19984233  0.0140285   0.05158693  0.02050556 -0.00507583
 -0.12899683  0.02886166 -0.14791684 -0.03478752 -0.03177586  0.01563171
  0.02026479  0.11132985 -0.17216204  0.13128702  0.00590448  0.00576311
 -0.03340157  0.03792125  0.01340355 -0.08681058  0.12188237 -0.19945805
  0.17313556  0.22582088 -0.02558192  0.1565001   0.06517518  0.07397746
 -0.0283375   0.00141097 -0.23288624 -0.01193454  0.07964182 -0.03704488
  0.06509836  0.03903861]