[-1.71768352e-01  1.06252290e-01  8.98126513e-02 -9.23376754e-02
 -1.01986669e-01 -8.26992467e-02 -5.06253615e-02 -1.66047662e-01
  1.83135256e-01 -1.50986269e-01  2.01941594e-01 -1.01903737e-01
 -2.24395707e-01  6.52560918e-03 -5.11260703e-02  2.30495885e-01
 -2.00312763e-01 -1.62842557e-01 -3.20062228e-02  9.45251156e-03
  4.61423807e-02 -4.73094964e-03 -5.15729003e-02  3.83654162e-02
 -4.81115580e-02 -4.06528801e-01 -1.42331287e-01 -5.91652058e-02
  1.62519179e-02 -1.69568714e-02 -2.79292166e-02  3.33411321e-02
 -1.86281070e-01 -9.76837054e-02  3.30764018e-02  9.48613063e-02
 -1.62137095e-02 -7.00382292e-02  1.58071846e-01 -2.97292471e-02
 -2.58790642e-01  5.91843128e-02  8.73591527e-02  2.40905389e-01
  1.39411151e-01  5.85294627e-02  1.76340174e-02 -1.33822858e-01
  7.10160956e-02 -1.62549213e-01 -5.24047278e-02  1.18562579e-01
  4.98152822e-02  6.48647174e-02  3.21571119e-02 -1.91617861e-01
  6.18614256e-02  6.06099963e-02 -1.95967749e-01 -2.39603873e-02
  9.64346826e-02 -9.03733298e-02 -1.10859480e-02 -4.98159006e-02
  2.42200479e-01  5.37633970e-02 -8.57597142e-02 -1.63025588e-01
  1.77739635e-01 -1.23784557e-01  1.03905055e-04  1.49015728e-02
 -1.55512080e-01 -1.80412993e-01 -2.58300185e-01  4.17509768e-03
  3.99521053e-01  1.09436475e-01 -1.46784469e-01  1.17625833e-01
 -5.66454045e-02 -1.18609108e-02  8.72258246e-02  1.37671947e-01
  2.38604359e-02  4.38209176e-02 -6.55633137e-02  1.46981496e-02
  1.64903894e-01 -5.29612675e-02  3.91691327e-02  2.01163992e-01
 -8.10859352e-03  6.11056052e-02  1.65547114e-02  2.09268723e-02
 -1.22925870e-01  1.69723369e-02 -1.47395194e-01 -4.14860547e-02
  2.93841492e-02  1.84472930e-02  2.02230848e-02  1.28915802e-01
 -1.77771986e-01  1.31782711e-01  2.47949781e-03  1.39479516e-02
 -3.02377343e-02  5.43679409e-02 -7.65512092e-03 -7.21768066e-02
  1.19408332e-01 -2.14885861e-01  1.87931448e-01  2.25504622e-01
 -2.71005873e-02  1.33043259e-01  7.31209740e-02  4.18346412e-02
 -8.36780388e-03  1.66384485e-02 -2.26738885e-01 -3.44347171e-02
  6.90086633e-02 -3.49936485e-02  6.70684204e-02  2.89626848e-02]