[-1.28481641e-01  1.12507477e-01  1.09939445e-02 -6.72364682e-02
 -8.58680680e-02 -4.95255589e-02  8.70571006e-03 -1.50454774e-01
  1.84612736e-01 -1.37198001e-01  2.23756388e-01 -7.54454508e-02
 -2.44049773e-01 -2.62295604e-02 -7.97608197e-02  2.08761245e-01
 -1.96943313e-01 -1.68248489e-01 -5.85331507e-02  1.95792299e-02
  1.33046299e-01  1.16868811e-02 -4.31576185e-02  8.93134028e-02
 -1.35876447e-01 -2.94567645e-01 -9.06902328e-02 -7.36062080e-02
  3.37645635e-02 -2.38689650e-02 -6.22730553e-02 -2.14192234e-02
 -1.61025912e-01 -5.82497492e-02  4.59127724e-02  4.53436449e-02
  2.45320518e-02 -9.05307829e-02  2.20614836e-01 -9.30878706e-03
 -3.26634735e-01  8.12750831e-02  9.72403660e-02  2.59844154e-01
  1.57365352e-01 -8.03822558e-03  1.90511178e-02 -1.70593008e-01
  1.63661554e-01 -1.41590521e-01  1.65527768e-03  1.18781365e-01
  1.25132844e-01  4.08194140e-02 -6.96301926e-03 -1.72213629e-01
  1.06125744e-02  1.60867855e-01 -1.63307711e-01  6.79737795e-03
  1.25724748e-01 -7.73902312e-02  2.35047545e-02 -5.77255189e-02
  1.65238038e-01  2.04150509e-02 -1.19596533e-01 -1.86316654e-01
  1.49433836e-01 -1.65581271e-01 -6.76979721e-02  4.39764485e-02
 -1.45442292e-01 -1.89075008e-01 -2.94236124e-01 -2.23162095e-03
  3.75333011e-01  1.27971917e-01 -1.66445419e-01  1.02237582e-01
 -3.94202583e-02  2.51071341e-02  1.35516986e-01  1.58269033e-01
 -5.52604627e-03  5.81730492e-02 -9.87669975e-02  1.61586038e-03
  2.72382557e-01 -4.75950465e-02  1.47259561e-02  2.39413291e-01
  2.33368464e-02  3.65130082e-02  1.63887665e-02  2.01410335e-02
 -1.20989881e-01  2.45897714e-02 -1.33272678e-01  5.90192620e-03
 -2.48063332e-03 -2.63083726e-04  3.13258357e-02  1.18574299e-01
 -2.09926009e-01  1.18072800e-01  1.77436939e-03  3.08842417e-02
 -3.15055288e-02  2.17932891e-02 -5.76785915e-02 -3.19701284e-02
  1.04997814e-01 -1.79211423e-01  1.93353802e-01  1.66512281e-01
  9.39850137e-02  8.82992372e-02  1.40764222e-01 -9.14538652e-03
  2.58107577e-02  1.99186802e-03 -2.38329127e-01 -2.70879399e-02
  1.36833221e-01 -8.27064440e-02  1.58620328e-01  3.11173359e-03]