[-1.35232121e-01  1.26353532e-01  9.63743255e-02 -7.29475915e-02
 -9.34292153e-02 -6.32746741e-02 -5.48724644e-02 -1.36250466e-01
  1.48267329e-01 -4.62139957e-02  2.46106133e-01 -2.06102077e-02
 -2.75535077e-01 -3.87451947e-02 -3.51237878e-02  1.88219786e-01
 -1.25524506e-01 -7.24978894e-02 -4.72586378e-02 -3.02889384e-04
  4.54291813e-02 -2.05101836e-02  4.33897935e-02  9.79099795e-02
 -1.02807537e-01 -3.50802332e-01 -5.02097495e-02 -7.01567158e-02
 -5.68103157e-02 -5.59960268e-02 -6.64440319e-02 -2.02027503e-02
 -1.95214421e-01 -3.22794840e-02  2.09130235e-02  5.84033206e-02
 -3.12067326e-02 -9.73526910e-02  1.52333781e-01  2.80413758e-02
 -2.63746887e-01  5.52314892e-03 -2.02067196e-02  2.17722520e-01
  2.61829168e-01  2.38588458e-04  6.05139136e-02 -1.62452325e-01
  1.44027814e-01 -2.15878114e-01  9.50961374e-03  1.08015828e-01
  1.42334551e-02 -2.13185009e-02 -2.68469751e-02 -1.88610345e-01
 -2.90104002e-02  1.43548414e-01 -1.66018918e-01 -3.30307446e-02
  7.25965053e-02 -3.60701792e-02 -4.04690169e-02 -6.68253973e-02
  2.29682520e-01  1.27779558e-01 -1.94435179e-01 -8.93750936e-02
  1.66999772e-01 -1.32142067e-01  2.89908405e-02  4.45708334e-02
 -1.69735745e-01 -2.33030722e-01 -2.80031562e-01  3.45280766e-02
  4.30436909e-01  1.12534158e-01 -2.08287641e-01 -4.80743535e-02
 -1.68448538e-01  7.89169967e-02  7.44409338e-02  1.21523380e-01
 -2.12772172e-02  1.69566758e-02 -8.12333524e-02  3.21978517e-03
  2.29028612e-01 -2.85255611e-02 -9.58662760e-03  2.98009843e-01
  7.39277666e-03  6.05494678e-02  6.96849835e-04  6.32368252e-02
 -1.06633700e-01 -1.24073578e-02 -1.54031798e-01 -4.29861657e-02
 -2.94169970e-02 -3.74164954e-02  4.42700796e-02  1.54880285e-01
 -2.41353109e-01  1.30402789e-01  3.72187160e-02  4.36765365e-02
  3.38485800e-02 -2.90093245e-03 -5.14139943e-02 -9.06721279e-02
  1.19803779e-01 -1.97726950e-01  1.75883159e-01  1.89257920e-01
  1.15997270e-01  1.17765300e-01  8.23541880e-02  1.69000346e-02
  8.91712320e-04 -5.02624772e-02 -1.55532226e-01  3.18099260e-02
  6.90716431e-02 -3.74885164e-02  9.10931006e-02 -1.01112919e-02]