[-7.28866681e-02  1.23734534e-01  8.88308510e-02 -8.49892646e-02
 -1.06347822e-01 -1.25406561e-02 -6.86022863e-02 -1.12178303e-01
  1.75088763e-01 -1.22861825e-01  2.43726000e-01 -5.67937270e-02
 -2.12105379e-01 -3.03451214e-02 -5.12592457e-02  2.29406312e-01
 -2.19690308e-01 -1.50143877e-01 -4.57506292e-02  6.03803396e-02
  6.29668161e-02  2.60247942e-02  1.03552861e-03  4.61730547e-02
 -1.54725850e-01 -3.44077319e-01 -5.93931638e-02 -7.82408267e-02
 -1.32906055e-02 -6.41591251e-02 -1.23899356e-01 -1.56947002e-02
 -1.86985314e-01 -4.98423949e-02  4.13983464e-02  5.22717312e-02
 -3.81236188e-02 -1.02644883e-01  1.79417834e-01 -1.48167042e-02
 -3.24400574e-01  7.51377121e-02  5.03534451e-02  2.14688227e-01
  2.18023583e-01  1.39086992e-02  4.93058674e-02 -2.14756161e-01
  1.61982343e-01 -1.89494774e-01  1.61459427e-02  1.28263876e-01
  5.42384684e-02  3.77459303e-02 -1.97846033e-02 -1.67429015e-01
 -2.89410241e-02  1.41593829e-01 -1.10171616e-01 -7.56396493e-03
  1.16397403e-01 -2.90469564e-02  2.39774715e-02 -9.69999135e-02
  2.21714854e-01  5.93233667e-02 -1.39290228e-01 -1.96121931e-01
  1.20629586e-01 -1.19946912e-01 -5.56770526e-02  7.24109784e-02
 -1.65502772e-01 -2.04241201e-01 -2.86643386e-01 -2.34568920e-02
  3.60181123e-01  6.55712262e-02 -1.93490282e-01  3.15409452e-02
 -8.02800953e-02  2.85668671e-02  1.12383388e-01  1.81615829e-01
  3.04776616e-02  2.99717765e-02 -7.99551308e-02  1.79243386e-02
  3.04822385e-01 -1.10745326e-01  2.83687022e-02  2.16643363e-01
  1.24847153e-04  5.77573143e-02 -1.47029674e-02  4.82089482e-02
 -1.18890308e-01  7.09357336e-02 -1.36037484e-01  1.35640968e-02
  4.62457305e-03  4.36521247e-02  4.77860216e-03  1.70982629e-01
 -1.67145655e-01  1.24653637e-01 -1.16746081e-02  3.57485376e-02
  3.90111618e-02 -1.63894631e-02 -3.55117023e-02 -1.04115896e-01
  1.20746396e-01 -1.83368430e-01  1.94526285e-01  1.66048199e-01
  7.02306181e-02  7.65481591e-02  1.01390600e-01  5.04189096e-02
 -7.92866200e-03  2.33036280e-02 -2.61317223e-01  2.40660496e-02
  1.21753953e-01 -5.54669909e-02  1.06480755e-01 -2.21640281e-02]