[-1.24747299e-01  1.15178101e-01  1.22550867e-01 -5.87124787e-02
 -1.14821725e-01 -9.16270241e-02 -7.68025815e-02 -1.69858128e-01
  1.85368150e-01 -1.35358438e-01  2.01117396e-01 -6.62012622e-02
 -2.12381795e-01  1.52277946e-02 -2.71748006e-02  2.25701809e-01
 -1.71126321e-01 -1.28666714e-01 -6.27552792e-02  1.39445011e-02
  4.31571677e-02 -5.86150168e-03 -2.71654851e-03  1.53951710e-02
 -3.62737812e-02 -4.18636143e-01 -1.69907972e-01 -4.90386076e-02
  5.02118133e-02  1.78251415e-03 -4.73068729e-02  2.97609549e-02
 -1.63654685e-01 -1.07031696e-01  4.59539667e-02  5.69776557e-02
 -5.36327027e-02 -8.69210362e-02  1.75750703e-01 -1.86223872e-02
 -2.64381558e-01  5.77930585e-02  8.81494582e-02  1.90596431e-01
  1.58569366e-01  1.07953452e-01  6.30393773e-02 -1.51607618e-01
  8.86730701e-02 -1.49016425e-01 -3.40055861e-02  1.48353145e-01
  5.71305566e-02  9.77296457e-02  4.52831686e-02 -1.99891075e-01
  5.97459935e-02  7.95191079e-02 -2.09576681e-01 -3.43113244e-02
  9.63330269e-02 -6.17256425e-02 -2.83249449e-02 -4.76936363e-02
  2.48311237e-01  9.34778079e-02 -1.01499058e-01 -1.56031191e-01
  1.62449226e-01 -1.14753582e-01 -2.54608761e-03  1.88846420e-02
 -1.84486762e-01 -1.85855538e-01 -2.39940047e-01 -5.07310033e-04
  4.06214803e-01  1.03856064e-01 -1.37634948e-01  8.25169608e-02
 -6.87198788e-02 -1.37873711e-02  5.94257116e-02  1.28007203e-01
  2.99716194e-04  1.20916311e-02 -3.76196839e-02 -1.19255353e-02
  1.52993605e-01 -7.97419176e-02  4.87394966e-02  1.95178553e-01
  2.66801007e-03  7.84114301e-02 -2.05628313e-02  4.02819514e-02
 -1.42868385e-01  2.05157418e-02 -1.41614720e-01 -6.13142736e-02
  3.09133660e-02  4.38944362e-02  3.13448384e-02  9.30491239e-02
 -1.78117439e-01  1.55073747e-01  8.29473790e-03  1.74797680e-02
 -1.97500456e-02  3.26229036e-02 -2.56464630e-02 -6.84078261e-02
  1.16546333e-01 -2.10604429e-01  2.21432686e-01  2.21737429e-01
 -4.39013317e-02  1.34725437e-01  8.54309574e-02  7.37877861e-02
 -1.02623450e-02  4.44300985e-03 -1.97095707e-01 -5.11122532e-02
  8.55167881e-02 -2.58610751e-02  5.48204295e-02  1.07242037e-02]