[-0.12615474  0.14337964  0.0684366  -0.04838324 -0.08150157 -0.04937929
 -0.02233007 -0.12873372  0.17261091 -0.01640515  0.26168215 -0.02948272
 -0.27188572 -0.07462864  0.00446948  0.18811955 -0.13759789 -0.04721927
 -0.07462373 -0.02456557  0.06684556 -0.05474496  0.02791833  0.11837091
 -0.13239022 -0.35299194 -0.06325787 -0.07646494 -0.02139967 -0.07599549
 -0.07474485  0.00322908 -0.19925769 -0.07820412  0.00788472  0.04153493
 -0.03097478 -0.07361692  0.12417895  0.01631492 -0.20010646 -0.00472026
  0.00265476  0.21621314  0.26435086  0.02164554  0.07737385 -0.13733852
  0.12926006 -0.20138705 -0.00228628  0.10879508  0.02817691  0.03019361
 -0.01327992 -0.18309289 -0.03121594  0.12275042 -0.18601607 -0.01756954
  0.07116058 -0.02101893 -0.07612672 -0.0576073   0.22169696  0.12246388
 -0.17754118 -0.09827257  0.14881963 -0.1309393   0.03501843  0.0218367
 -0.17548348 -0.2378321  -0.28581184  0.05888288  0.42125425  0.13069746
 -0.21615811 -0.03852624 -0.15979971  0.04672174  0.06877648  0.08556365
 -0.02143632  0.0189237  -0.07474915  0.04837326  0.18792759 -0.03108448
  0.02526314  0.30850783  0.01622628  0.04857339 -0.00787416  0.05818118
 -0.11715527  0.0114701  -0.14965902 -0.04199648 -0.00125503 -0.02404139
  0.06617116  0.1069506  -0.21634595  0.15512641  0.05662253  0.05674953
  0.00767782 -0.01456389 -0.09696733 -0.07533664  0.13184099 -0.20048909
  0.17198315  0.18899138  0.09674014  0.10401859  0.06745838  0.03433376
  0.01498641 -0.03879924 -0.13077991  0.04862127  0.08258877 -0.06435407
  0.06668945 -0.02127216]