[-0.13017385  0.10136207  0.07208178 -0.09539533 -0.08074185 -0.01380879
 -0.05682408 -0.12189487  0.17406063 -0.12139691  0.21967836 -0.06371274
 -0.18276398 -0.01706207 -0.06442092  0.2005624  -0.21738552 -0.13783826
 -0.01039948  0.05666535  0.10462429 -0.04346037 -0.03559067  0.06129428
 -0.18880413 -0.30965018 -0.09376322 -0.07595899  0.01905379 -0.04480304
 -0.05359079 -0.03285267 -0.18353258 -0.02574696  0.02338823  0.07873821
 -0.00291021 -0.09467278  0.16817895 -0.04208457 -0.32277438  0.0811326
  0.04484992  0.21156214  0.19879246  0.01972008  0.02730377 -0.20234349
  0.16161627 -0.16891846  0.02420499  0.13108648  0.04981021  0.06400522
 -0.00831892 -0.14840472  0.0313669   0.16480039 -0.15604201 -0.01021738
  0.08195879 -0.01769068  0.06600921 -0.07218104  0.19172676  0.06253671
 -0.13477699 -0.18303917  0.14147551 -0.13982561 -0.01875641  0.07609908
 -0.14407559 -0.23088041 -0.27800569  0.00185175  0.35892993  0.13772359
 -0.19344273  0.07323752 -0.08164209  0.01280578  0.13720314  0.18229167
  0.04052961  0.03303715 -0.04984308 -0.0191579   0.28141505 -0.06928694
  0.04097084  0.24154954  0.01500755  0.01660381 -0.01037999  0.03497228
 -0.12878005  0.05543474 -0.11201735 -0.02807353 -0.0085908   0.04165351
  0.02360982  0.16026087 -0.21291395  0.1596034   0.00608052  0.03649382
  0.02126058  0.01243481 -0.01537723 -0.08654442  0.12269584 -0.22065218
  0.1930512   0.18202446  0.06434312  0.09646028  0.11323518  0.05179654
  0.01135226  0.01682216 -0.21272175  0.03725568  0.10224968 -0.08210686
  0.10309072 -0.01801832]