[-0.18956503  0.09860759  0.04930976 -0.06782079 -0.06345    -0.09299086
  0.01197497 -0.13748004  0.13992088 -0.05669698  0.27221546 -0.07167866
 -0.27123472 -0.09681591 -0.01619992  0.21531239 -0.15996101 -0.14970818
 -0.03319071 -0.01903955  0.08911336  0.00715511  0.03102111  0.10431963
 -0.15921466 -0.36784035 -0.07836778 -0.09325761 -0.04035119 -0.05230628
 -0.01132085  0.04075883 -0.20895152 -0.00694433  0.00074139  0.0565153
  0.00677893 -0.05816046  0.14564867  0.05415047 -0.28635269 -0.04087695
  0.05001944  0.24385221  0.21817742  0.0144245   0.0474854  -0.15097547
  0.04117354 -0.18758671  0.02930488  0.11868464  0.03387323  0.00867207
 -0.01347105 -0.18826519 -0.04047863  0.07903405 -0.18579547 -0.02197377
  0.05563233 -0.00254428 -0.05885069 -0.09376898  0.22266856  0.10438061
 -0.17037338 -0.1215477   0.18633305 -0.18219669 -0.04002979  0.08191004
 -0.1628124  -0.23023848 -0.32024771  0.01116716  0.35721892  0.08275443
 -0.17426771  0.01302377 -0.08870272  0.02184065  0.05558206  0.16019322
 -0.01948855  0.06492133 -0.0809532   0.01415655  0.19554202 -0.02642053
 -0.00054937  0.30058929 -0.02127924  0.03049525  0.01653003  0.07825876
 -0.07718727  0.01312875 -0.10671733 -0.05690265  0.00321916 -0.03558515
  0.01292914  0.14170396 -0.19992702  0.13361089  0.02471521  0.03621601
 -0.00695025  0.01368511 -0.03285506 -0.09924916  0.09883495 -0.18652271
  0.16251744  0.20430088  0.055995    0.10442078  0.07297861  0.06251686
 -0.02593937 -0.03193771 -0.20245026  0.05339123  0.07572287 -0.08796907
  0.06080371  0.01296943]