[-0.00287704  0.14876249  0.02484777 -0.00532767  0.00201613 -0.00846585
  0.06365409 -0.15075801  0.1589359  -0.03531692  0.25283948 -0.05210822
 -0.20126115 -0.10535299  0.01936469  0.14364599 -0.20337863 -0.11449351
 -0.0445759  -0.06179925  0.07515062  0.01380284  0.06499683  0.01407913
 -0.15374503 -0.32415873 -0.11356988 -0.10542291  0.08257575 -0.06812439
 -0.03594139  0.12062915 -0.18726192 -0.10966283  0.07163697 -0.02010861
 -0.06489345 -0.06111917  0.21708439  0.05780315 -0.13637945  0.09764993
 -0.01916584  0.31030077  0.19601439 -0.00925213  0.02983199 -0.08339043
  0.04326805 -0.19699456  0.0302594   0.15060279  0.01198969  0.08578289
  0.01780106 -0.14529924 -0.02884396  0.04279346 -0.1989779   0.02215588
  0.0783705  -0.09813285  0.01855362 -0.03373308  0.09422983  0.06076122
 -0.06870386 -0.15363093  0.09591742 -0.09621372 -0.00075585  0.04453034
 -0.17466184 -0.18064408 -0.28200611  0.0743191   0.37759295  0.11147287
 -0.11947792  0.01573566 -0.07006096  0.01414999  0.11584128  0.04635508
 -0.03443252 -0.01471866 -0.05141857  0.08863081  0.1428902  -0.05544851
 -0.14423689  0.21189673 -0.08397608  0.02734094  0.05595362  0.04595617
 -0.05227273  0.03615408 -0.16211222  0.0149389  -0.01370457 -0.07775538
  0.00386598  0.1652455  -0.15534535  0.10110134  0.00388753 -0.02511476
 -0.06870712 -0.01098312 -0.14539392  0.01619797  0.10777612 -0.27090988
  0.23128808  0.23236087  0.01910805  0.10007711  0.05488722 -0.02479238
 -0.01047803 -0.02085763 -0.15322307 -0.0445402   0.09462453  0.08547208
  0.04692455 -0.03363731]