[-0.15605547  0.10131762  0.13931537 -0.06794959 -0.09640693 -0.06310903
 -0.06989373 -0.16062866  0.14875337 -0.1636309   0.19861013 -0.03688421
 -0.2192596  -0.00698992 -0.04215388  0.21851037 -0.18242773 -0.15064433
 -0.06716852  0.03125323  0.0403837  -0.00636351 -0.00602777 -0.00189315
 -0.03025814 -0.40779829 -0.15664791 -0.07932603  0.02089605  0.01367523
 -0.04491263 -0.00640499 -0.1556327  -0.0759774   0.01123212  0.06222657
 -0.04036723 -0.05969482  0.1722711  -0.02950588 -0.2568849   0.06812875
  0.06898838  0.19820142  0.19885613  0.0898447   0.04775893 -0.14784925
  0.0808792  -0.18731607 -0.024939    0.11788555  0.0859079   0.07287967
  0.05646367 -0.19651906  0.05230311  0.08026975 -0.1895608  -0.02786859
  0.05259759 -0.07297558 -0.00064351 -0.0405379   0.25136432  0.06352038
 -0.10194146 -0.12802424  0.20931859 -0.12275066  0.01621107  0.02122445
 -0.1682294  -0.18286197 -0.22741461 -0.0048839   0.43122616  0.12570356
 -0.16139701  0.07812051 -0.1081452  -0.02741176  0.05996636  0.12589587
  0.01626984 -0.01636832 -0.0605371  -0.03051112  0.15549047 -0.0787769
  0.06473904  0.20265971  0.02644767  0.06139771  0.00422685  0.0083232
 -0.12784941  0.01482605 -0.15142779 -0.06030178 -0.04011509  0.01430711
  0.02063515  0.09906711 -0.16633581  0.14190464  0.00362809  0.00698151
 -0.01412766  0.0315955  -0.00212131 -0.08801766  0.12448656 -0.20445859
  0.16616116  0.2338696  -0.04302751  0.15201116  0.07579767  0.09172953
 -0.0268579   0.00799681 -0.23619418 -0.02688619  0.0753698  -0.03653273
  0.04912877  0.03563019]