[-1.57369956e-01  1.36248767e-01  1.25061557e-01 -5.97853847e-02
 -1.30231544e-01 -4.67088707e-02 -7.15644881e-02 -1.46093965e-01
  1.47189170e-01 -1.17792964e-01  1.89849839e-01 -5.04582115e-02
 -2.21685886e-01  1.61036607e-02 -4.62248549e-02  2.21296340e-01
 -1.78646356e-01 -1.42034158e-01 -5.41706085e-02  2.66752373e-02
  4.79758568e-02  1.14967115e-02 -1.72016025e-03  3.49271530e-03
 -2.61999350e-02 -4.25083011e-01 -1.23649769e-01 -6.76770732e-02
  4.36321273e-02  1.87865030e-02 -5.02947159e-02 -9.99373384e-03
 -1.78362936e-01 -8.35733488e-02  2.99342312e-02  5.89632653e-02
 -5.63215092e-02 -7.76768848e-02  1.62505314e-01 -2.88401674e-02
 -2.67789692e-01  4.84101139e-02  7.32494295e-02  1.97066933e-01
  1.81018367e-01  1.06407501e-01  5.36908284e-02 -1.55046627e-01
  9.08464044e-02 -1.93951279e-01 -2.50658337e-02  1.21268444e-01
  3.55008394e-02  5.87425493e-02  3.86963636e-02 -1.99498251e-01
  5.01045287e-02  8.95966887e-02 -1.79225579e-01 -4.39650491e-02
  4.92272787e-02 -5.62969707e-02 -2.75065214e-03 -4.40709405e-02
  2.56928086e-01  6.47691861e-02 -8.32565576e-02 -1.36271700e-01
  1.83478728e-01 -1.20027259e-01  6.91186218e-03  3.57976183e-02
 -1.57240197e-01 -1.69122010e-01 -2.64484793e-01 -1.02806394e-03
  4.46003020e-01  8.74624178e-02 -1.37331888e-01  5.45149148e-02
 -7.97670633e-02 -3.13494797e-03  8.94826427e-02  1.25698999e-01
 -7.32454751e-03 -3.16970162e-02 -8.11487362e-02 -3.41881886e-02
  1.92076966e-01 -9.01327655e-02  4.66410294e-02  1.92335635e-01
  3.05745099e-02  6.46855831e-02 -3.59410350e-03  5.59906140e-02
 -1.33085161e-01  7.54245510e-03 -1.45994887e-01 -6.94169998e-02
  3.86370020e-03  3.45732868e-02  3.43065197e-03  1.44689813e-01
 -1.95555955e-01  1.02118216e-01 -3.20583559e-03 -6.96982257e-04
  1.34799199e-03  9.69699770e-03  9.05513807e-05 -1.05879836e-01
  1.07191443e-01 -1.89355239e-01  1.62947252e-01  2.40561113e-01
 -4.65171598e-02  1.40052080e-01  7.36461282e-02  5.43575995e-02
 -2.39231568e-02  3.36194481e-03 -2.29928568e-01 -3.60263586e-02
  9.03009027e-02 -2.17907801e-02  1.54735222e-02  1.40308207e-02]