[ 0.00654475  0.12663536  0.03236109 -0.00980227 -0.02780197 -0.04028816
  0.05164232 -0.17333798  0.14420916 -0.04085329  0.21681325 -0.06876866
 -0.1859594  -0.06723809  0.00423401  0.14233516 -0.23677413 -0.10401449
 -0.03941312 -0.04832306  0.07449416  0.02522316  0.01984952  0.01094605
 -0.10967971 -0.30783466 -0.14029923 -0.07831105  0.08190389 -0.02504159
 -0.03970198  0.10471995 -0.19465972 -0.12238508  0.09854721 -0.0252537
 -0.03780202 -0.07311507  0.19450431  0.05031407 -0.14580128  0.08044714
  0.03005875  0.2881988   0.20726824  0.02044735 -0.00551025 -0.10841405
  0.06217907 -0.17719446  0.02638492  0.13578951  0.03766302  0.09429419
  0.00969157 -0.13891949 -0.01357647  0.03581864 -0.20729373  0.00118435
  0.09407057 -0.11508826  0.02012176 -0.03971148  0.11369193  0.06506305
 -0.06238557 -0.17491893  0.1015973  -0.12524061 -0.04466214  0.0159382
 -0.1391819  -0.1438676  -0.2969901   0.02988646  0.41228196  0.10069201
 -0.14220773  0.01998145 -0.07742031 -0.02012225  0.14732245  0.06598588
 -0.01631943 -0.00841584 -0.04604894  0.07143786  0.17483717 -0.07037075
 -0.1173944   0.20968151 -0.07966491  0.02964791  0.04943144  0.0429615
 -0.04949645  0.05411391 -0.16302276 -0.00548242  0.00913661 -0.04489949
  0.01896886  0.1792136  -0.17762718  0.10522681  0.02066803 -0.02991644
 -0.04691672 -0.04573791 -0.1352115   0.01589409  0.11692905 -0.27580795
  0.22547118  0.19870391 -0.00700675  0.09901121  0.02730889 -0.01155114
 -0.0087464  -0.05124874 -0.1676455  -0.05380631  0.09545186  0.07607519
  0.0617882  -0.02446353]