[-0.06651282  0.05840048  0.11301693 -0.05840652 -0.06259211 -0.07759501
  0.06245696 -0.13241832  0.10155012 -0.03947394  0.23807941 -0.05792213
 -0.25559846 -0.10865013  0.01365354  0.22461966 -0.18407613 -0.14550589
 -0.05782219  0.04077062  0.10615905 -0.05522645  0.03222658  0.07950225
 -0.14100195 -0.33409002 -0.10716043 -0.06379093 -0.04260568 -0.05745662
 -0.05449757  0.14873029 -0.16268364 -0.03676982  0.06682201  0.09305459
 -0.01144717 -0.11544224  0.14657782 -0.02994711 -0.28455368  0.04769463
  0.10530172  0.21054827  0.21724346 -0.00038851  0.05564999 -0.04026205
  0.1164632  -0.24084495 -0.02853713  0.10039526  0.0647985   0.02877453
  0.07143825 -0.16456939  0.01425594  0.07514364 -0.21426497 -0.03691327
  0.01400411 -0.14644407 -0.00631931 -0.09726445  0.11962173  0.09165303
 -0.09913065 -0.16383135  0.17031454 -0.15592258 -0.02022405  0.09133805
 -0.20537975 -0.17590626 -0.27181035 -0.0360964   0.36028931  0.10652303
 -0.15528332  0.07700976 -0.0452999   0.02666629  0.04244428  0.13353561
  0.06638738  0.07464977 -0.13199869  0.02885549  0.188884   -0.10784861
  0.02062937  0.25584152 -0.01422012  0.01172313  0.0057349  -0.01789012
 -0.04703868  0.03627677 -0.15735377 -0.02156422 -0.03579926 -0.01805442
  0.00602444  0.09762815 -0.16106758  0.0411665  -0.01658432  0.03027004
 -0.05982497 -0.03361679 -0.06109012 -0.04580249  0.0486159  -0.26905608
  0.14599477  0.22136281 -0.03535635  0.02908657 -0.0004441   0.02742958
  0.01294839 -0.06349315 -0.16257989 -0.01270668  0.12784804 -0.02952483
  0.02309099 -0.03401464]