[-1.39396116e-01  7.01522082e-02  1.54470295e-01 -6.78894147e-02
 -1.05074763e-01 -5.48839755e-02  1.05781574e-02 -9.41261053e-02
  1.03271261e-01 -5.09007163e-02  2.75451720e-01 -9.44029987e-02
 -2.54436374e-01 -6.37304187e-02 -3.93821560e-02  2.32812390e-01
 -1.84928462e-01 -1.43371224e-01 -1.50094060e-02  3.19213346e-02
  1.37843832e-01 -8.18740483e-03 -4.54846285e-02  4.26798835e-02
 -1.55109122e-01 -3.55472207e-01 -9.99696329e-02 -2.03157552e-02
 -4.57376204e-02 -6.93184808e-02 -8.23684484e-02  1.21692076e-01
 -1.79927811e-01 -6.01248927e-02  6.47112131e-02  1.57982364e-01
  1.74990483e-02 -1.21284142e-01  1.00850068e-01 -4.06620055e-02
 -2.87168056e-01  9.25798938e-02  1.40993908e-01  2.33013377e-01
  2.01410607e-01  1.02468506e-02  3.59419845e-02 -9.44676399e-02
  9.29447636e-02 -2.17405394e-01 -3.78398374e-02  1.18404128e-01
  9.68160108e-02  2.31668241e-02  4.49561030e-02 -1.50141567e-01
  1.75218098e-03  6.00469001e-02 -2.18509197e-01 -4.74622659e-02
  7.08882511e-02 -1.32725060e-01  1.66241005e-02 -1.38456270e-01
  1.32908180e-01  7.35570118e-02 -1.22834317e-01 -1.59726128e-01
  1.66021734e-01 -1.38738155e-01 -3.88944410e-02  6.97508678e-02
 -1.85112596e-01 -1.82443380e-01 -3.22093338e-01  5.45623759e-03
  3.68662179e-01  6.82745501e-02 -1.74292371e-01  9.93212089e-02
 -3.85428220e-03  2.01272368e-02  5.02720252e-02  1.57806531e-01
  6.06482998e-02  7.81452805e-02 -1.22408055e-01  5.76269105e-02
  2.29623303e-01 -8.57047960e-02  3.98631506e-02  2.07535028e-01
  4.45707794e-03 -1.78189395e-04  3.85593958e-02  6.63737282e-02
 -6.01450913e-02  1.74578857e-02 -1.57527372e-01  2.64767297e-02
 -3.84190865e-02 -5.03205061e-02 -1.69641953e-02  1.15277290e-01
 -1.60865813e-01  5.19593917e-02 -2.10129749e-02 -1.52267991e-02
 -8.15738067e-02 -6.71382174e-02 -4.26964201e-02 -1.65121816e-02
  7.25419894e-02 -2.77109593e-01  1.43783629e-01  2.05548093e-01
 -2.45495271e-02  7.56615922e-02  3.77255380e-02  3.97248566e-02
  1.72480720e-03 -4.69674952e-02 -1.61453560e-01 -5.31994477e-02
  9.06387568e-02 -6.22135289e-02  7.19878003e-02 -7.20917061e-03]