[-0.09546394  0.06405556  0.113752   -0.06469693 -0.0782226  -0.01918005
  0.05763703 -0.09944813  0.12950522 -0.02512295  0.28767151 -0.06506561
 -0.23052047 -0.0871784   0.01974359  0.23561393 -0.18064307 -0.10943978
 -0.03976716  0.03333829  0.06513863 -0.04484049  0.0220347   0.10347551
 -0.14156643 -0.33040407 -0.08211924 -0.07661358 -0.03545097 -0.04033739
 -0.04859238  0.16201721 -0.1681329  -0.03840313  0.05675608  0.112852
 -0.05739833 -0.13861436  0.14984998 -0.02819088 -0.25787726 -0.00453938
  0.11730094  0.22172199  0.17935374 -0.00325981  0.03244619 -0.02800498
  0.122802   -0.2486327  -0.01756365  0.10641532  0.04937106  0.04298913
  0.08073638 -0.14917734  0.03397801  0.06499871 -0.21218751 -0.03999053
  0.00477663 -0.10563949  0.01067974 -0.14762641  0.15848711  0.13857827
 -0.09885915 -0.12056003  0.18573861 -0.10451944 -0.03693613  0.080195
 -0.19350415 -0.19007514 -0.27328214 -0.02617722  0.3653931   0.0909907
 -0.14676607  0.04682622 -0.01688957 -0.02525004  0.03085053  0.13705698
  0.0457022   0.04389827 -0.09768077  0.01320713  0.21294288 -0.08570927
  0.03548368  0.25094098 -0.0259509  -0.03290545  0.01944825  0.01404297
 -0.04060688  0.04395139 -0.16967082 -0.00244822 -0.03174005 -0.07564019
 -0.00904333  0.08642351 -0.20516156  0.05238612  0.02379095  0.01733915
 -0.02876003 -0.02612469 -0.10204124 -0.02508582  0.09150975 -0.2578738
  0.16828549  0.16801746 -0.01453712  0.05860422  0.01737692  0.06570184
 -0.0111765  -0.07811618 -0.14635713 -0.04374252  0.1203974  -0.04437401
  0.00804863 -0.00139923]