[-1.57645538e-01  6.37800768e-02  1.10281348e-01 -8.86781663e-02
 -6.58651814e-02 -8.49808604e-02  3.47556248e-02 -9.81965959e-02
  1.59507498e-01 -3.54374163e-02  2.66794413e-01 -6.69517741e-02
 -2.32061297e-01 -9.63334963e-02  8.72366538e-04  2.38831073e-01
 -2.22413689e-01 -1.22966126e-01 -2.87618674e-02  5.59578054e-02
  1.39715567e-01 -3.71599942e-02 -9.01144557e-03  7.08984137e-02
 -1.52229533e-01 -3.69726837e-01 -1.26268104e-01 -5.86121567e-02
 -5.97692691e-02 -3.40082161e-02 -4.15991396e-02  9.45325643e-02
 -1.69957861e-01 -6.58500791e-02  7.06421956e-02  1.21430896e-01
  1.68913063e-02 -1.38980970e-01  9.40713510e-02 -4.25230116e-02
 -3.02730292e-01  3.93630527e-02  1.59966514e-01  2.04891354e-01
  2.05554292e-01  1.78318452e-02  3.64085101e-02 -8.88983309e-02
  1.45278022e-01 -2.31969193e-01 -7.87206739e-02  1.00844659e-01
  6.22799508e-02  1.31170480e-02  9.75657552e-02 -1.52777225e-01
  4.54005413e-02  7.39758164e-02 -2.25193486e-01 -4.85894904e-02
  4.04162444e-02 -1.00234047e-01  9.42628458e-03 -1.08526610e-01
  1.28282592e-01  1.00272499e-01 -1.25051260e-01 -1.75941572e-01
  1.66963398e-01 -1.30867898e-01 -1.88708156e-02  9.50774327e-02
 -2.00439379e-01 -2.20892340e-01 -3.13752949e-01 -3.88883613e-02
  3.71389359e-01  6.71158433e-02 -1.41152710e-01  7.87749961e-02
 -4.57533039e-02  2.95695122e-02  4.07734141e-02  1.34092972e-01
  5.35847023e-02  5.32471351e-02 -1.59741908e-01  1.63576249e-02
  2.44907811e-01 -9.13669690e-02  6.67563006e-02  2.33234242e-01
 -2.06422918e-02 -6.04882487e-04 -1.30770151e-02  5.75323962e-02
 -9.60195288e-02  5.08677028e-02 -1.57621816e-01  3.61833721e-04
  3.58635560e-03 -3.54237743e-02 -6.74071396e-03  1.11668065e-01
 -1.96508422e-01  2.09461004e-02 -2.62764911e-03  2.15824810e-03
 -7.04364926e-02 -5.42980991e-02 -6.22212067e-02 -9.86799784e-03
  5.52334897e-02 -2.44147569e-01  1.72037333e-01  2.14220285e-01
 -2.29280367e-02  5.43522201e-02  2.04233434e-02  1.97152235e-02
 -2.42575686e-02 -5.64031564e-02 -1.57162189e-01 -3.13192792e-02
  6.84323460e-02 -5.43344319e-02  2.44332291e-02 -4.28139754e-02]