[-0.10321418  0.07810129  0.12167797 -0.06716228 -0.09577905 -0.02905329
  0.01079185 -0.05382834  0.11790643 -0.05109463  0.27505764 -0.04958448
 -0.25463855 -0.06097526 -0.01445736  0.22330825 -0.1948891  -0.09313153
 -0.02602572  0.06809411  0.13691364 -0.03538331  0.03122192  0.05281516
 -0.11083101 -0.40040955 -0.07662453 -0.02914155 -0.03757373 -0.07184722
 -0.04147362  0.10083225 -0.15563096 -0.01205777  0.0384567   0.10373485
  0.00095133 -0.13366269  0.13672507 -0.00673538 -0.30344263  0.06307109
  0.08746745  0.21733692  0.22077003  0.0319692   0.03680637 -0.04425903
  0.11987954 -0.25422201 -0.05475242  0.1099252   0.06321477 -0.00987399
  0.04757955 -0.1325745   0.03539845  0.04009785 -0.23107624 -0.07667748
  0.04481016 -0.10496551  0.02411711 -0.11157364  0.13423271  0.06600978
 -0.12136006 -0.13456689  0.15518348 -0.14518028  0.00874715  0.10120919
 -0.19069804 -0.22391978 -0.24379857 -0.00062064  0.38735926  0.1328226
 -0.14056306  0.05313833 -0.03649001  0.01387125  0.04313704  0.14307408
  0.06650732  0.04633839 -0.1399871   0.01777195  0.21034561 -0.0896146
  0.01830619  0.26556844  0.02287806  0.00504472  0.00525055  0.02103391
 -0.05570703  0.03798059 -0.16123101 -0.00206681 -0.05820101 -0.0547405
 -0.01496476  0.08353407 -0.1892148   0.06297602 -0.02889756 -0.00251588
 -0.03828587 -0.02671043 -0.06866153 -0.04084333  0.05721566 -0.26604143
  0.11738185  0.23135327  0.02756102  0.07639395  0.03285049  0.0455476
  0.01155442 -0.05858288 -0.15264498 -0.0567806   0.07054599 -0.04574009
  0.04727876 -0.03783911]