[-0.11785773  0.06884765  0.13202193 -0.06007116 -0.06662602 -0.0508193
  0.03161915 -0.09662031  0.1519119  -0.03733942  0.26947054 -0.08428761
 -0.2481107  -0.10846205  0.01172694  0.23702745 -0.19528888 -0.1489563
 -0.0266613   0.0416217   0.12138877 -0.04197099 -0.00660782  0.06479586
 -0.16470137 -0.37285849 -0.09291954 -0.06055806 -0.05044382 -0.08077338
 -0.08555422  0.12549339 -0.18187319 -0.05969963  0.06383903  0.15194266
  0.01298409 -0.13120012  0.10002917 -0.04580112 -0.30412751  0.07013725
  0.12201865  0.20411043  0.21068935  0.00280029  0.03438244 -0.07218251
  0.12075706 -0.20249537 -0.05410957  0.12365717  0.07295789  0.01101201
  0.06935711 -0.15457748  0.00153551  0.05869043 -0.21179417 -0.05106204
  0.04669639 -0.10696379  0.00341183 -0.10873411  0.10002722  0.08096858
 -0.10642111 -0.16542077  0.16553836 -0.13542795 -0.00778498  0.09652782
 -0.20699166 -0.21694472 -0.28008437 -0.01923723  0.36440316  0.05969209
 -0.17192112  0.08445357 -0.0183753   0.02553872  0.04386385  0.14610334
  0.07143714  0.08565569 -0.14038697  0.03691497  0.22847724 -0.08354512
  0.05382566  0.22876668 -0.01812885 -0.00970488  0.01946372  0.03627103
 -0.04899781  0.041282   -0.17134881 -0.01105842 -0.01994116 -0.05182206
 -0.02746453  0.08813937 -0.18143073  0.02240074  0.00768071  0.0097262
 -0.06323527 -0.03709022 -0.0570539  -0.03100714  0.07542583 -0.27127588
  0.14988375  0.22341831 -0.02344943  0.05411062  0.01376529  0.04299074
  0.00646733 -0.06081462 -0.15271007 -0.03798126  0.08098035 -0.03618379
  0.03174872 -0.03340859]