[-0.08708494  0.14058872  0.11727855 -0.08587104 -0.08215158  0.01735172
 -0.02294514 -0.16381265  0.157306   -0.13614778  0.28837657 -0.11604482
 -0.31163034 -0.03654196 -0.05594787  0.24785085 -0.18869208 -0.16206203
 -0.10063388  0.02880745  0.02099495 -0.02086083  0.02228754  0.02091336
 -0.12147921 -0.375552   -0.08945733 -0.07838553 -0.04895417 -0.05001341
 -0.09096064  0.01427954 -0.15908988 -0.04604905  0.02041577  0.10884503
 -0.07409921 -0.12526305  0.10033406 -0.05732613 -0.29560959  0.04186995
  0.08326316  0.22571447  0.21555169  0.01334163  0.002902   -0.12991524
  0.11602566 -0.24441616  0.01649467  0.05467031  0.07894572  0.05173562
  0.0351605  -0.20907591  0.00318158  0.17554438 -0.160873   -0.00246322
  0.06592113 -0.15424322 -0.00813214 -0.07775039  0.19778197  0.13183099
 -0.16345179 -0.12330993  0.1497214  -0.09403373  0.02929771  0.05922253
 -0.16904496 -0.19780353 -0.31006131 -0.03037716  0.43542311  0.05057604
 -0.16963129 -0.01921242 -0.04564693  0.07723846  0.07337492  0.16342776
  0.01754645 -0.02734933 -0.15992668 -0.00461113  0.19926129 -0.12908629
 -0.01226051  0.22452939 -0.07000889  0.03034601  0.0067281   0.08949465
 -0.14426731  0.0136103  -0.14513241 -0.02369241 -0.02589078 -0.0537401
 -0.0621833   0.08530062 -0.13745628  0.08555467  0.03032498  0.06165732
  0.03981203 -0.06022356  0.00230405 -0.06485193  0.1401668  -0.25467712
  0.14905275  0.20700923  0.01563559  0.13856924  0.08305055  0.03615048
 -0.0145373  -0.03201656 -0.24081431 -0.01770557  0.07032456 -0.02077056
  0.06364858  0.00580266]