[-1.24544382e-01  4.16924171e-02  9.94816422e-02 -1.08910136e-01
 -9.75454673e-02 -2.89786011e-02  4.26512808e-02 -9.18403715e-02
  1.29140347e-01 -7.06105232e-02  3.06471080e-01 -1.22284748e-01
 -2.70802587e-01 -1.78738628e-02 -2.51150858e-02  2.27348000e-01
 -2.06367299e-01 -1.30724385e-01 -4.19741459e-02 -1.98514648e-02
  1.05460994e-01 -7.53529593e-02 -3.09144612e-02  9.98857915e-02
 -1.67884380e-01 -3.41740817e-01 -1.08958416e-01 -7.42085427e-02
 -5.54115549e-02 -8.03899989e-02  3.52098467e-03  9.69811752e-02
 -1.95707560e-01 -3.64559777e-02  2.36021951e-02  8.75308216e-02
  5.64901484e-03 -1.60063937e-01  1.52286202e-01 -2.06449106e-02
 -2.76654750e-01  5.95121756e-02  1.06246345e-01  2.26108104e-01
  1.53181389e-01 -3.97954248e-02  3.46745998e-02 -4.09308486e-02
  1.25681445e-01 -2.56699175e-01 -3.40870507e-02  1.30256280e-01
  7.44825155e-02  2.69954205e-02  2.17938572e-02 -1.26492530e-01
  3.96244228e-02  1.45199150e-01 -2.35764846e-01 -6.38992060e-03
  5.83699346e-02 -7.93595612e-02  2.84369271e-02 -9.46358964e-02
  1.26978666e-01  1.39926955e-01 -1.40715331e-01 -1.26418605e-01
  1.26428574e-01 -1.03400670e-01  1.92228556e-02  1.07949711e-01
 -2.19956204e-01 -2.40932941e-01 -2.55413234e-01  1.20457662e-02
  4.28384066e-01  7.08543584e-02 -1.49755523e-01  2.75738835e-02
 -6.27462864e-02  1.86632406e-02  7.40293562e-02  1.25230506e-01
  5.85415028e-02  3.36239152e-02 -1.08017996e-01  7.86328092e-02
  2.24578172e-01 -6.13036640e-02  3.97730240e-04  2.67181486e-01
 -2.57179383e-02 -2.94687878e-02  1.42115029e-02  9.34432670e-02
 -6.90600127e-02 -5.91886044e-03 -1.14922248e-01  1.20599549e-02
 -4.75488156e-02 -4.80014719e-02 -4.76695709e-02  6.11758605e-02
 -1.94365114e-01  6.74386322e-02 -6.11467194e-03  6.04159012e-03
 -9.01714489e-02 -3.91553417e-02 -3.25970426e-02  4.73184464e-03
  9.62445736e-02 -2.72128791e-01  1.20518029e-01  2.10196003e-01
 -3.75911146e-02  7.50521123e-02  1.39234131e-02 -6.20962819e-03
 -7.13705271e-03 -9.08555835e-02 -1.52619094e-01 -2.81379353e-02
  8.18887725e-02 -2.75168419e-02  5.78054786e-02 -6.00348897e-02]