[-0.09527098  0.02594331  0.10784771 -0.0551846  -0.09723204 -0.02508959
  0.04675866 -0.09364649  0.03746994 -0.03788177  0.25846633 -0.10812503
 -0.34255919 -0.06721397  0.03427162  0.14512442 -0.12800053 -0.11708479
 -0.14476679 -0.05497382  0.00703128 -0.01063211 -0.01900288  0.04346282
 -0.19507845 -0.27893296 -0.07206854 -0.09999841 -0.07648779 -0.12633927
 -0.07031232  0.09585902 -0.13758107 -0.06351446  0.07232609  0.05482376
 -0.04428304 -0.06399249  0.16864316 -0.02327285 -0.19093847  0.0286186
  0.09503813  0.24163492  0.18670025  0.00535268  0.01697935 -0.03067356
  0.11629748 -0.26040706  0.00370003  0.13263386  0.13145104  0.05645155
  0.05422559 -0.13519777 -0.00897203  0.16714799 -0.28490594  0.04295265
  0.05053752 -0.18655087 -0.08184419 -0.09051447  0.1255945   0.12209048
 -0.13909875 -0.1843864   0.12509732 -0.15842833 -0.03313305  0.09626146
 -0.14780751 -0.19133723 -0.2607795   0.01646256  0.26291117  0.09170327
 -0.20905499  0.00505145 -0.06650493 -0.00693598  0.02817958  0.03745991
  0.02026692  0.00480888 -0.0930357   0.03015724  0.15497488 -0.09476288
  0.0353483   0.21911307 -0.00318585 -0.07270358  0.05153582  0.04406817
 -0.12308528 -0.03120519 -0.10530684  0.00706088 -0.00278702 -0.1017616
  0.02315572  0.03044401 -0.16265506  0.13136902 -0.05055231 -0.02717243
 -0.07619164 -0.14092234 -0.0453739  -0.0072087   0.13383612 -0.34396365
  0.14207081  0.19120112 -0.0360573   0.07662669 -0.01170549 -0.00858807
 -0.01838706 -0.0067101  -0.15093313 -0.08758392  0.11231177 -0.03104185
  0.04505344 -0.04237281]