[-0.12807739  0.05155175  0.07622509 -0.05401603 -0.0516461   0.04710254
  0.06510969 -0.1366277   0.12434115 -0.09587764  0.26042324 -0.01907932
 -0.28239414 -0.09390344  0.00793661  0.20045725 -0.17863321 -0.17759469
 -0.09818737 -0.04570527  0.03997293 -0.03401802 -0.00963487  0.04872786
 -0.22305024 -0.31376472 -0.08250373 -0.09496585 -0.06778502 -0.02784484
 -0.05608678  0.11954293 -0.13327444 -0.01159004  0.04537597  0.070694
 -0.02843266 -0.07124019  0.16802581 -0.03888657 -0.23226456  0.06158135
  0.10109569  0.21575978  0.22227052 -0.01407581  0.01421073 -0.03509469
  0.14470918 -0.27347985 -0.02770296  0.10590722  0.10147257  0.06250675
  0.01763253 -0.175393    0.01237435  0.1171684  -0.23906867 -0.02141767
  0.00243519 -0.18495491 -0.05207279 -0.06153501  0.11384398  0.12770584
 -0.1445052  -0.16715252  0.14524144 -0.13837577  0.01444202  0.10298713
 -0.18909851 -0.22392988 -0.25761405  0.03562043  0.39524302  0.11997052
 -0.13987078  0.03892219 -0.04281996  0.04035619  0.04997321  0.06633688
 -0.01748833 -0.03348349 -0.10657389  0.0173896   0.17961006 -0.02817286
 -0.02667916  0.24079561 -0.00824046  0.01040787  0.04859054  0.08071733
 -0.06693872  0.01382259 -0.1092661   0.02554338 -0.03736409 -0.07431581
  0.02513109  0.05159448 -0.15200321  0.14465718 -0.04623521  0.06071656
 -0.03529581 -0.05695899 -0.06091395  0.01689869  0.10123663 -0.31317487
  0.11521503  0.20172112 -0.02471675  0.120431    0.05205245  0.01135086
 -0.04328782 -0.01457958 -0.22014689 -0.04754752  0.13869278 -0.07570915
  0.07984754 -0.01503863]