[-0.16387244  0.07395436  0.10971954 -0.07670325 -0.07114972 -0.09310295
  0.02413009 -0.09359413  0.15131699 -0.02562218  0.26464543 -0.0714118
 -0.23121881 -0.09902523  0.00686929  0.23784319 -0.22160469 -0.1206846
 -0.03655118  0.05210144  0.14289449 -0.042144   -0.00271228  0.07954027
 -0.14838997 -0.38156578 -0.11139279 -0.06093332 -0.05403406 -0.0291058
 -0.05548551  0.09139611 -0.17275946 -0.06533895  0.07133125  0.12713052
  0.02404105 -0.13336553  0.09334801 -0.04768283 -0.31229067  0.04445448
  0.15680312  0.19923596  0.21069472  0.01630381  0.04195281 -0.08054618
  0.15027796 -0.23145846 -0.07435548  0.11466175  0.06527644  0.00751205
  0.09942686 -0.15619025  0.03492044  0.07824091 -0.22542055 -0.04614307
  0.0406643  -0.09920249  0.00293041 -0.1169405   0.11871934  0.11005037
 -0.12115345 -0.17707402  0.17292419 -0.13358393 -0.01079864  0.10158681
 -0.20101348 -0.22639675 -0.30942526 -0.04047757  0.36637089  0.07182527
 -0.14809322  0.07030889 -0.04940977  0.03122042  0.03618672  0.12769458
  0.05810813  0.05501112 -0.16539316  0.0166171   0.24398296 -0.08807353
  0.07188263  0.23841608 -0.0118895  -0.0057683  -0.01438295  0.06170688
 -0.09637883  0.04047261 -0.16329612 -0.00186911 -0.00359188 -0.04620926
 -0.01419506  0.0964025  -0.20232521  0.01307698 -0.00074999  0.00744786
 -0.07749807 -0.04964837 -0.0551629  -0.01034325  0.05633239 -0.23908399
  0.17898129  0.22052412 -0.01593912  0.05872703  0.01143786  0.01702967
 -0.02025621 -0.07048234 -0.14829369 -0.04056747  0.05939874 -0.05442796
  0.01294592 -0.03748854]