[-0.13658303  0.04148509  0.11073554 -0.06960504 -0.08208968 -0.08630755
 -0.00074864 -0.06261095  0.10171284 -0.03640183  0.24096504 -0.08818086
 -0.22725292 -0.07547342 -0.01456333  0.22720025 -0.207646   -0.0841341
 -0.04809494  0.03191293  0.11633213 -0.01136331  0.01104303  0.05751688
 -0.11819948 -0.4563565  -0.06756232 -0.07780322 -0.07636813 -0.05375888
  0.01637897  0.10342222 -0.17654486 -0.04361943  0.04502749  0.06768503
  0.01154843 -0.10372367  0.14278734  0.00863589 -0.30206808  0.01061268
  0.11732858  0.21528028  0.23215584  0.04654599  0.04586045 -0.07427128
  0.13578372 -0.21731293 -0.0729381   0.08023175  0.03606731 -0.00838707
  0.05441359 -0.12145671  0.02125349  0.0770881  -0.25942335 -0.04776181
  0.0406055  -0.1075504  -0.01797896 -0.10135189  0.19233792  0.07546534
 -0.1301263  -0.10094627  0.23172043 -0.13367668  0.01947203  0.06861882
 -0.15827069 -0.21932743 -0.25628185 -0.03199424  0.39003378  0.07000007
 -0.16480401  0.01829924 -0.0661393   0.01805673  0.08056723  0.14730066
  0.06632035  0.01920677 -0.07027727 -0.00197657  0.21743488 -0.03576536
  0.02824329  0.24983306 -0.00483803 -0.01398452  0.02831152  0.01465011
 -0.08925735  0.03453436 -0.16544746 -0.01080346 -0.04875144 -0.06051121
  0.01096233  0.08898388 -0.1777762   0.07840139  0.0025999   0.00698249
 -0.01791182 -0.01700221 -0.04327415 -0.05701135  0.07925588 -0.23176435
  0.15019551  0.19825983  0.01228125  0.11338488  0.00361974  0.0582547
 -0.02257001 -0.06148918 -0.19746473 -0.01877584  0.07651928 -0.04543552
  0.05345472 -0.04172947]