[-0.0682587   0.06224924  0.11035277 -0.04412171 -0.05594869 -0.07750567
  0.06291672 -0.13325062  0.10661619 -0.03861572  0.2424949  -0.06065598
 -0.24895434 -0.11249888  0.00568046  0.23069577 -0.18625323 -0.1404293
 -0.04633081  0.04118955  0.10939174 -0.05194783  0.02619167  0.06909379
 -0.1338948  -0.32339302 -0.11457969 -0.06002332 -0.04467956 -0.05370918
 -0.05988498  0.14870164 -0.15883593 -0.03516432  0.06585627  0.09120999
 -0.00593454 -0.1080485   0.13143264 -0.03006133 -0.28391734  0.05059095
  0.11265365  0.20934911  0.21570924 -0.00052114  0.04540756 -0.05168448
  0.11767671 -0.22283851 -0.04002912  0.09826741  0.07300576  0.03044293
  0.0677937  -0.16073911  0.01420598  0.06581225 -0.19817197 -0.04293156
  0.01564243 -0.13985828  0.00043042 -0.09366618  0.11819842  0.08662738
 -0.09154419 -0.17674764  0.16759993 -0.15693823 -0.03025638  0.09914684
 -0.20269294 -0.17721237 -0.27443808 -0.04150235  0.36823049  0.09838426
 -0.15560746  0.0874484  -0.04373568  0.02286905  0.05259971  0.14291812
  0.06914546  0.08096586 -0.1432734   0.01334058  0.20148149 -0.11575458
  0.01725584  0.24493144 -0.01651904  0.02388939  0.00409894 -0.0262048
 -0.04127724  0.04390699 -0.15864681 -0.03558754 -0.04373852 -0.0180917
 -0.00276695  0.09460248 -0.15476438  0.04159645 -0.00533025  0.04031673
 -0.06265884 -0.02741555 -0.0552951  -0.03584025  0.04652012 -0.26710865
  0.149397    0.20893371 -0.03441145  0.02659341  0.00440453  0.03886123
  0.00404772 -0.06282725 -0.15923707 -0.01008585  0.12186589 -0.03462338
  0.0264228  -0.03528445]