[-1.33648425e-01 -1.09333638e-02  7.05839023e-02 -4.01542336e-02
 -8.82520899e-02 -1.78031754e-02  5.36016040e-02 -8.70808885e-02
  2.23155357e-02 -1.04523450e-02  2.81555295e-01 -8.73533189e-02
 -3.31389129e-01 -1.07029520e-01  3.71715613e-02  1.39629588e-01
 -1.09841563e-01 -8.97751078e-02 -1.40150189e-01 -5.12146018e-02
  3.04663721e-02 -5.71739264e-02 -1.44835263e-02  4.34567332e-02
 -1.91071764e-01 -2.71990776e-01 -6.81053624e-02 -1.10909581e-01
 -8.92545581e-02 -1.15428701e-01 -4.11556438e-02  1.09177761e-01
 -1.36023909e-01 -9.09071714e-02  6.69208616e-02  4.52632494e-02
 -3.62184756e-02 -3.19838114e-02  1.60126850e-01 -3.66736725e-02
 -1.69895530e-01  2.93722730e-02  7.65582547e-02  2.43343636e-01
  1.85975596e-01  4.23847064e-02  1.67822130e-02 -1.83129366e-02
  1.24268271e-01 -2.70185441e-01 -1.02694752e-02  1.17912054e-01
  1.55285046e-01  3.72920446e-02  7.80792534e-02 -1.21967390e-01
  4.31293994e-02  1.44598082e-01 -2.67210096e-01  3.58466841e-02
  1.34695945e-02 -1.46211013e-01 -3.93524356e-02 -8.51752535e-02
  1.30733073e-01  1.02470472e-01 -1.21030465e-01 -1.45802215e-01
  1.31719902e-01 -1.22260250e-01 -3.72790657e-02  9.51173529e-02
 -1.71180904e-01 -2.24963456e-01 -2.74901599e-01  2.33004782e-02
  3.00163656e-01  1.11280479e-01 -2.35153720e-01 -8.62423796e-03
 -4.31560762e-02 -9.61630326e-03  5.64224198e-02  1.88666750e-02
  5.87333832e-03 -3.11203897e-02 -9.07811597e-02 -2.35871295e-03
  1.63488373e-01 -7.74926990e-02  1.16299111e-02  2.13464573e-01
  9.96660162e-03 -6.39043823e-02  6.27978295e-02  2.84796264e-02
 -8.92850384e-02 -6.21059677e-03 -9.77211818e-02  9.02147684e-03
  7.34037487e-03 -1.11920178e-01  3.94315384e-02  3.70258093e-02
 -1.67372033e-01  1.31637439e-01 -6.21059909e-02  1.82658812e-04
 -8.91237259e-02 -1.12767570e-01 -5.79949319e-02  2.92230044e-02
  1.15909033e-01 -3.25912058e-01  1.62237242e-01  2.14182854e-01
 -3.07297856e-02  5.63349724e-02 -1.21000791e-02 -2.23624092e-02
 -2.25764941e-02  2.66381111e-02 -1.51610836e-01 -9.58688781e-02
  1.18898965e-01 -6.10487051e-02  4.57800329e-02 -4.15521450e-02]