[-1.10985830e-01  1.39079899e-01  7.97894299e-02 -9.51241106e-02
 -1.57876641e-01 -1.00903902e-02 -4.39350270e-02 -1.28708363e-01
  5.92662394e-02 -9.85032171e-02  2.62760073e-01 -1.09036580e-01
 -2.39912912e-01 -7.99444467e-02  4.13337313e-02  2.35032678e-01
 -1.68076500e-01 -1.56094551e-01 -1.51638225e-01 -1.06687611e-02
 -2.16958132e-02  1.77490059e-02 -2.68474016e-02  7.29391584e-03
 -1.36176065e-01 -3.94939870e-01 -6.06864057e-02 -7.81047866e-02
 -4.51871157e-02 -5.81187718e-02 -8.97871256e-02  8.19278881e-02
 -1.64490148e-01 -5.76843992e-02  7.94843659e-02  6.66056201e-02
 -8.04903060e-02 -9.63749737e-02  1.50823608e-01 -2.85374757e-04
 -2.28645399e-01  2.06612274e-02  8.85386690e-02  2.42450073e-01
  2.58414000e-01  6.13034528e-04  4.64198850e-02 -9.02506933e-02
  1.09044626e-01 -2.37947866e-01  4.03591692e-02  1.25401035e-01
  3.78908478e-02  1.09368078e-01  6.83674365e-02 -1.22727633e-01
  2.42872685e-02  1.40547827e-01 -2.13104486e-01 -2.71479990e-02
  7.26545379e-02 -1.07220553e-01 -8.39890614e-02 -1.19345903e-01
  2.30270430e-01  1.29843146e-01 -1.22487880e-01 -1.76835686e-01
  1.54469445e-01 -8.77526030e-02 -6.50398731e-02  3.77911031e-02
 -1.98133454e-01 -1.87635407e-01 -3.03606093e-01  3.88798304e-02
  3.36692244e-01  1.30150691e-01 -2.26027966e-01 -3.59837562e-02
 -1.53740346e-02 -3.14323716e-02  9.62596685e-02  1.08890012e-01
  4.63545769e-02 -7.79282823e-02 -5.04171848e-02  4.73205373e-02
  2.11865336e-01 -9.46867093e-02 -4.39050561e-03  2.45268568e-01
 -1.46389334e-02 -5.25021069e-02  7.74147129e-03  7.30671585e-02
 -8.37892815e-02  2.68122996e-03 -1.21824764e-01 -3.11882552e-02
  6.67543039e-02 -4.71182317e-02 -3.09215095e-02  1.55239686e-01
 -1.56814173e-01  1.39526576e-01 -3.13120745e-02  4.42291237e-02
 -1.89928170e-02 -1.13417745e-01 -1.53462561e-02 -5.00392504e-02
  1.19782902e-01 -2.21192390e-01  1.79069042e-01  2.07175896e-01
 -9.19285696e-03  8.33573863e-02  2.95544695e-02  1.18386196e-02
  4.29599360e-03 -2.74123196e-02 -2.24110156e-01 -6.30409643e-02
  1.10847965e-01  1.71076935e-02  9.62696597e-03  1.47444801e-02]