[-0.12729569  0.07118752  0.13123612 -0.05951992 -0.07444306 -0.07975047
  0.01659256 -0.10179788  0.12178405 -0.05706576  0.25855857 -0.04933789
 -0.21021402 -0.11029251 -0.01236214  0.24169867 -0.22552775 -0.11121406
 -0.02513129  0.05606164  0.14296031 -0.02801473  0.0157511   0.06785399
 -0.12604615 -0.38293478 -0.09061559 -0.07013094 -0.08041982 -0.06291828
 -0.03874671  0.10139199 -0.18073979 -0.03812391  0.03635833  0.09226072
  0.00586266 -0.10744391  0.10639836 -0.02875633 -0.29205638  0.05068948
  0.13768898  0.2022759   0.22583263  0.02109899  0.03661097 -0.07258655
  0.1300281  -0.22724138 -0.07717149  0.0902987   0.07993393  0.00182557
  0.06002218 -0.17136508  0.0216914   0.03863921 -0.22253095 -0.0310055
  0.03925212 -0.12196677 -0.00096398 -0.10103013  0.13959858  0.08484534
 -0.12199428 -0.14829011  0.16363263 -0.15375946 -0.0053692   0.07438442
 -0.19486026 -0.2344036  -0.29467478 -0.04760399  0.34499803  0.09705652
 -0.16858105  0.04812934 -0.04676874  0.04198549  0.04632957  0.16095439
  0.07342684  0.05854758 -0.13435166  0.01262055  0.20388213 -0.0872312
  0.0407309   0.25290298 -0.0078293   0.00207123 -0.01477778 -0.0054691
 -0.07097837  0.05182778 -0.17319547  0.01547412 -0.08874617 -0.04338242
 -0.01518065  0.08550822 -0.16915394  0.03627671 -0.00952902  0.00350845
 -0.08262666 -0.03485668 -0.08534606 -0.03790708  0.05698467 -0.22945468
  0.16604881  0.23553148  0.00566876  0.08887969  0.02672109  0.05389066
 -0.01645521 -0.05187813 -0.16689368 -0.00900202  0.0809549  -0.0710475
  0.04116799 -0.0399988 ]