[-1.08512871e-01  1.27318904e-01  1.01869814e-01 -9.87771079e-02
 -7.96935558e-02 -1.17025627e-02 -1.74575504e-02 -1.43615052e-01
  1.53287396e-01 -1.02610804e-01  2.69294500e-01 -8.93329233e-02
 -3.12433213e-01 -8.76721740e-02 -4.39372472e-02  2.52624363e-01
 -2.09267005e-01 -1.75905719e-01 -9.35203061e-02  1.46541623e-02
  1.42926648e-02 -8.74400896e-04  1.37340026e-02  2.25685667e-02
 -1.24820568e-01 -3.90167952e-01 -8.67041126e-02 -1.04007475e-01
 -7.20526874e-02 -3.44243608e-02 -3.97004075e-02  6.08185530e-02
 -1.42897293e-01 -3.65034007e-02  3.57548855e-02  9.69504043e-02
 -4.93657589e-02 -1.06997073e-01  1.14223219e-01 -5.64026237e-02
 -3.00516546e-01  1.17706293e-02  1.16206609e-01  2.33062059e-01
  2.37046957e-01 -3.81365418e-04 -2.26172808e-04 -9.83198211e-02
  1.50688633e-01 -2.48294756e-01 -1.05043696e-02  6.42495975e-02
  8.43647867e-02  4.80845459e-02  4.72840033e-02 -2.00758919e-01
  1.51950242e-02  1.61975816e-01 -2.01668262e-01 -3.93746309e-02
  3.42838690e-02 -1.76458821e-01 -2.96697225e-02 -8.08006749e-02
  1.92414984e-01  1.17101848e-01 -1.65258124e-01 -1.32458791e-01
  1.69931874e-01 -1.10079348e-01  2.01695543e-02  7.31680915e-02
 -1.83731839e-01 -1.76604867e-01 -3.32714647e-01 -3.67880762e-02
  4.24996763e-01  4.06057462e-02 -1.45305797e-01 -4.58767498e-03
 -4.22577225e-02  5.60691133e-02  3.49083990e-02  1.48073316e-01
 -2.49747350e-03 -3.98314670e-02 -1.57291636e-01 -1.25947511e-02
  1.90722242e-01 -1.09607436e-01 -4.40323725e-03  2.09539533e-01
 -6.30620271e-02  4.53118943e-02 -1.01730229e-05  7.84279630e-02
 -1.34196624e-01  1.10590756e-02 -1.39183477e-01 -1.05490731e-02
 -3.41771953e-02 -5.56727722e-02 -4.48091589e-02  8.71415362e-02
 -1.28339276e-01  8.46911371e-02  3.70596983e-02  6.50663897e-02
  7.14561716e-03 -5.90709262e-02  9.69063677e-03 -5.75667620e-02
  1.28709599e-01 -2.33335137e-01  1.55214772e-01  1.88749745e-01
  1.23278154e-02  1.39994100e-01  6.36774525e-02  2.52410229e-02
 -5.79795614e-02 -5.19618504e-02 -2.37427145e-01 -1.89634059e-02
  8.37919787e-02 -3.24319378e-02  6.47661835e-02  2.32013175e-03]