[-5.36155291e-02  1.11211218e-01  8.29553530e-02 -2.91324295e-02
 -7.39451498e-02 -4.30311076e-02 -7.91053399e-02 -8.56117979e-02
  1.27495408e-01 -7.53050670e-02  1.93985447e-01  6.80541620e-03
 -2.02116802e-01 -3.42923068e-02 -1.00659821e-02  1.65450722e-01
 -1.88407421e-01 -6.42523393e-02 -9.66317207e-02  2.66209580e-02
  2.65569519e-02  5.37322760e-02  1.14501260e-01  4.16351104e-04
 -1.25079826e-01 -3.76803488e-01 -1.19525842e-01 -6.25802279e-02
  5.54075204e-02 -6.39255196e-02 -9.25747380e-02  1.23780845e-02
 -1.87107638e-01 -6.77907690e-02  4.86468188e-02  3.57372910e-02
 -7.29902014e-02 -1.05305128e-01  2.03125387e-01  8.84087458e-02
 -2.33162522e-01 -4.58050631e-02  2.47208904e-02  2.57783085e-01
  2.57169485e-01  5.91247156e-02  3.20262089e-02 -1.32916197e-01
  1.16443969e-01 -2.17642263e-01  7.02742487e-02  1.30699188e-01
  4.55781445e-03  8.60623792e-02  4.11322266e-02 -6.92992434e-02
  7.12929890e-02  1.18525088e-01 -1.78104654e-01 -9.78664961e-03
  8.53308067e-02 -7.22738728e-02 -7.61204818e-03 -7.54740182e-03
  1.90223247e-01  9.88807976e-02 -8.19350183e-02 -1.12751387e-01
  1.25679597e-01 -1.49085537e-01 -5.71778081e-02  1.77043267e-02
 -1.27077445e-01 -1.84023276e-01 -3.35300177e-01 -4.21426110e-02
  3.68566781e-01  1.38287827e-01 -1.59523621e-01  2.26124568e-04
 -3.64749022e-02 -4.65367995e-02  1.69333026e-01  1.51792139e-01
 -6.80050626e-02  2.21118312e-02 -6.36288449e-02  5.89276664e-02
  2.46507391e-01 -7.48963356e-02 -3.19532789e-02  2.22211674e-01
  4.31206776e-03  3.04956175e-02  6.65030703e-02  6.92084730e-02
 -8.66227672e-02 -3.97345144e-03 -1.86907768e-01 -3.20248418e-02
  8.86328667e-02 -1.46020446e-02 -4.58506076e-03  1.51323974e-01
 -1.66861191e-01  1.12741470e-01  3.91917303e-02 -4.98808809e-02
  5.51606193e-02 -8.63129422e-02 -1.20967112e-01 -1.00626230e-01
  1.19044259e-01 -1.54962406e-01  1.84814438e-01  2.01998159e-01
  7.82245398e-03  9.50943306e-02  9.51502621e-02  5.74717335e-02
 -2.70905495e-02 -3.03830933e-02 -1.47576287e-01 -3.80515978e-02
  1.00523524e-01  3.90390605e-02  8.89925659e-02 -3.81647833e-02]