[-8.85196701e-02  1.04534782e-01  1.07805565e-01 -2.99766641e-02
 -3.71575765e-02 -3.30067426e-02 -5.12586534e-02 -1.29785806e-01
  1.11451916e-01 -9.49410424e-02  2.81069368e-01 -1.10553699e-02
 -2.15192422e-01 -8.35958496e-02 -4.74829366e-03  1.71309397e-01
 -1.95078120e-01 -8.04503486e-02 -4.74803261e-02  5.24781458e-02
 -1.41347572e-02 -9.44892818e-04  5.10536395e-02  2.44229827e-02
 -5.87860756e-02 -3.64000678e-01 -9.52574760e-02 -1.17574371e-01
  3.93891148e-02 -5.88200465e-02 -7.47260824e-02  2.62669027e-02
 -1.37064353e-01 -2.43250951e-02  2.59416346e-02  5.99748567e-02
 -3.92195173e-02 -5.57356067e-02  2.11653516e-01  6.44525513e-02
 -2.10102960e-01 -6.34714589e-02 -1.00647723e-02  2.77199298e-01
  2.59350836e-01  1.59216877e-02  2.98562944e-02 -9.22326073e-02
  9.47670192e-02 -2.57785022e-01 -1.19036874e-02  9.30439085e-02
  5.13603278e-02  5.64508401e-02  4.54182327e-02 -1.63716912e-01
  2.09010392e-02  4.13658135e-02 -1.68438628e-01 -1.43226851e-02
 -9.78649943e-04 -1.04431547e-01 -1.20289316e-02 -1.10195857e-02
  2.73019642e-01  1.09652512e-01 -1.22014739e-01 -1.04392886e-01
  1.57926977e-01 -1.38824284e-01 -5.42721637e-02  2.95425784e-02
 -1.37975797e-01 -1.56032994e-01 -3.09371173e-01 -3.30301225e-02
  3.93609971e-01  8.89985412e-02 -2.09579259e-01  2.63540838e-02
 -9.07327831e-02 -6.97606355e-02  1.04226127e-01  1.51872918e-01
 -2.58024391e-02  3.94173227e-02 -6.82472959e-02 -1.64862145e-02
  2.08433673e-01 -9.34046730e-02  2.94883008e-04  1.89001903e-01
 -6.51232079e-02  5.40826023e-02  6.27306998e-02  1.64058842e-02
 -4.64885682e-02 -1.06875901e-03 -1.66382656e-01 -5.87443076e-02
  2.61033867e-02 -7.23671019e-02  1.75869539e-02  1.22049108e-01
 -2.34942421e-01  1.10438183e-01  3.94952893e-02 -4.12679315e-02
  5.07079177e-02 -5.73247857e-02 -7.95828849e-02 -3.65576819e-02
  1.73667938e-01 -2.33880550e-01  2.29073435e-01  2.15608358e-01
  1.76314749e-02  1.17041878e-01  7.05667958e-02  3.53703685e-02
 -4.55844812e-02 -1.12096760e-02 -1.34142548e-01 -3.56544517e-02
  3.91640775e-02 -2.01697880e-03  4.77234386e-02 -3.45212109e-02]