[-0.06595517  0.09685171  0.07095396 -0.04245559 -0.06357607 -0.01132565
 -0.06106016 -0.07905217  0.13606276 -0.06982443  0.16519795  0.00625034
 -0.20118682 -0.05729473  0.02373399  0.16336097 -0.18504365 -0.07485995
 -0.08593158  0.02569325 -0.0033788   0.03981097  0.0955875   0.0296147
 -0.13756843 -0.37416795 -0.08970205 -0.06504322  0.02273825 -0.05706828
 -0.07259488  0.0438714  -0.18889852 -0.03412993  0.03039076  0.07398038
 -0.10628338 -0.10801098  0.22431807  0.09251006 -0.22521622 -0.06536777
 -0.00800963  0.25055382  0.23704831  0.04169015  0.04139177 -0.08883208
  0.15391909 -0.23946746  0.04700044  0.14362456 -0.01742129  0.06164584
  0.06831966 -0.08910158  0.05213663  0.07819146 -0.17232622 -0.04225583
  0.03633624 -0.07769357 -0.01774078 -0.06140725  0.18623011  0.12261073
 -0.05892899 -0.12102957  0.1675304  -0.12537228 -0.06177765  0.03875409
 -0.12656157 -0.16916876 -0.33022922 -0.03963391  0.36171761  0.13063145
 -0.13600545 -0.00176509 -0.03403846 -0.05354041  0.13686438  0.12343484
 -0.06645302  0.03298731 -0.05283839  0.05575848  0.23800187 -0.06139502
 -0.05093309  0.16419855  0.00177235  0.02549754  0.0639391   0.02718631
 -0.07220976  0.01445913 -0.18875282 -0.01850748  0.10026868 -0.02935047
  0.01481677  0.15136528 -0.17109469  0.1334758   0.04564693 -0.06020696
  0.03830137 -0.04835605 -0.16836859 -0.05522309  0.12688844 -0.18606748
  0.1975529   0.16917534 -0.01667451  0.09506008  0.07674871  0.07154373
 -0.06491857 -0.01296952 -0.15231186 -0.07575746  0.10915159  0.06740998
  0.08930265 -0.02183105]