[-0.07136908  0.16414064  0.03689578 -0.03517519 -0.03875671  0.00106592
 -0.04239714 -0.08918622  0.18490575 -0.09393182  0.21415773 -0.0124817
 -0.19318233 -0.06528908 -0.04716543  0.15269692 -0.21169432 -0.05905149
 -0.06491797  0.03968387  0.01981827  0.05582523  0.0260119   0.0650952
 -0.07091223 -0.35294628 -0.11290929 -0.09215755  0.00477012 -0.0926393
 -0.06316483  0.05617499 -0.14419113 -0.0428879   0.02754763  0.05073512
 -0.09495297 -0.0476599   0.21509416  0.09481022 -0.14352764 -0.02987677
  0.01302999  0.31854022  0.23370674  0.03878613 -0.00845246 -0.06689598
  0.14505951 -0.24219839  0.00465926  0.15552141  0.04756957  0.09362195
  0.09297996 -0.11667091  0.02098652  0.08285198 -0.16231537  0.01183534
  0.00656099 -0.11251395 -0.033187   -0.0192759   0.20069218  0.11318761
 -0.08153403 -0.11462983  0.16578756 -0.12864874 -0.06520589  0.02938537
 -0.11428548 -0.19137882 -0.24704628  0.0040625   0.38466573  0.16380496
 -0.14791645  0.03401187 -0.03908924 -0.09337731  0.10701863  0.10982709
 -0.06884608  0.00593997 -0.0607221   0.06354306  0.19398685 -0.03622608
 -0.02828251  0.20172672 -0.04670895  0.03822738  0.04097412 -0.04075445
 -0.05304061  0.02926454 -0.18496998 -0.02779428  0.0679489  -0.06828188
 -0.01469695  0.09669615 -0.1825648   0.11798431  0.05637207 -0.04233576
 -0.00205729 -0.05111273 -0.1745414   0.03835919  0.17716165 -0.22397308
  0.25245443  0.13072807  0.00756238  0.12207539  0.08023615  0.03338474
 -0.00911448 -0.07243454 -0.14047273 -0.08534238  0.10673773  0.0344818
  0.08501291 -0.05246274]