[-0.09850975  0.09414099  0.10186744 -0.05479095 -0.04847429 -0.0500057
 -0.05119004 -0.12154605  0.10981502 -0.08499791  0.25637636 -0.0040723
 -0.22344489 -0.08010092 -0.0093169   0.18527445 -0.18170169 -0.0702879
 -0.060725    0.03998106 -0.03967939  0.00471326  0.05650494  0.04868924
 -0.04775403 -0.36326441 -0.0989699  -0.11395824  0.0129392  -0.05696708
 -0.06507241  0.03279109 -0.12678435 -0.02482968  0.03635395  0.05922621
 -0.05959852 -0.06912509  0.22889951  0.0615599  -0.21466087 -0.09810068
  0.02013108  0.27129811  0.2685934   0.0134423   0.03322927 -0.07167748
  0.12506332 -0.28795382 -0.00048534  0.08677422  0.03687946  0.05359689
  0.08061861 -0.1525844   0.02441764  0.06295394 -0.17131072 -0.02149416
 -0.01932148 -0.11738241 -0.02505843 -0.01835829  0.27624536  0.12641656
 -0.12234738 -0.08592504  0.19805542 -0.14239691 -0.04651907  0.02783616
 -0.12237418 -0.16209929 -0.30396605 -0.03224921  0.37607124  0.11525338
 -0.19318588  0.02553618 -0.08342943 -0.07842722  0.0899324   0.14334804
 -0.02714056  0.03417915 -0.06430533 -0.01602288  0.21130168 -0.09031146
  0.01631241  0.20348306 -0.05421485  0.0473968   0.06267687  0.0251004
 -0.06097423 -0.01307973 -0.18264738 -0.05050623  0.05396701 -0.06519352
  0.02922791  0.11960422 -0.23097315  0.10790155  0.03629736 -0.05134466
  0.03437487 -0.06758627 -0.07886735 -0.03547     0.16899122 -0.21092618
  0.22749595  0.18890893 -0.00383909  0.12012257  0.06082803  0.02874303
 -0.03732365 -0.05127503 -0.11798685 -0.05027241  0.05556092  0.00073435
  0.04562839 -0.02534162]