[-1.14984751e-01  1.52222320e-01  3.32882889e-02 -3.20516638e-02
 -7.67223686e-02 -5.02494574e-02 -5.70783727e-02 -7.26816878e-02
  1.25612393e-01 -8.47286582e-02  1.60253689e-01 -3.27291456e-03
 -1.79435253e-01 -5.48718274e-02 -3.86718474e-02  1.61191866e-01
 -1.86797708e-01 -6.47307336e-02 -9.49378908e-02 -5.97226014e-03
  2.73492821e-02  7.84301665e-03  4.34200056e-02  3.92083153e-02
 -1.00997843e-01 -3.39889258e-01 -1.30458564e-01 -8.49021301e-02
  4.69850414e-02 -5.78987971e-02 -6.24987073e-02  1.29422341e-02
 -1.43797889e-01 -5.50411455e-02  2.96760481e-02  4.42807265e-02
 -9.81109068e-02 -9.59558114e-02  2.17603326e-01  7.58417621e-02
 -1.55502826e-01 -3.39013487e-02  4.22902666e-02  3.16488981e-01
  2.51856148e-01  2.48474572e-02  2.66306829e-02 -5.18117920e-02
  1.55779794e-01 -2.30158597e-01  3.86563055e-02  1.23336293e-01
  6.48699999e-02  1.14876166e-01  1.19161956e-01 -9.96428058e-02
  7.11304545e-02  9.30975080e-02 -2.07569480e-01 -1.31119965e-02
  1.13671049e-02 -9.13805291e-02 -3.81841213e-02 -5.01835160e-02
  2.23690659e-01  1.68749139e-01 -8.03354383e-02 -1.21086597e-01
  1.92875937e-01 -1.30808711e-01 -3.55180465e-02 -2.51268037e-03
 -1.09882884e-01 -1.51413605e-01 -2.83045977e-01 -5.24730375e-03
  3.57037038e-01  2.14350984e-01 -1.23761728e-01  2.63067521e-02
 -5.49325757e-02 -8.13025683e-02  9.22727734e-02  8.22011232e-02
 -1.13716982e-01  1.73278209e-02 -4.77646068e-02  7.07761720e-02
  1.81281745e-01 -4.79482673e-02 -5.61414845e-02  1.63026541e-01
 -8.25530477e-03 -1.28671163e-04  4.93422858e-02 -1.79194883e-02
 -1.24340296e-01 -6.95055583e-03 -1.72598585e-01 -3.88177708e-02
  9.22521278e-02 -9.28027183e-02  2.39009690e-02  1.07331410e-01
 -1.67384699e-01  1.20999932e-01  4.48431335e-02 -3.53429168e-02
 -4.33376506e-02 -4.38957512e-02 -1.83918193e-01  4.25299294e-02
  1.31414101e-01 -1.90113291e-01  2.64151514e-01  1.34507433e-01
 -4.87614190e-03  1.17669821e-01  1.13275386e-01  1.33114820e-02
 -2.88316011e-02 -5.61502837e-02 -9.46273729e-02 -9.07608196e-02
  9.63014066e-02  4.44880761e-02  1.26228064e-01 -1.08047051e-03]