[-0.04502556  0.10478123  0.00979226 -0.07000716 -0.05226398  0.00221946
 -0.05926757 -0.1112477   0.1435876  -0.11417041  0.22166465 -0.00897568
 -0.17498909 -0.07129505 -0.0205117   0.17063549 -0.20605066 -0.09042563
 -0.09239229  0.04520999  0.02320336 -0.01657001  0.07098813  0.05082624
 -0.09895168 -0.36086172 -0.12251659 -0.07458829  0.03401029 -0.07762033
 -0.07677928  0.00205193 -0.16069561 -0.01528856  0.00958075  0.07078234
 -0.06544974 -0.11765082  0.19215798  0.06370707 -0.20259213 -0.01591147
  0.02420352  0.26839814  0.26587367  0.05771219  0.03582412 -0.07507618
  0.1513835  -0.20282577  0.06338666  0.10103478  0.0698951   0.06195631
  0.05437946 -0.09145874  0.05275929  0.10869535 -0.15614904 -0.04192534
  0.03248835 -0.03823233 -0.0132273  -0.02252744  0.2355397   0.14828742
 -0.10093576 -0.12282727  0.16194446 -0.13912649 -0.08165747 -0.03060455
 -0.15939036 -0.169146   -0.29423675 -0.02463922  0.36634496  0.13863896
 -0.15679894  0.03676656 -0.0298771  -0.03398307  0.12889384  0.13963805
 -0.0618553   0.01388735 -0.08417185  0.0299006   0.23687434 -0.07367825
 -0.04660833  0.17827307 -0.03079076  0.00239005  0.04231657  0.00664163
 -0.06582069  0.05361278 -0.16310911 -0.02224575  0.07493975 -0.0162706
 -0.01761655  0.12385895 -0.18597257  0.12372401  0.03429472 -0.01346613
  0.04825362 -0.04272079 -0.15007941 -0.04920984  0.11930878 -0.2055147
  0.1973629   0.17709003  0.03152797  0.0982568   0.10679699  0.06443894
  0.01614808 -0.00366619 -0.18571621 -0.06030845  0.09196415  0.03678189
  0.09194221 -0.00526416]