[-0.08743673  0.09376299  0.08015835 -0.00992603 -0.02894097 -0.05553268
 -0.04775552 -0.13798892  0.11963776 -0.1105086   0.23380814  0.02398068
 -0.16172265 -0.14530268  0.00401497  0.19095473 -0.18256246 -0.16275007
 -0.05304545  0.04037609  0.06331466 -0.02365582  0.07250785 -0.00217354
 -0.12054314 -0.3558037  -0.12304266 -0.06368884 -0.00606456  0.00841424
 -0.08997691 -0.00404828 -0.1642514  -0.05526999  0.05030724  0.07207571
 -0.02444654 -0.09579445  0.22247794  0.00781403 -0.24529479  0.05980096
  0.03410348  0.24255143  0.20503478  0.01092173  0.04636944 -0.08745423
  0.1694632  -0.16635601  0.05090927  0.12434254  0.08818971  0.05106649
  0.02998771 -0.09863507  0.04004603  0.1242599  -0.16082388 -0.03891303
  0.03748617 -0.08522242 -0.002245   -0.06974631  0.16072734  0.10508174
 -0.07656751 -0.20737863  0.14034662 -0.1249604  -0.0676783   0.01752946
 -0.19774178 -0.18316406 -0.31386471  0.00783448  0.36497387  0.12249231
 -0.17248367  0.06099094 -0.03068017 -0.00440747  0.11322881  0.14972848
  0.01683767  0.05342752 -0.10207295 -0.03257713  0.24092729 -0.0690249
 -0.06552117  0.19079541  0.00849869  0.0711788   0.04598291 -0.03245803
 -0.02822142  0.05847517 -0.17538361  0.02046284 -0.02843586 -0.01239525
 -0.00498043  0.10240474 -0.14222284  0.0838372   0.01329003  0.04018848
 -0.00819016  0.01370209 -0.12062079 -0.0963105   0.05698649 -0.20578805
  0.19805987  0.21279125  0.05971946  0.10366161  0.10790018  0.05504897
  0.00115255  0.03264662 -0.19837616 -0.037487    0.09804564  0.02356448
  0.08740266  0.02686492]