[-0.10116171  0.15631555  0.09521794 -0.0527077  -0.11147778 -0.03375593
 -0.06577501 -0.10129648  0.15932052 -0.09039893  0.21772607  0.02455628
 -0.24559028  0.02281272 -0.00794797  0.16007985 -0.15260012 -0.05209944
 -0.07546214  0.03236088  0.03198266  0.0439047   0.11034459  0.04499484
 -0.12263361 -0.35114065 -0.09575173 -0.06519619  0.04830905 -0.03345435
 -0.0841326  -0.01521219 -0.19133237 -0.05131846  0.03877498  0.02766261
 -0.13625073 -0.10968373  0.23683722  0.09002735 -0.22731116 -0.07168189
  0.00977253  0.23918371  0.25184044  0.03358489  0.05496914 -0.14495386
  0.15342417 -0.27845648  0.06116835  0.13475171  0.03340171  0.07053395
  0.10784137 -0.10787427  0.05959264  0.14703734 -0.20541756 -0.01220242
  0.05361323 -0.02568513 -0.01182862 -0.04227468  0.21286543  0.13709454
 -0.09101555 -0.08105838  0.17193393 -0.1390572  -0.04465607  0.07217891
 -0.11418892 -0.21927169 -0.29637402 -0.03017485  0.34724203  0.19263594
 -0.14620738 -0.02679755 -0.03712042 -0.04768569  0.12121027  0.10974269
 -0.07798931 -0.01129019 -0.05487482  0.03697605  0.22652772 -0.07720932
 -0.00370213  0.26010695  0.03466558  0.0115726   0.04186356  0.0668074
 -0.13723682 -0.04426424 -0.20590602 -0.06614526  0.04666297  0.00154744
  0.00768505  0.15540026 -0.21419285  0.10925467  0.00411502 -0.08085937
  0.0022412  -0.10053275 -0.10797938 -0.06151092  0.09774279 -0.16886722
  0.18052883  0.15424766 -0.03018559  0.09736414  0.06733259  0.00421504
 -0.01958849 -0.05437518 -0.12034877 -0.06846567  0.11351267  0.00735796
  0.0665584  -0.0578939 ]