[-0.10906553  0.12907997  0.04993189 -0.01722183 -0.0326592  -0.04961675
 -0.00848465 -0.05548849  0.13338202 -0.09971514  0.21679583 -0.03243574
 -0.21402681 -0.08564167 -0.02746285  0.15560573 -0.1906272  -0.0586485
 -0.10978793  0.05019107  0.05719891  0.00856992  0.0357206   0.02494782
 -0.06899606 -0.35569796 -0.1209202  -0.05440735  0.04590583 -0.0878766
 -0.05075089 -0.01960806 -0.17255792 -0.08533783  0.0045823   0.03941789
 -0.07373495 -0.09213151  0.20094886  0.07075866 -0.17722358 -0.0207403
  0.03249272  0.29370019  0.20424853  0.04418644  0.0021679  -0.09683477
  0.11467043 -0.22687335  0.02489845  0.09748098  0.05607868  0.08768728
  0.12736212 -0.11496214  0.07032552  0.07400362 -0.18617146 -0.02568975
  0.00283807 -0.06124988 -0.00328812 -0.02988835  0.17375909  0.09846766
 -0.04196639 -0.15489402  0.18566345 -0.154175   -0.03920216  0.02649971
 -0.06197128 -0.14428736 -0.31495711 -0.01313742  0.35549128  0.16299319
 -0.13730271  0.04453322 -0.0447737  -0.11243259  0.10897873  0.10670087
 -0.08163267  0.04569982 -0.08397075  0.04862291  0.16933586 -0.03461624
 -0.01908628  0.17626952  0.00338255 -0.01170188  0.08116843 -0.04013474
 -0.11504115  0.02969549 -0.17040911 -0.02722799  0.08740207 -0.09055092
  0.00413432  0.11741324 -0.18115973  0.09553084  0.03252393 -0.06787799
 -0.00413635 -0.03627587 -0.15462838  0.00939321  0.10569686 -0.21959522
  0.20994881  0.1576253   0.00188683  0.09373189  0.09525305  0.04027829
 -0.02075034 -0.00804229 -0.14555928 -0.07139461  0.05814646  0.02694126
  0.08604407 -0.01383115]