[-1.07900612e-01  1.26229629e-01  6.42002374e-02 -2.31581796e-02
 -5.09612076e-02 -5.01962490e-02 -5.63781932e-02 -1.89804286e-01
  1.21637873e-01 -1.35844260e-01  2.20235467e-01  1.21395737e-02
 -1.79027125e-01 -1.56662241e-01 -8.82837176e-03  1.97983548e-01
 -1.89082131e-01 -1.75715074e-01 -5.73013239e-02  4.19415943e-02
  8.78378823e-02 -2.19038967e-02  6.40190393e-02  3.02528236e-02
 -8.55572522e-02 -3.49177599e-01 -1.39071226e-01 -7.02824742e-02
 -6.57700608e-03 -9.47524048e-03 -9.95644927e-02 -2.32333001e-02
 -1.74998075e-01 -8.86141434e-02  2.78923940e-02  5.40105365e-02
 -8.47683568e-03 -8.84315670e-02  1.94297716e-01 -2.71784421e-02
 -2.43038803e-01  1.01057112e-01  7.17571229e-02  2.25327641e-01
  1.98686391e-01  4.02112715e-02  4.53014039e-02 -1.09853350e-01
  1.64306521e-01 -1.60043910e-01  5.77840991e-02  1.01067148e-01
  1.12112992e-01  4.15728390e-02  3.52724120e-02 -1.47969767e-01
  2.24139560e-02  8.36374089e-02 -1.31133899e-01 -2.50823796e-04
  5.25585525e-02 -7.08467886e-02 -1.26563860e-02 -5.74463420e-02
  1.60674617e-01  1.02784924e-01 -6.68512955e-02 -2.26680592e-01
  1.19806886e-01 -1.42792016e-01 -7.96453878e-02  3.29537094e-02
 -2.03951195e-01 -1.66455939e-01 -3.17946166e-01  1.08054457e-02
  3.73638242e-01  1.20993197e-01 -1.80502161e-01  4.56056856e-02
 -2.81767901e-02  1.45668257e-02  9.56798419e-02  1.44618317e-01
  3.94126354e-03  3.80063206e-02 -1.14344597e-01 -1.52310878e-02
  2.36007243e-01 -6.69830069e-02 -7.11502507e-02  2.23401174e-01
  2.47616954e-02  8.18212256e-02  3.52254547e-02 -1.00119598e-02
 -4.00645696e-02  4.90836017e-02 -1.72358036e-01  1.27492845e-02
  1.04429489e-02  5.44177089e-03 -1.22202812e-02  1.14289545e-01
 -1.39769346e-01  7.08878860e-02 -1.84379406e-02  5.02362847e-02
 -1.91819891e-02  2.91175675e-02 -1.39055461e-01 -7.95604140e-02
  6.51941001e-02 -1.78857163e-01  2.04476193e-01  2.23369509e-01
  5.74952327e-02  8.11279863e-02  1.19461969e-01  5.43636046e-02
  1.80703979e-02  3.70483063e-02 -1.99322224e-01 -4.97073196e-02
  1.32548437e-01 -2.18675146e-03  9.71563235e-02  2.84600686e-02]