[-8.72111395e-02  7.89013356e-02  8.71196315e-02 -1.26922578e-02
 -2.56418195e-02 -6.00747243e-02 -4.61450033e-02 -1.31281614e-01
  1.10052265e-01 -1.04554333e-01  2.24543720e-01  1.63410008e-02
 -1.67756423e-01 -1.32768601e-01  2.33572908e-04  1.95098385e-01
 -1.86936587e-01 -1.62385866e-01 -5.06603196e-02  3.72972488e-02
  5.43994792e-02 -1.61803309e-02  6.30204156e-02  1.19001232e-03
 -1.19954921e-01 -3.50786328e-01 -1.29524067e-01 -6.57283589e-02
 -5.30970842e-03  7.48401601e-03 -1.00865833e-01 -4.44714585e-03
 -1.64915711e-01 -4.83637378e-02  6.10418096e-02  6.98732510e-02
 -2.27100421e-02 -1.04487024e-01  2.13825032e-01  1.67204645e-02
 -2.41084501e-01  6.52044117e-02  3.15768346e-02  2.42900893e-01
  2.10191399e-01  1.44844204e-02  3.95778306e-02 -8.98052529e-02
  1.68615296e-01 -1.70676544e-01  5.19962907e-02  1.29834995e-01
  7.91804418e-02  5.72507940e-02  2.14391705e-02 -9.66532230e-02
  3.89001556e-02  1.26555905e-01 -1.62155911e-01 -3.25807631e-02
  3.92550342e-02 -9.07952711e-02  4.25992161e-03 -7.22074732e-02
  1.56429484e-01  1.02927089e-01 -8.36104378e-02 -2.08023429e-01
  1.37550309e-01 -1.32859603e-01 -6.70191273e-02  6.65645069e-03
 -1.96612194e-01 -1.81705236e-01 -3.07030350e-01  1.40874973e-02
  3.55190128e-01  1.24566555e-01 -1.77330166e-01  6.54046237e-02
 -3.29148583e-02 -3.33156437e-03  1.15170851e-01  1.52657971e-01
  1.96151007e-02  5.09099551e-02 -9.94863659e-02 -3.79062742e-02
  2.49368191e-01 -7.09688291e-02 -5.74399792e-02  1.91123351e-01
 -3.38639878e-03  6.71537071e-02  4.98848669e-02 -3.05252429e-02
 -3.40180807e-02  4.98474650e-02 -1.71099439e-01  1.55748008e-02
 -3.14282849e-02 -1.49032949e-02 -8.43829196e-03  1.06202081e-01
 -1.40335768e-01  8.91885981e-02  9.46138054e-03  3.24833281e-02
 -1.12820780e-02  5.01300255e-03 -1.18217327e-01 -9.31435749e-02
  5.95487654e-02 -2.02274188e-01  2.08067685e-01  2.13810071e-01
  6.48039728e-02  1.02136627e-01  1.03638969e-01  5.44983447e-02
 -5.16900932e-03  3.26327011e-02 -1.93171546e-01 -4.05336879e-02
  1.04565717e-01  2.68830955e-02  8.84767398e-02  2.01955568e-02]