[-1.44918889e-01  9.02944133e-02  5.84229901e-02 -1.03696704e-01
 -9.03043598e-02 -5.22745810e-02 -1.67520083e-02 -8.40768740e-02
  1.25604317e-01 -6.76512867e-02  2.27202222e-01 -1.44950405e-01
 -2.25152537e-01 -6.68093562e-03 -8.06472823e-02  2.08276749e-01
 -2.01589942e-01 -1.24625854e-01 -3.89779359e-02  1.48658117e-03
  1.40058741e-01 -5.40380180e-03 -6.39826283e-02  6.44564927e-02
 -1.69312909e-01 -3.36381078e-01 -6.03398457e-02 -6.34403601e-02
 -3.11398152e-02 -5.82609549e-02 -2.43962836e-02  4.50904779e-02
 -2.06550315e-01 -7.98378959e-02  7.17147812e-02  8.90888646e-02
  2.91963661e-04 -8.04559663e-02  2.00339064e-01 -2.18983348e-02
 -2.90688127e-01  3.34080532e-02  1.44591764e-01  2.55666703e-01
  1.55963317e-01  3.02553717e-02 -3.71590108e-02 -9.20364633e-02
  1.20079599e-01 -2.55120486e-01 -8.45898222e-03  1.33030936e-01
  6.23071864e-02  6.48713559e-02  1.01728989e-02 -8.47635195e-02
  4.15802747e-02  1.50996000e-01 -2.33157113e-01 -2.13414859e-02
  9.10225287e-02 -1.43144712e-01  6.96359156e-03 -1.01654962e-01
  1.91958129e-01  7.74095356e-02 -1.25711054e-01 -8.99868011e-02
  1.34143904e-01 -1.18223488e-01 -1.92014351e-02  4.70325686e-02
 -1.01512983e-01 -2.04599425e-01 -2.90624619e-01  2.77280738e-03
  3.96927327e-01  1.49765238e-01 -1.58079490e-01  7.37875775e-02
 -2.88785286e-02 -7.44354352e-03  1.37141690e-01  1.40164524e-01
  3.05460244e-02  6.67718202e-02 -3.00014075e-02  7.79912323e-02
  2.20154449e-01 -5.16449772e-02  3.52837592e-02  2.49322399e-01
 -3.95263033e-03  3.47743146e-02  1.12501774e-02  3.79992463e-02
 -9.70377699e-02 -2.29458530e-02 -1.33581862e-01  6.03869557e-04
  1.50550548e-02  2.63751093e-02  4.84426431e-02  1.43043742e-01
 -1.90617353e-01  7.82238469e-02  2.38369787e-04 -1.81229841e-02
 -2.07267348e-02 -1.72967706e-02  2.48192530e-02 -6.46248683e-02
  7.18567967e-02 -2.13375852e-01  1.34438202e-01  1.63127765e-01
 -1.68365054e-02  9.93521735e-02  6.81288838e-02 -2.15444900e-02
  2.77941581e-02 -5.28659523e-02 -2.06680581e-01 -2.00456288e-02
  1.29091650e-01 -2.94457916e-02  1.31558210e-01 -3.56533751e-02]