[-0.09265989  0.11866567  0.06566834 -0.12900278 -0.09705205 -0.03063571
 -0.00721302 -0.10447619  0.21249965 -0.09866075  0.28852427 -0.11233661
 -0.20908797 -0.04377524 -0.07827321  0.21019231 -0.1979024  -0.11510811
 -0.01777827  0.04920084  0.10291666 -0.00984079 -0.02727554  0.02739744
 -0.10207549 -0.35475856 -0.0891216  -0.02333385  0.01298083 -0.08794685
 -0.03801623  0.04944014 -0.1997879  -0.07606996  0.07733005  0.09249934
 -0.04730588 -0.09677422  0.16348825 -0.01449727 -0.28941533  0.02926242
  0.08173687  0.25673956  0.18187007  0.01372556  0.00355536 -0.21398516
  0.18223858 -0.1706024   0.01940416  0.133039    0.07600074  0.00935641
  0.0305895  -0.10116357 -0.0052743   0.17012899 -0.19083911 -0.01665657
  0.11995172 -0.06741264 -0.03947095 -0.15771507  0.13223079  0.0743395
 -0.11508217 -0.20568149  0.15359735 -0.12417246 -0.02437403  0.08295286
 -0.13629617 -0.22176622 -0.26275235 -0.04878423  0.36275119  0.08626124
 -0.13296436  0.07758584 -0.02406745 -0.00916136  0.0957136   0.18493561
  0.02435372  0.07832646 -0.0448525   0.03746773  0.23811431 -0.10454629
  0.03592375  0.23323201 -0.05503048  0.03157467 -0.02774118 -0.00833619
 -0.10242682  0.06851429 -0.15139066 -0.04887165 -0.00807471 -0.0133309
  0.01198895  0.12397923 -0.2226624   0.11099523  0.00774013  0.05440138
  0.03349675 -0.08068415  0.01014865 -0.05522311  0.11588848 -0.23634358
  0.16234571  0.14518821  0.04354477  0.08758797  0.08463485  0.02686006
  0.05123395 -0.05071783 -0.22884355  0.03161482  0.06881616 -0.04127325
  0.07740771 -0.06009878]