[-0.09166125  0.12780087  0.06631829 -0.1222546  -0.10927731 -0.02733957
  0.01779629 -0.08837474  0.16495579 -0.07444812  0.27090523 -0.11440109
 -0.26296967 -0.06014328 -0.03814191  0.19252641 -0.16210656 -0.10907935
 -0.02702041  0.05107275  0.11626692 -0.03847359 -0.01286109  0.09024297
 -0.13796446 -0.33177289 -0.06615259 -0.06817477 -0.00417232 -0.08049948
 -0.04371924  0.02417785 -0.18904445 -0.07107666  0.07491931  0.07060578
 -0.04432746 -0.09627992  0.21631907 -0.00717025 -0.2785607  -0.04251806
  0.06961875  0.2175827   0.14260161 -0.00202456  0.03322013 -0.15198973
  0.17816775 -0.21106401  0.03265419  0.13385597  0.09538811  0.01102248
  0.06183884 -0.12016179  0.01180379  0.19864781 -0.22595768  0.00548135
  0.081746   -0.09643281 -0.0360682  -0.1389852   0.14722411  0.05003499
 -0.1185841  -0.13725843  0.1845662  -0.0975282   0.00268648  0.10956047
 -0.12038515 -0.23498328 -0.25756341 -0.01321591  0.39427954  0.17716287
 -0.15154091  0.04009291 -0.07278394 -0.01464219  0.08985799  0.12755349
  0.0222332   0.07007419 -0.05462798  0.05327149  0.18656424 -0.09168959
  0.05081297  0.2515502  -0.02453475  0.04886878 -0.02575069 -0.03428354
 -0.11149763  0.02812489 -0.12899287 -0.03141063 -0.01658115 -0.02888634
  0.0502398   0.10549408 -0.22885363  0.05422273  0.0150183  -0.00710556
 -0.01435754 -0.04287374 -0.04041501 -0.06908693  0.10020816 -0.26025563
  0.13222289  0.14458494  0.0170988   0.08782615  0.07815846  0.00745176
  0.06150595 -0.11418026 -0.18342884  0.00763354  0.12788509 -0.03421561
  0.09596568 -0.07003307]