[-0.04620845  0.13679898  0.11698063 -0.07645469 -0.11937686  0.02021912
 -0.05645854 -0.10511408  0.17045276 -0.11977623  0.20920058 -0.1110211
 -0.21455519 -0.01400488 -0.06972589  0.22068055 -0.17398356 -0.14931767
  0.00973895  0.04398127  0.06275127 -0.00583225 -0.02365164  0.03924016
 -0.13971649 -0.35524997 -0.07072216 -0.03533896 -0.01295299 -0.08054336
 -0.09684377  0.04511689 -0.16291551 -0.05392427  0.05403632  0.09999152
 -0.0104387  -0.08280905  0.14937526  0.03800648 -0.27829632  0.05538879
  0.04506093  0.27582464  0.16910055  0.03208176  0.01810878 -0.13161388
  0.15430586 -0.22740769  0.00817726  0.10697553  0.08691318  0.01186674
  0.05107456 -0.12241364 -0.03709155  0.15887599 -0.15852541  0.01478126
  0.07504093 -0.02498922  0.01362829 -0.12919174  0.1727028   0.08261987
 -0.13364975 -0.11620321  0.10649892 -0.0887228  -0.04124738  0.04634809
 -0.10687808 -0.19102053 -0.268749   -0.01675874  0.38295573  0.12499348
 -0.21202902 -0.00707939 -0.01685335  0.02212836  0.11060973  0.14911442
  0.00959622  0.06892186 -0.05831495  0.01152212  0.21047477 -0.08575964
  0.02136697  0.2267708  -0.03236423  0.05783948 -0.03572158  0.04871152
 -0.12511955  0.05080415 -0.17413215 -0.0629179   0.01431122  0.02539558
  0.01453601  0.14825867 -0.22128955  0.1006758  -0.001868    0.00200304
  0.01986437  0.0075208  -0.04228075 -0.04654722  0.12445307 -0.24886058
  0.09299676  0.19252419 -0.02656176  0.08281486  0.0984896  -0.0030384
  0.03906025 -0.05296549 -0.16535719 -0.04550698  0.09653228 -0.03462654
  0.05931563 -0.04328197]