[-0.07868019  0.12663841  0.05427293 -0.08450878 -0.0844334   0.00610748
 -0.04020246 -0.10032743  0.18717527 -0.11116687  0.26769385 -0.08498507
 -0.27447653 -0.02273043 -0.10772046  0.19711046 -0.18395919 -0.14729637
 -0.01498661  0.05016044  0.12546521 -0.03192303 -0.03871323  0.06139589
 -0.14332463 -0.34727123 -0.05396659 -0.02574486 -0.01825999 -0.05240047
 -0.07449199  0.01883901 -0.21471611 -0.041027    0.04658334  0.09789986
 -0.00596421 -0.06910958  0.17195489 -0.00063081 -0.28836092  0.0587934
  0.0315358   0.23395287  0.12757833  0.02845363  0.01381939 -0.2019745
  0.16146645 -0.22966659  0.06044867  0.1667636   0.1019624   0.0052604
  0.01438126 -0.1479428  -0.03688624  0.19904701 -0.1817935   0.01442776
  0.0701063  -0.07071059  0.01083944 -0.17950645  0.14263776  0.10145636
 -0.11773098 -0.16012573  0.15428773 -0.12498542 -0.00949316  0.07478224
 -0.10463188 -0.23420513 -0.29145679  0.00331046  0.35205382  0.16000263
 -0.15907829  0.0536781  -0.05045602  0.0159916   0.08842239  0.13419788
  0.00400761  0.0769382  -0.07544287  0.03402498  0.23720045 -0.07526829
  0.0295678   0.25528508 -0.04032727  0.05274644 -0.01464328  0.0061318
 -0.13499705  0.01918734 -0.14534394 -0.03370003 -0.04100658  0.00080921
  0.02686129  0.11788521 -0.19635561  0.04946862 -0.0349289   0.00857952
  0.0250522  -0.01557106 -0.01873164 -0.09871836  0.11246715 -0.23457293
  0.16232505  0.1384612   0.05270278  0.10724554  0.10285848  0.03126235
  0.02065196 -0.07462221 -0.21376251  0.00438026  0.11326849 -0.04679416
  0.09718647 -0.04751009]