[-0.12831631  0.11682691  0.06834234 -0.10196819 -0.07334524 -0.04010506
 -0.00346917 -0.09199027  0.143638   -0.09199851  0.26054907 -0.15252987
 -0.2375803  -0.00873605 -0.09646995  0.22915764 -0.19228767 -0.12449057
 -0.0606073   0.05218234  0.12511949 -0.02690412 -0.06126782  0.0555735
 -0.1119281  -0.33577561 -0.07430074 -0.04907792 -0.01504907 -0.08269822
 -0.03880953  0.00622381 -0.18839094 -0.07540884  0.0532936   0.08177337
 -0.02732324 -0.10185039  0.18305276 -0.02609873 -0.30156836  0.03282626
  0.10688215  0.25700003  0.16054879  0.04238363 -0.02782932 -0.16422123
  0.11297077 -0.23322748 -0.00537653  0.11570907  0.07018681  0.05120649
  0.01361977 -0.10785812  0.01292229  0.13839824 -0.20368128 -0.02884268
  0.09346613 -0.0839464   0.01059812 -0.13870464  0.19957863  0.07881881
 -0.14814387 -0.11565589  0.1540038  -0.12704669 -0.01343823  0.0401162
 -0.09231664 -0.21671389 -0.27078119 -0.01760819  0.39062104  0.13829832
 -0.16566335  0.056564   -0.05316428 -0.02166311  0.1166325   0.17218912
  0.02960568  0.07760119 -0.03942841  0.0419565   0.22433124 -0.09076117
  0.04671593  0.24598289 -0.02873724  0.03022311 -0.0149056   0.00911787
 -0.1146877   0.02601675 -0.14893816 -0.02297277 -0.00455059  0.02774573
  0.03814707  0.1395873  -0.16983537  0.08305737  0.01399267  0.01041821
  0.01353699 -0.02012639 -0.0051601  -0.08471655  0.09963929 -0.20515323
  0.13523391  0.1566783   0.01880577  0.07290673  0.11635204  0.01846392
  0.05044345 -0.04018619 -0.23784795  0.01771082  0.11972348 -0.03468105
  0.11335309 -0.04058455]