[-1.22793674e-01  1.03772037e-01  9.03538093e-02 -7.70452991e-02
 -8.56057853e-02 -4.46409322e-02 -9.18866321e-03 -7.44282454e-02
  1.21267535e-01 -4.72283997e-02  2.24336624e-01 -1.49511278e-01
 -2.33273432e-01 -2.56269169e-03 -7.39539787e-02  2.18387157e-01
 -1.95455313e-01 -9.19092819e-02 -5.67350946e-02  2.60627903e-02
  1.34550139e-01  2.27885880e-03 -3.62246558e-02  6.28337190e-02
 -1.57917216e-01 -3.61700177e-01 -6.39726147e-02 -4.72019687e-02
 -3.05087306e-02 -6.36618659e-02 -3.61280814e-02  3.51976268e-02
 -1.93171382e-01 -8.12010467e-02  7.06141591e-02  7.14097917e-02
 -1.27411662e-02 -1.00354962e-01  1.87892646e-01 -1.92437600e-02
 -3.15132707e-01  4.67288904e-02  1.29222080e-01  2.57587999e-01
  1.59324870e-01  3.66559140e-02 -1.38917444e-02 -1.12877227e-01
  1.22087859e-01 -2.61105239e-01  2.04449077e-03  1.26872644e-01
  4.13599871e-02  5.66650294e-02  6.97429199e-03 -8.23784024e-02
  1.43706826e-02  1.60073742e-01 -2.10353136e-01 -2.10722331e-02
  8.91310200e-02 -1.13576703e-01  1.53978420e-02 -1.14624038e-01
  1.77284196e-01  7.46627972e-02 -1.42147109e-01 -9.28912982e-02
  1.03151940e-01 -1.25820845e-01 -7.46326288e-03  5.56800365e-02
 -1.03685580e-01 -2.16366008e-01 -3.05277139e-01  3.76872416e-03
  4.18487698e-01  1.34360582e-01 -1.77095428e-01  4.36253957e-02
 -5.23224249e-02  3.79001955e-03  1.35975942e-01  1.72902092e-01
  3.58964801e-02  7.94002712e-02 -2.93012857e-02  6.45782128e-02
  2.32523426e-01 -7.42368922e-02  2.57953350e-02  2.70248502e-01
  1.01377536e-02  2.92963833e-02 -4.08462388e-03  3.84404622e-02
 -9.97884348e-02 -2.49446221e-02 -1.41576558e-01 -1.45899234e-02
  1.89136770e-02  3.55692804e-02  3.57651114e-02  1.38195395e-01
 -2.11638078e-01  1.02787927e-01  1.76945832e-02 -1.43734617e-02
  2.05124747e-02 -2.26261020e-02  8.53847805e-03 -7.62973428e-02
  8.80256817e-02 -2.19405577e-01  1.15036368e-01  1.75441608e-01
 -2.74530059e-04  9.65594500e-02  7.22609460e-02 -4.99496702e-03
  2.93770265e-02 -4.24369983e-02 -1.84293762e-01 -5.39634330e-03
  1.44765317e-01 -2.45519131e-02  1.18125774e-01 -5.58202527e-02]