[-0.06653389  0.12559535  0.07518779 -0.08625985 -0.10281656 -0.01674306
 -0.01710387 -0.09813493  0.18395214 -0.08325002  0.26324493 -0.13176034
 -0.27224955 -0.06485378 -0.0602492   0.21131857 -0.16037495 -0.0830764
  0.00281419  0.04102799  0.0891264  -0.00386448 -0.01525794  0.06200818
 -0.09039479 -0.35090396 -0.065956   -0.04003681 -0.00711572 -0.08656863
 -0.10171334  0.0300805  -0.16711481 -0.08508144  0.07081559  0.07420541
 -0.06861853 -0.06980758  0.16236882  0.00704024 -0.2665579  -0.00445541
  0.05100658  0.24656926  0.14792316  0.0498166   0.01370775 -0.21507537
  0.17863508 -0.18755642  0.04100534  0.13224091  0.05826318 -0.00321891
  0.02418075 -0.14249346 -0.02750267  0.18517333 -0.193911    0.01936795
  0.08858105 -0.09353493 -0.05580923 -0.12860607  0.13508397  0.06929944
 -0.09819215 -0.18432061  0.14880972 -0.11827471 -0.03269767  0.0866501
 -0.11767258 -0.22995408 -0.29676354 -0.02108656  0.3868795   0.11128017
 -0.14655587  0.0448357  -0.03238588  0.00047685  0.13740841  0.16035238
  0.01151138  0.0526262  -0.06844647  0.02318465  0.19442835 -0.12513162
  0.02420323  0.21290612 -0.036265    0.07542296 -0.0223338  -0.00632011
 -0.11824311  0.06194557 -0.16551402 -0.08185855  0.03057907 -0.02342479
  0.03828812  0.10771724 -0.24242702  0.09068634  0.0379765   0.00564766
  0.04636721 -0.06365555 -0.03913435 -0.05728455  0.12994649 -0.24736618
  0.1655644   0.15909413  0.07348704  0.10925797  0.09489518  0.01423041
  0.0482458  -0.08967819 -0.1970291   0.01903878  0.11210813 -0.01026784
  0.08646645 -0.06257877]