[-0.05370304  0.08095764  0.11791773 -0.07097234 -0.08526721 -0.00911206
 -0.05603812 -0.09667749  0.14035411 -0.08117267  0.2436045  -0.12755255
 -0.1909512  -0.01865278 -0.05259879  0.21473713 -0.18546581 -0.13553107
  0.03194258  0.06575172  0.10215782  0.01192286 -0.00994509  0.04857333
 -0.16316898 -0.34710965 -0.11469612 -0.06099523  0.00618556 -0.09561896
 -0.09895626  0.03892001 -0.17521961 -0.03044953  0.07597797  0.09222624
  0.01652876 -0.11032637  0.15429144  0.04467105 -0.30774713  0.07176203
  0.06501334  0.24073751  0.18985114  0.0270239   0.00072117 -0.16446753
  0.1455406  -0.17007877  0.02207279  0.12040746  0.09002168  0.04068537
  0.00297137 -0.1242736  -0.00990566  0.13649483 -0.17320745  0.0096214
  0.09403332 -0.05461423  0.08197577 -0.11006498  0.14107509  0.05597434
 -0.11560967 -0.15309678  0.12070934 -0.11938237 -0.03029512  0.0706033
 -0.14511259 -0.1997683  -0.28187275 -0.03335769  0.34659383  0.09979052
 -0.20685418  0.02993841 -0.02993476  0.01117354  0.10663104  0.19825891
  0.05851442  0.06414779 -0.06623006 -0.00533911  0.25179762 -0.10140532
  0.05999321  0.24527407 -0.04681404  0.07677215 -0.00879269  0.04176469
 -0.1171309   0.05175012 -0.12568109 -0.02900746 -0.08786131  0.02203789
  0.01884728  0.16454141 -0.20609997  0.0981672   0.00579221 -0.00489696
 -0.00774686  0.00319654  0.00639953 -0.08583527  0.09788699 -0.24414444
  0.1127573   0.18738122  0.02092864  0.07863709  0.06460436  0.05989777
  0.00432739 -0.04422576 -0.19587497  0.02719556  0.07013955 -0.04004071
  0.0393282  -0.03359454]