[-0.11958192  0.1114372   0.05839529  0.05056321 -0.13165465 -0.05710971
 -0.00332424 -0.09510839  0.06643297 -0.07496034  0.21304989 -0.06036872
 -0.20408933 -0.06004859  0.01924836  0.18151899 -0.18583538 -0.1015048
 -0.14799847  0.00213371  0.03674519  0.00826342  0.00823436 -0.01864039
 -0.0441145  -0.37565705 -0.08449668 -0.03125575  0.0757784  -0.05223767
 -0.00717084  0.05288012 -0.12421206 -0.04005374  0.07586702  0.07520643
 -0.09985457 -0.05518098  0.2093834  -0.06868272 -0.22154815 -0.04424845
  0.09470563  0.23088916  0.2194138   0.04922515  0.00147766 -0.10907858
  0.08734678 -0.22724961  0.05278289  0.11274284  0.03517685  0.10460462
  0.0504606  -0.08860549  0.06221698  0.09099378 -0.13598983 -0.00451935
  0.1009622  -0.22010982 -0.08135895 -0.01417855  0.17017972  0.04684985
 -0.0551001  -0.16988178  0.11380553 -0.19127397 -0.08272729  0.04318692
 -0.06972791 -0.14520109 -0.34593192 -0.02870216  0.4758558   0.10737306
 -0.15308076  0.03235462  0.02678992 -0.08009281  0.1748697   0.15980284
 -0.0735703  -0.05725176 -0.14546989  0.07206008  0.21690379 -0.08199277
 -0.00979989  0.18930852  0.03447898  0.05560304  0.04339496  0.00841892
 -0.01341953 -0.01384205 -0.11582207 -0.05869828  0.13177983 -0.04524921
 -0.00347766  0.09288558 -0.12498932  0.13051918  0.0199444   0.05774164
  0.07642954 -0.0932852  -0.08919709 -0.04150246  0.13111031 -0.16748053
  0.15357335  0.17069843  0.01440234  0.09714364  0.1006765   0.0681679
  0.00103397 -0.04479648 -0.21898131 -0.00304131  0.07069897  0.02546229
  0.05458964  0.01289351]