[-1.37291119e-01  8.77348110e-02  6.39579222e-02  2.62671467e-02
 -1.10368781e-01 -6.46258071e-02 -3.34451050e-02 -1.23745918e-01
  8.41775164e-02 -7.25970566e-02  2.17752650e-01 -3.93535495e-02
 -1.71782285e-01 -8.46574679e-02  2.13039364e-03  1.72844350e-01
 -2.15154991e-01 -8.50528628e-02 -1.37551710e-01  9.05346591e-03
  6.34754673e-02  1.44088091e-02  6.63806051e-02 -3.66547480e-02
 -6.39321432e-02 -3.95726234e-01 -9.73718241e-02 -7.53237829e-02
  8.54960904e-02 -3.19100246e-02 -4.01929244e-02  1.16501227e-02
 -1.45847335e-01 -5.76496236e-02  5.29319160e-02  5.96223287e-02
 -7.63706416e-02 -5.06872497e-02  1.98657498e-01 -6.17864132e-02
 -2.45071799e-01 -1.38971806e-02  9.17225853e-02  2.28933796e-01
  2.52176017e-01  5.52739985e-02  7.62830814e-03 -1.23589374e-01
  9.63372067e-02 -1.94123089e-01  7.37740323e-02  8.84305984e-02
  4.04177271e-02  8.64415839e-02  6.84152395e-02 -7.42790028e-02
  5.65464683e-02  1.00662842e-01 -1.28758594e-01  8.60522594e-03
  1.17476724e-01 -1.69366404e-01 -3.42601761e-02 -1.72388721e-02
  1.99523449e-01  6.45614639e-02 -5.91123663e-02 -1.64347604e-01
  8.05617571e-02 -1.78680927e-01 -7.43436813e-02  3.38080339e-02
 -1.02082491e-01 -1.49575159e-01 -3.48228186e-01 -4.92874496e-02
  4.64775056e-01  1.12025931e-01 -1.61883354e-01  3.72301675e-02
  5.85211455e-05 -7.79174343e-02  1.97489738e-01  1.75624385e-01
 -6.35098144e-02  1.07922601e-02 -1.26145914e-01  5.65244667e-02
  2.28256255e-01 -8.13625380e-02 -1.37725463e-02  2.24162459e-01
  1.76433902e-02  6.00701049e-02  4.63405959e-02 -1.07679218e-02
 -3.90665419e-02 -3.91336996e-03 -1.31366000e-01 -7.00643212e-02
  1.03042841e-01 -2.28540637e-02  2.26086713e-02  8.57944414e-02
 -1.23384252e-01  1.17966369e-01  1.36650549e-02  7.43811950e-02
  6.80322126e-02 -9.83389840e-02 -6.32502586e-02 -4.81765680e-02
  1.20580651e-01 -1.49202302e-01  1.70979381e-01  1.71709403e-01
  5.22274338e-02  1.01709485e-01  1.05108254e-01  4.78018187e-02
 -1.63000878e-02  2.78054411e-03 -2.14042053e-01  4.44417782e-02
  7.99461901e-02  8.56903847e-03  1.11570917e-01  2.49950867e-02]