[-1.31849617e-01  9.43664387e-02  6.94316775e-02  4.27025221e-02
 -1.40375689e-01 -5.09978347e-02 -2.67662108e-02 -1.17937468e-01
  7.83138424e-02 -8.03503767e-02  2.10801199e-01 -2.88884081e-02
 -1.79992005e-01 -8.34917054e-02  2.85421917e-03  1.85137793e-01
 -2.04933673e-01 -8.38677660e-02 -1.36459887e-01  7.30472384e-03
  3.61699052e-02  3.49375866e-02  4.98488359e-02 -4.46642525e-02
 -4.75981347e-02 -4.04581130e-01 -9.04908031e-02 -7.00877234e-02
  8.23915303e-02 -5.66621497e-02 -2.90078074e-02  1.98419467e-02
 -1.27953455e-01 -6.26638904e-02  6.24443553e-02  5.10203838e-02
 -8.33326504e-02 -5.37850522e-02  2.04232797e-01 -4.98303883e-02
 -2.42699459e-01 -2.11928040e-02  9.03832391e-02  2.38733172e-01
  2.54464358e-01  4.38839905e-02  1.52963549e-02 -1.13948070e-01
  9.37469304e-02 -2.11489961e-01  6.85782284e-02  7.53453597e-02
  1.54040223e-02  9.12176520e-02  6.11295812e-02 -8.54110569e-02
  3.10396142e-02  1.06602274e-01 -1.35174870e-01  1.90577265e-02
  1.15924634e-01 -1.87386289e-01 -4.62683253e-02 -3.64300981e-03
  2.02018067e-01  6.59324899e-02 -5.41038029e-02 -1.80883095e-01
  8.41087699e-02 -2.01121524e-01 -7.95730799e-02  2.86729839e-02
 -8.87469575e-02 -1.39384538e-01 -3.47768515e-01 -3.94739546e-02
  4.55658436e-01  1.25638694e-01 -1.56711012e-01  2.60017570e-02
  1.28245761e-03 -7.27698132e-02  1.89978644e-01  1.81885347e-01
 -4.29950766e-02 -2.07125398e-04 -1.13618925e-01  4.64818589e-02
  2.21253559e-01 -6.76528215e-02 -2.38192063e-02  2.35363349e-01
  1.50091117e-02  4.95797358e-02  5.61164021e-02 -1.02433283e-02
 -4.05035093e-02 -2.61447560e-02 -1.26428559e-01 -9.37859043e-02
  1.07950523e-01 -2.93680821e-02  4.02569622e-02  9.95822847e-02
 -1.23055197e-01  1.36587799e-01 -1.12933237e-02  8.48027468e-02
  7.56112561e-02 -1.03293233e-01 -5.69569729e-02 -3.55838463e-02
  1.39322758e-01 -1.44352719e-01  1.80007413e-01  1.66851029e-01
  3.91583517e-02  1.10001266e-01  1.07986093e-01  4.73823063e-02
 -1.83979217e-02 -7.13239750e-03 -2.00162843e-01  3.52831446e-02
  6.62618577e-02  9.08256508e-03  1.14470638e-01  2.04771161e-02]