[-0.10083931  0.10888435  0.08656679 -0.00541427 -0.12499378 -0.04771299
 -0.01765098 -0.12863192  0.09685861 -0.11340695  0.24623235 -0.04047514
 -0.21016775 -0.07892188  0.02629656  0.175208   -0.18122131 -0.08192534
 -0.13339864  0.01110713  0.02493118  0.000654    0.04602906 -0.00869444
 -0.08763134 -0.37019196 -0.06316938 -0.06896755  0.03110014 -0.03826861
 -0.05357997  0.03115814 -0.13798314 -0.04669801  0.03377891  0.0953161
 -0.08578723 -0.04893108  0.17590092 -0.05923023 -0.26484662 -0.03434499
  0.0517296   0.2025878   0.26429972  0.02989719  0.02197763 -0.17093413
  0.1215348  -0.21545911  0.02605846  0.08227967 -0.01396314  0.06785118
  0.05516397 -0.09150984  0.02385837  0.13392389 -0.13746031 -0.03339379
  0.09432169 -0.1426183  -0.04459852 -0.04864421  0.21344045  0.07393618
 -0.07637998 -0.14188568  0.1392501  -0.19038875 -0.07568249  0.07686155
 -0.08757683 -0.17816065 -0.31735894 -0.03680716  0.4271841   0.12431188
 -0.16813783 -0.00996307 -0.04100802 -0.04286787  0.21218669  0.13237481
 -0.02168238 -0.01140461 -0.11807471  0.02888877  0.26693484 -0.09581276
  0.02012903  0.23898183  0.02906557  0.04124693  0.05039122  0.00685739
 -0.05085705  0.01622806 -0.19507283 -0.07128111  0.09138048 -0.04556371
  0.01776584  0.09076073 -0.15513085  0.10836003  0.01973569  0.04432785
  0.08528244 -0.1132339  -0.07548242 -0.06787774  0.16638067 -0.17300144
  0.15989403  0.17489418  0.04460596  0.10436461  0.11265106  0.05963588
 -0.03209964 -0.06627019 -0.20909023  0.0388339   0.10590712  0.0044986
  0.08481839 -0.01850085]