[-0.13958465  0.10835419  0.04010884  0.04320484 -0.13857991 -0.05595898
  0.0036     -0.09004261  0.07136597 -0.06970364  0.20171268 -0.0534897
 -0.21070074 -0.07333758  0.03511867  0.17895667 -0.20186158 -0.10583679
 -0.15232919 -0.00619972  0.02521439 -0.00376708  0.01292448 -0.02379887
 -0.04739279 -0.38608217 -0.08310607 -0.04392728  0.08715669 -0.04962019
  0.00785118  0.05448923 -0.12236215 -0.0416162   0.06579834  0.08350369
 -0.11505089 -0.04562692  0.21787754 -0.06156618 -0.21267851 -0.05878994
  0.09268656  0.23658788  0.23772036  0.05595453  0.0074563  -0.08940053
  0.09472124 -0.23409514  0.0633093   0.11599763  0.03155267  0.11194401
  0.05877669 -0.07801651  0.05648368  0.0878993  -0.14967501 -0.01292653
  0.10018933 -0.20971881 -0.08810369 -0.01089683  0.17879571  0.06022937
 -0.04451339 -0.17056476  0.12995668 -0.20406727 -0.08866646  0.03341363
 -0.07242995 -0.13270764 -0.34122396 -0.02921341  0.46753263  0.10740105
 -0.11902704  0.03415527  0.02628567 -0.10294867  0.16366296  0.14765534
 -0.07826714 -0.06181143 -0.12993856  0.07278499  0.21178666 -0.08185097
 -0.00659673  0.18275195  0.0411824   0.0462629   0.04810053 -0.00847395
 -0.00667839 -0.01417961 -0.11439967 -0.06855657  0.12839636 -0.0543124
  0.01147262  0.07732161 -0.1176507   0.13528071  0.02599505  0.06768716
  0.06903859 -0.09325393 -0.0976492  -0.04416583  0.1352202  -0.16279283
  0.16370717  0.17149341  0.00829789  0.09309535  0.09682887  0.06739808
  0.00112219 -0.03385006 -0.21066523  0.00132313  0.06549487  0.03791067
  0.05117027  0.02587429]