[-0.11325458  0.09183921  0.06100656  0.02450077 -0.11027551 -0.01850892
 -0.03442531 -0.10234058  0.12172098 -0.12700926  0.25112551 -0.00810367
 -0.19194491 -0.05433168  0.0213036   0.18932746 -0.20366624 -0.08089867
 -0.12557538  0.01384144 -0.00556986  0.02855703  0.01878075 -0.05446882
 -0.06312511 -0.3868674  -0.10592425 -0.05998081  0.04882549 -0.06621455
 -0.05121665  0.03319906 -0.12638903 -0.05782438  0.04345598  0.06762441
 -0.10754651 -0.06964303  0.22392698 -0.03142988 -0.2335038  -0.0342482
  0.09197771  0.2349392   0.23967214  0.01952283  0.01566857 -0.10805737
  0.09477114 -0.20347062  0.05008778  0.07203809  0.04533141  0.11513828
  0.03766098 -0.11315582  0.03143115  0.10483348 -0.12876816 -0.01436924
  0.12318432 -0.1602345  -0.04136034  0.01327695  0.21941113  0.08842411
 -0.07034868 -0.20364602  0.09025547 -0.18531387 -0.08247969  0.04384153
 -0.09592854 -0.16682558 -0.33297625 -0.02147534  0.40527397  0.09603436
 -0.13631132  0.01237693  0.00553361 -0.11734144  0.17180943  0.17084348
 -0.03401372 -0.01667104 -0.1070647   0.03946688  0.26087403 -0.05242939
 -0.01640224  0.19580244  0.00380207  0.0359942   0.041711    0.02455046
 -0.04602283  0.00724926 -0.13834122 -0.04828371  0.08734508 -0.03944673
 -0.00222305  0.11588652 -0.13562478  0.16166902 -0.00950783  0.05845848
  0.06255179 -0.11266059 -0.08556572 -0.02160662  0.15724085 -0.16710766
  0.16024375  0.15331595  0.0372878   0.10984854  0.12207761  0.05483
 -0.02330089 -0.00433476 -0.26685259  0.01453827  0.05821414  0.00367441
  0.10657974  0.01597408]