[-0.12869325  0.10593833  0.05526713  0.05167701 -0.142287   -0.05172412
 -0.03037818 -0.10658254  0.07249839 -0.09377314  0.19542547 -0.02810033
 -0.17685561 -0.05971372  0.01126799  0.17196435 -0.18782556 -0.12301973
 -0.15583082 -0.02322847  0.02110265 -0.03358719 -0.01808753 -0.0215675
 -0.05814009 -0.37610349 -0.07479161 -0.0271932   0.08205086 -0.07500315
 -0.04237808  0.02254785 -0.16282922 -0.06337833  0.06888369  0.08062809
 -0.08950053 -0.05976836  0.19603722 -0.0821689  -0.23295839 -0.03625635
  0.09228811  0.22602677  0.26398727  0.07018759 -0.00251481 -0.11030419
  0.13924086 -0.21325667  0.0570792   0.11175392  0.0263117   0.11386323
  0.02729527 -0.11485799  0.03457894  0.08901721 -0.13277315 -0.04677054
  0.08127462 -0.20990448 -0.08119088 -0.03769504  0.19318923  0.07720184
 -0.05164551 -0.18382032  0.12540966 -0.20614973 -0.05172908  0.01592748
 -0.0666073  -0.1390534  -0.34007734 -0.02696618  0.44064504  0.11132856
 -0.13741066  0.04226276  0.00158633 -0.06888616  0.16065161  0.136115
 -0.068785   -0.00580082 -0.10170057  0.06434677  0.25046688 -0.06321686
 -0.00925548  0.15709953  0.00936511  0.0239161   0.06459796  0.01593865
 -0.0451778  -0.01458743 -0.14089835 -0.06521753  0.11371835 -0.03798002
  0.01720178  0.08245711 -0.14667295  0.14163446  0.00832701  0.07516741
  0.04715593 -0.12283235 -0.09576145 -0.03281078  0.13734372 -0.17984883
  0.19892389  0.16896199  0.02115273  0.12631214  0.11121648  0.04606335
 -0.00835557 -0.03786841 -0.20429495 -0.00877677  0.08312189  0.01885829
  0.09868693  0.00911934]