[-1.14048325e-01  7.98266903e-02  5.11494987e-02  1.25164436e-02
 -1.23237215e-01 -3.40288505e-02 -2.57318709e-02 -1.07887983e-01
  1.12825945e-01 -1.23989359e-01  2.46979788e-01 -3.55123095e-02
 -1.83201790e-01 -4.64350916e-02  2.17432883e-02  1.96240634e-01
 -2.30523065e-01 -7.43383989e-02 -1.27168640e-01 -4.35191032e-04
 -5.80568751e-03  3.95229235e-02  1.66379306e-02 -3.45444269e-02
 -6.19135685e-02 -3.91116112e-01 -9.16771963e-02 -8.54585320e-02
  4.47703190e-02 -4.29656915e-02 -4.92098294e-02  6.82647154e-02
 -1.10691361e-01 -4.91842739e-02  4.82504033e-02  5.95901273e-02
 -1.17560342e-01 -7.44569898e-02  2.32847095e-01 -4.27547805e-02
 -2.30812177e-01 -2.92711742e-02  9.28602740e-02  2.23123029e-01
  2.23984152e-01  9.51572694e-03  1.93010364e-02 -9.29246694e-02
  1.02269888e-01 -2.13246137e-01  3.08766905e-02  7.96805993e-02
  3.98548432e-02  1.12056427e-01  4.08533737e-02 -1.02387123e-01
  2.24634539e-02  9.48845223e-02 -1.36395141e-01 -2.49487907e-02
  1.16289608e-01 -1.80080160e-01 -4.59856801e-02 -2.39097979e-02
  2.17104554e-01  9.52518731e-02 -6.85752705e-02 -1.81313604e-01
  9.57714915e-02 -1.81569919e-01 -9.87326130e-02  3.91274914e-02
 -1.02458201e-01 -1.63685426e-01 -3.23826611e-01 -2.54901294e-02
  3.96150291e-01  9.75602344e-02 -1.22426271e-01  7.07037002e-03
  1.74641442e-02 -1.19200446e-01  1.64167434e-01  1.71532795e-01
 -2.69615538e-02 -2.95218062e-02 -8.78246576e-02  4.27340642e-02
  2.48257190e-01 -7.11524114e-02 -1.57898273e-02  1.90120131e-01
  5.84744429e-03  4.17376719e-02  3.07193678e-02  7.48407096e-03
 -3.18144970e-02  3.22118402e-04 -1.25223175e-01 -1.64598674e-02
  7.68252388e-02 -3.85802351e-02 -1.07377563e-02  1.01994455e-01
 -1.23972528e-01  1.51255906e-01 -1.59709975e-02  4.23236787e-02
  4.73978147e-02 -1.11250877e-01 -7.55955502e-02 -1.71878617e-02
  1.52664214e-01 -1.61823943e-01  1.58371970e-01  1.54183909e-01
  3.67807113e-02  1.23347901e-01  8.98025036e-02  4.22539003e-02
 -3.78641784e-02 -9.88789089e-03 -2.75999755e-01 -1.17608906e-04
  8.94212946e-02  1.40868295e-02  8.57537314e-02  1.16543239e-02]