[-1.42048165e-01  9.44970697e-02  6.95888400e-02 -7.17896372e-02
 -1.29712090e-01 -2.84958426e-02 -8.65917206e-02 -7.80382752e-02
  1.66770056e-01 -6.58518001e-02  1.60031706e-01 -6.64647371e-02
 -1.88768923e-01 -1.66882463e-02 -5.92081025e-02  2.21611813e-01
 -1.86747327e-01 -1.37593359e-01 -2.54727155e-02  5.06361537e-02
  5.64376079e-02 -9.33356583e-04 -2.20280867e-02  7.96893165e-02
 -1.11344911e-01 -4.29007381e-01 -9.56292227e-02 -6.52402118e-02
 -1.37045747e-02 -4.42971624e-02 -6.99285865e-02  5.29713631e-02
 -1.96363464e-01 -1.02510072e-01  8.74332711e-02  1.69429913e-01
 -2.25145780e-02 -9.45525169e-02  1.30087316e-01 -2.11852845e-02
 -3.10095638e-01  2.89286533e-03  1.53709456e-01  2.67778397e-01
  2.16675520e-01  6.53460175e-02  1.43619021e-02 -1.31645516e-01
  1.94916055e-01 -2.19450697e-01  2.13822126e-02  1.09743036e-01
  9.80864614e-02  6.95193633e-02  4.44811992e-02 -1.56924590e-01
  6.98184818e-02  1.57057405e-01 -2.07744762e-01 -4.40246724e-02
  6.23869263e-02 -6.03261478e-02  4.57328074e-02 -8.09159800e-02
  2.55372167e-01  1.11041903e-01 -1.03730798e-01 -1.28356814e-01
  1.79161161e-01 -1.26145527e-01  1.97056327e-02  3.37437652e-02
 -1.47805303e-01 -1.92933157e-01 -3.11746210e-01 -2.47638281e-02
  4.20455664e-01  1.02046743e-01 -1.32967770e-01  5.67120686e-02
 -6.23803511e-02  1.48883730e-03  6.90545663e-02  1.47669896e-01
 -1.57017764e-02  1.92677956e-02 -5.95224313e-02  1.40430210e-02
  2.70894200e-01 -5.26818298e-02  7.13933632e-02  1.66762024e-01
  3.28728789e-03  2.66482774e-02  2.05196477e-02  4.92311232e-02
 -1.53249130e-01  3.61838900e-02 -1.85444951e-01 -2.58491095e-02
 -4.41716798e-02 -1.26017546e-02  3.87877785e-02  1.44405365e-01
 -2.37577513e-01  8.64131972e-02  3.74698602e-02 -2.37294333e-03
  2.40916312e-02  3.40940809e-04 -4.34808880e-02 -1.08193994e-01
  1.20323978e-01 -2.15761885e-01  1.82207435e-01  1.62857488e-01
  1.58503875e-02  1.47317857e-01  6.51979670e-02  7.33667165e-02
 -9.93023906e-03 -5.13885282e-02 -1.79682776e-01  1.17878504e-02
  1.09741643e-01 -5.26243262e-02  5.32974191e-02 -5.05013345e-03]