[-0.11697155  0.1356691   0.08909521 -0.07937042 -0.15347998  0.00071209
 -0.01774798 -0.09322694  0.1455235  -0.05585989  0.17603128 -0.08945166
 -0.26446643 -0.01125063 -0.07958692  0.22962637 -0.1619505  -0.2216951
 -0.0368196  -0.00483002  0.02413375  0.0476057  -0.04392829  0.09243501
 -0.1545462  -0.35362351 -0.09574994 -0.06032487  0.02578694 -0.06866373
 -0.05807029  0.09072085 -0.17151365 -0.0107619   0.09838822  0.12394895
 -0.03470226 -0.077475    0.13037723 -0.00039384 -0.29998288 -0.04147467
  0.15001906  0.28856871  0.17110054  0.07056501  0.03545515 -0.10898916
  0.09747635 -0.24486791  0.04939124  0.16818129  0.10707561  0.04565018
  0.06539499 -0.20003033  0.01472266  0.16810773 -0.20323439  0.04859273
  0.03891582 -0.13998759  0.02875631 -0.09618773  0.21996085  0.0862556
 -0.11772042 -0.1399993   0.22289775 -0.2030495  -0.04371324  0.05945198
 -0.09353778 -0.16061066 -0.35317415 -0.06889607  0.37325749  0.10682088
 -0.13590319  0.08283358 -0.00547983  0.00482985  0.03198123  0.17537087
 -0.07539312 -0.00353673 -0.12864068 -0.01626414  0.27257735 -0.07391325
  0.08997356  0.18970536 -0.02529701 -0.01850228 -0.00332934  0.07254429
 -0.14588116 -0.01819146 -0.0733799  -0.01812014 -0.0683568  -0.06365009
 -0.02007478  0.15407792 -0.23529451  0.07850116 -0.00552815 -0.03101449
 -0.05229064 -0.0277149  -0.00429499 -0.09524971  0.14450835 -0.25911179
  0.16139203  0.20258193 -0.04265752  0.12394173  0.0466495   0.07059827
 -0.00367451 -0.10237658 -0.16343887 -0.05597566  0.07832413 -0.14419663
  0.00586659  0.02812377]