[-0.12731354  0.10750345  0.06359546 -0.09555307 -0.1198378  -0.00883792
 -0.0114442  -0.09717581  0.13832901 -0.05532779  0.18265432 -0.07214125
 -0.2488246  -0.04656396 -0.08582286  0.22728042 -0.18985124 -0.22851546
 -0.00257796  0.00422444  0.04733833  0.01650563 -0.05179315  0.10190692
 -0.1607141  -0.34455088 -0.09861717 -0.06424286 -0.0022503  -0.03744258
 -0.0307314   0.1057739  -0.19417478 -0.00721444  0.09020358  0.14718151
 -0.03381782 -0.07352376  0.14759469  0.01193791 -0.29123589 -0.05083081
  0.16930655  0.29557332  0.16880456  0.05141441  0.01565029 -0.08561987
  0.12016205 -0.24706452  0.04161057  0.17581789  0.12438857  0.05786477
  0.06229879 -0.17844534  0.04185526  0.14974359 -0.21482646  0.0277395
  0.0200457  -0.15435638  0.04134816 -0.11897274  0.22819105  0.09851064
 -0.12057376 -0.13756053  0.23011342 -0.19394641 -0.06359203  0.04792845
 -0.10629439 -0.15591763 -0.37785181 -0.06211574  0.34398437  0.11347084
 -0.1211934   0.09975401  0.00857385 -0.01241801  0.03417309  0.19768016
 -0.05518304  0.02345816 -0.11395194 -0.02529855  0.26249668 -0.05934789
  0.07231219  0.17903821 -0.04220973 -0.00251963  0.00993243  0.05415094
 -0.13634507 -0.00927855 -0.09736197  0.00041189 -0.09577855 -0.06200024
 -0.0116159   0.15596291 -0.20828882  0.05522382 -0.00489737 -0.03005497
 -0.06930806 -0.02412028 -0.02368043 -0.09918968  0.11050035 -0.25030795
  0.18056199  0.18016228 -0.0391612   0.11485127  0.06192134  0.07287095
 -0.02524695 -0.09726686 -0.17043068 -0.04659566  0.08261266 -0.13340141
  0.02430442  0.01972759]