[-1.48653612e-01  1.26125738e-01 -2.10404392e-06 -6.35462180e-02
 -1.31688401e-01 -6.92126527e-02 -4.37142551e-02 -1.47881702e-01
  1.95614383e-01 -1.40363917e-01  1.56831652e-01 -8.14578384e-02
 -2.19599247e-01 -4.29413281e-02 -1.06353283e-01  2.20092058e-01
 -1.67580351e-01 -1.76827952e-01  8.01715534e-03 -6.68437639e-03
  9.49197486e-02 -5.27516492e-02 -1.64430533e-02  1.34973958e-01
 -1.61997065e-01 -3.71424824e-01 -1.66725680e-01 -1.15773670e-01
 -9.31172166e-03 -8.13741609e-02 -1.05955184e-01  3.65900323e-02
 -1.93232298e-01 -7.56360218e-02  3.83951329e-02  1.27546653e-01
 -2.16943249e-02 -4.42388467e-02  1.55251846e-01  1.06683979e-02
 -2.45209858e-01 -2.59136148e-02  1.38747767e-01  2.72984117e-01
  1.48786679e-01  6.29454702e-02  4.29400876e-02 -1.21425167e-01
  1.25481382e-01 -1.82213381e-01  5.68568967e-02  1.06702283e-01
  1.33564517e-01  8.26353431e-02  2.13232189e-02 -2.02213913e-01
  3.10564544e-02  1.32203802e-01 -2.06570432e-01  3.75220925e-02
  6.24988154e-02 -6.45449683e-02 -6.10050522e-02 -2.69224588e-02
  3.07943106e-01  1.76014736e-01 -1.16677798e-01 -1.27992213e-01
  2.35593915e-01 -2.06030294e-01  3.12826894e-02  4.41369414e-02
 -1.16462640e-01 -1.91358969e-01 -2.41310164e-01 -2.92220358e-02
  4.04483765e-01  1.51046261e-01 -1.48838088e-01  3.05627678e-02
 -1.04899183e-01  4.26610553e-04  6.24156073e-02  1.13137722e-01
 -6.68322146e-02  7.74457306e-02 -9.63375270e-02  2.69373190e-02
  2.44122431e-01 -5.28364778e-02  5.55416644e-02  2.04177901e-01
  2.11653914e-02  5.31814396e-02  3.70612554e-02  4.47782129e-03
 -1.76015049e-01 -4.10709940e-02 -1.45402178e-01 -6.77998960e-02
 -3.60155255e-02 -6.15975857e-02 -3.31850164e-02  1.08748652e-01
 -2.07687780e-01  1.05618909e-01  2.36614682e-02 -4.44263779e-02
 -7.80310556e-02  2.75580138e-02 -9.54330117e-02 -1.00852288e-01
  1.41092986e-01 -1.99833259e-01  1.87816307e-01  1.61568388e-01
  6.26438856e-03  1.52268186e-01  7.28336349e-02  7.14969561e-02
 -6.90519158e-03 -1.04418993e-01 -1.58326373e-01  5.81110409e-03
  1.34436682e-01 -1.26332924e-01  8.82094800e-02 -3.59372236e-02]