[-0.08486904  0.1539956   0.05792601 -0.07799592 -0.11364102 -0.04806792
 -0.03251904 -0.14772409  0.12579057 -0.0906186   0.22906688 -0.09793127
 -0.26065922 -0.06772044 -0.05730899  0.27753034 -0.16922021 -0.18050049
 -0.03383065  0.02170835  0.01247958  0.00195154  0.00152601  0.06793693
 -0.11253005 -0.3822808  -0.10600121 -0.04733536 -0.043219   -0.05037981
 -0.02754099  0.0733204  -0.14908873 -0.0388601   0.07716647  0.10738714
 -0.02512584 -0.10579375  0.16866647  0.02945112 -0.33061406 -0.00914434
  0.13190532  0.31034526  0.19419426  0.04043214  0.04506093 -0.12291434
  0.10707829 -0.22889976  0.01817062  0.09509131  0.05148399  0.00193065
  0.02839343 -0.15666209  0.02696564  0.1381726  -0.20995796 -0.03898751
  0.1031028  -0.09625147  0.00204136 -0.08687654  0.27090639  0.10900418
 -0.17095305 -0.12162856  0.16882943 -0.17393248 -0.05482528  0.02365358
 -0.12182053 -0.18072638 -0.38650966 -0.02949885  0.41002938  0.10002313
 -0.14463893  0.04138525 -0.00915491  0.01756864  0.10769389  0.22699025
 -0.00938585  0.01217553 -0.111328   -0.03281395  0.25409424 -0.0750802
  0.00596848  0.22070484 -0.04098746  0.03413989 -0.01886927  0.08048057
 -0.13390997  0.02096294 -0.12824127 -0.00888406 -0.02237644 -0.01254045
 -0.00620834  0.17412725 -0.20021139  0.09175382  0.00471261  0.01160112
  0.00108048 -0.01394869 -0.03117093 -0.10221994  0.10579809 -0.22816551
  0.13580537  0.19910075 -0.00312974  0.09180685  0.13087921  0.04408636
  0.01245425 -0.06684383 -0.21984415 -0.03038662  0.08345347 -0.09105579
  0.0794033   0.00537896]