[-8.37907419e-02  1.21737443e-01  5.40803559e-02 -8.55709016e-02
 -9.37809572e-02 -4.31416743e-02 -4.70422581e-02 -1.56839803e-01
  1.32627964e-01 -1.11067772e-01  2.73886085e-01 -4.60392348e-02
 -2.38260746e-01 -1.15190007e-01 -5.84591106e-02  2.18049988e-01
 -1.73397779e-01 -1.77086219e-01 -3.76665569e-03  1.66377965e-02
  4.40920107e-02 -7.82223418e-03  4.20619324e-02  3.27602550e-02
 -1.22698605e-01 -3.90316963e-01 -1.45559311e-01 -6.74230233e-02
 -1.73874646e-02 -3.04005183e-02 -8.23478866e-03  4.75715846e-02
 -1.41652092e-01 -1.64170321e-02  6.27281666e-02  8.36237669e-02
 -3.36539634e-02 -7.65463933e-02  1.70115992e-01  5.04488498e-03
 -2.96778888e-01 -1.73691399e-02  8.57420787e-02  2.84567684e-01
  2.09937409e-01  5.89230433e-02  3.95007432e-02 -1.24516845e-01
  1.17137313e-01 -2.06841975e-01  7.35898837e-02  1.04171351e-01
  8.33510607e-02 -9.49405599e-03  4.65518720e-02 -1.15913503e-01
  1.37981642e-02  1.78527609e-01 -2.11923435e-01 -3.33743505e-02
  5.68525791e-02 -8.14628229e-02 -7.05766305e-03 -6.00521825e-02
  2.55270064e-01  1.47216275e-01 -1.67374939e-01 -1.23152457e-01
  2.05421671e-01 -1.69174626e-01 -6.18123189e-02  4.41367403e-02
 -1.50107488e-01 -1.91240057e-01 -3.48968297e-01 -3.02228332e-02
  4.09872502e-01  9.81249511e-02 -1.41431257e-01  2.79387590e-02
  7.31766268e-05  3.79603505e-02  1.19454861e-01  1.98320329e-01
 -4.66873944e-02  1.22960750e-03 -1.18886389e-01 -3.35599817e-02
  2.32409224e-01 -7.24633411e-02 -4.12888713e-02  2.31545836e-01
 -4.55187000e-02  7.13692009e-02  1.84067208e-02  6.61623701e-02
 -8.39342624e-02  1.37437275e-02 -1.44002050e-01 -2.84656044e-02
 -8.61865468e-03  1.08485334e-02 -2.08732579e-02  1.66423917e-01
 -1.53467417e-01  8.94897208e-02  2.80013192e-03  3.06081716e-02
  4.72933147e-03 -4.06612381e-02 -1.66375674e-02 -9.98431966e-02
  8.79099295e-02 -2.29079157e-01  1.53040498e-01  1.70713112e-01
  1.06285503e-02  1.12571217e-01  1.16231039e-01  1.91522017e-02
  1.10749360e-02 -1.10152259e-01 -2.29711398e-01 -1.13461344e-02
  8.51449445e-02 -7.75230750e-02  9.27520692e-02 -1.23711107e-02]