[-0.12707131  0.1335552   0.09672773 -0.0584618  -0.07232382  0.00109921
 -0.06298317 -0.14982018  0.15944657 -0.12908022  0.15289538 -0.1159531
 -0.22884326 -0.02346745 -0.05693348  0.22501874 -0.19174102 -0.18979558
 -0.02593776 -0.00271685  0.02539123  0.00357329 -0.01649702  0.08803984
 -0.23239039 -0.36641082 -0.1247375  -0.12163284  0.00502012 -0.06448617
 -0.10557488 -0.01414554 -0.18067323 -0.03000479  0.05976316  0.12259336
 -0.0175952  -0.09505429  0.14558846 -0.03563139 -0.310433   -0.00300362
  0.13764465  0.23050351  0.16654669  0.04137335  0.02186111 -0.13653158
  0.14199595 -0.15555441  0.05151147  0.10485397  0.08977828  0.10550717
  0.0239271  -0.15561554  0.00655198  0.16740204 -0.17431207 -0.00884871
  0.03352813 -0.0686266   0.01004288 -0.01350286  0.23187427  0.0949152
 -0.12480348 -0.12080025  0.19159722 -0.17420749  0.01000125  0.05544231
 -0.10217112 -0.19075605 -0.28085229 -0.01804041  0.38621739  0.10702851
 -0.18614405  0.06345601 -0.02952274 -0.01286876  0.0893259   0.21023154
 -0.01946502  0.07940993 -0.03335858  0.02092277  0.26958808 -0.07276132
  0.06388198  0.18370357  0.00096957  0.01736307  0.03727078  0.04669136
 -0.16477938 -0.02680145 -0.1280769  -0.06327285  0.00741027  0.04916115
 -0.02500997  0.1270511  -0.20863926  0.14891492  0.06181871 -0.06789926
 -0.00195028  0.01688133 -0.00166101 -0.12064868  0.14286128 -0.23606725
  0.13952091  0.17597984 -0.02691184  0.15148234  0.06146799  0.05654682
  0.01976414 -0.03222831 -0.16638288 -0.0291026   0.16286004 -0.09781996
  0.09594131 -0.04457866]