[-9.95903984e-02  1.85785815e-01  1.13887131e-01 -7.24304542e-02
 -1.15528181e-01  4.24995050e-02 -6.40931278e-02 -9.76316556e-02
  1.84926584e-01 -3.41778696e-02  1.60862431e-01 -5.90016358e-02
 -2.11079597e-01  8.81618448e-03 -3.19618993e-02  1.86960548e-01
 -1.90022245e-01 -1.37979552e-01 -1.73809174e-02  2.64074411e-02
  1.54964840e-02  2.89726704e-02  3.79242487e-02  8.33862796e-02
 -2.02177152e-01 -3.79757375e-01 -8.31756815e-02 -6.35640770e-02
 -9.09842958e-04 -8.33414868e-02 -1.17992774e-01  4.56646942e-02
 -1.99039206e-01 -7.30408579e-02  9.51363072e-02  1.86290085e-01
 -5.94781823e-02 -1.23012722e-01  1.46260202e-01 -2.35055387e-03
 -2.82138824e-01 -1.17967057e-03  1.08134523e-01  2.84871280e-01
  2.22934797e-01  3.24646793e-02  1.80324856e-02 -1.16610624e-01
  1.80569515e-01 -2.33436421e-01  7.28357956e-02  1.36216089e-01
  6.69461712e-02  4.99867834e-02  4.98353317e-02 -1.81775481e-01
  8.14625341e-03  1.70438275e-01 -1.65064514e-01 -3.93743031e-02
  6.81233630e-02 -5.02366088e-02  6.12724125e-02 -1.01048909e-01
  2.09829047e-01  1.28758609e-01 -9.38518271e-02 -1.28641948e-01
  1.69640183e-01 -8.44747126e-02  3.81319784e-02  8.86434913e-02
 -1.40286580e-01 -1.93483219e-01 -2.45183617e-01 -1.87197793e-02
  4.56276745e-01  1.21132970e-01 -1.23082519e-01  1.73533987e-02
 -9.99530479e-02 -2.26262230e-02  1.85707863e-02  1.33575365e-01
 -3.90795246e-02  4.73578833e-02 -7.35196397e-02  7.96885639e-02
  2.80214041e-01 -5.79783805e-02  4.83623333e-02  1.84443712e-01
 -8.00423231e-03  2.62140613e-02  7.41099427e-03  2.49759778e-02
 -1.78297639e-01  6.25864118e-02 -1.78486496e-01 -5.08396216e-02
 -4.19578739e-02 -2.07565036e-02  2.44541205e-02  1.89104155e-01
 -2.73997039e-01  1.24532700e-01  5.84967695e-02 -3.17425057e-02
  2.99062170e-02 -1.89447757e-02 -3.97481732e-02 -7.45765492e-02
  1.68143287e-01 -2.73736328e-01  1.33285865e-01  1.51609823e-01
 -3.56176798e-03  1.39786884e-01  4.44875173e-02  6.49218336e-02
  2.64086183e-02 -5.84604703e-02 -1.81819901e-01  7.71783898e-03
  1.13643289e-01 -7.01119527e-02  6.34970814e-02  2.15835869e-04]