[-0.13842739  0.08254982  0.06659829 -0.06664924 -0.13578375 -0.0288015
 -0.10122452 -0.0711918   0.17613435 -0.06450178  0.16274275 -0.07342885
 -0.18410008 -0.01062989 -0.06760421  0.22371946 -0.19979006 -0.13597958
 -0.0117188   0.03887342  0.04380285  0.00779104 -0.029698    0.05759803
 -0.11730994 -0.43258849 -0.09606271 -0.05222652 -0.0094089  -0.04646702
 -0.06071595  0.06056134 -0.19392101 -0.10293948  0.09837629  0.16902612
 -0.01839855 -0.10656096  0.12848489 -0.02220797 -0.30077642 -0.00380772
  0.15705268  0.26880535  0.20447862  0.06007304  0.00362697 -0.13037705
  0.20144485 -0.20601332  0.01814017  0.10815602  0.09985695  0.0713331
  0.04043108 -0.14694197  0.05977005  0.1694866  -0.20195356 -0.04880031
  0.06539597 -0.05186235  0.04976696 -0.09617545  0.24446905  0.10959996
 -0.09221194 -0.14315392  0.18614469 -0.11297407  0.00922187  0.02973501
 -0.14248835 -0.19401611 -0.31197891 -0.03083998  0.40525827  0.09375057
 -0.12420761  0.05096346 -0.04412548 -0.00405345  0.06124827  0.13364092
 -0.01487608  0.01851969 -0.05299797  0.00822858  0.28856596 -0.04786526
  0.05462179  0.14823902 -0.00459098  0.02576486  0.02050757  0.04289087
 -0.14607349  0.04578979 -0.19201428 -0.02761648 -0.03696636 -0.01409994
  0.03911031  0.15091543 -0.2300787   0.09215658  0.04675362 -0.00206661
  0.02486935  0.01166571 -0.04729031 -0.09782919  0.13144973 -0.21758127
  0.19407599  0.15582293  0.03595595  0.15585628  0.05938074  0.06781419
 -0.01461183 -0.04943427 -0.17523251 -0.00347683  0.09306823 -0.04616984
  0.05674039  0.00655698]