[-1.09039001e-01  1.74015746e-01  3.79990935e-02 -8.33446607e-02
 -7.50612766e-02 -3.19561362e-03 -5.70375994e-02 -1.58422425e-01
  1.73026174e-01 -1.32365093e-01  1.52993664e-01 -5.70833497e-02
 -2.31497124e-01 -2.05663126e-02 -8.75263512e-02  2.13560387e-01
 -2.07297474e-01 -2.30121970e-01 -3.22727971e-02  4.10693772e-02
  6.24025427e-02 -3.65169942e-02 -1.48457335e-02  9.41898599e-02
 -1.84533030e-01 -3.67154211e-01 -1.40046954e-01 -6.50183558e-02
  7.99547925e-05 -4.39046286e-02 -1.07337974e-01 -3.32717635e-02
 -2.19095498e-01 -5.69129847e-02  6.18428253e-02  1.50619298e-01
 -1.53283747e-02 -8.07455033e-02  1.56955659e-01  1.55770062e-02
 -2.89621025e-01  3.67523022e-02  1.12069130e-01  2.81335950e-01
  1.90201923e-01  8.09096321e-02  1.44319860e-02 -1.70536876e-01
  1.70820341e-01 -2.17863083e-01  8.54458809e-02  1.12787403e-01
  1.20849505e-01  6.81953058e-02  1.41871069e-02 -1.98517412e-01
  2.85463035e-02  1.74555227e-01 -2.06842184e-01 -1.00064138e-02
  3.49698104e-02 -6.76935241e-02  1.44385314e-02 -7.00473711e-02
  2.57218689e-01  1.49188325e-01 -1.26800165e-01 -1.63375467e-01
  2.14340642e-01 -1.70028448e-01  4.83623892e-03  3.86834107e-02
 -9.31171924e-02 -1.65270969e-01 -3.17719966e-01 -4.21553180e-02
  4.18296099e-01  1.33431047e-01 -1.61440670e-01  4.34303246e-02
 -9.20812413e-02 -1.41577946e-03  5.82759194e-02  1.50967479e-01
 -6.02702908e-02  5.71385399e-02 -1.13834314e-01  8.11355840e-03
  2.85647750e-01 -5.19621484e-02  2.85676252e-02  1.83704853e-01
 -9.11194086e-03  6.06434233e-02  2.54813079e-02  5.05356155e-02
 -2.20722228e-01  8.55919730e-04 -1.73041135e-01 -7.63305649e-02
 -5.16315401e-02  3.19483392e-02 -2.40240693e-02  1.84653625e-01
 -2.15967461e-01  1.25339329e-01  1.60405748e-02 -4.16056812e-02
 -1.96927581e-02 -1.22545403e-03 -4.86205965e-02 -1.18065946e-01
  1.24128513e-01 -2.40860581e-01  1.50741741e-01  1.78074256e-01
 -2.50658626e-03  1.23000443e-01  1.03832416e-01  3.75041030e-02
 -1.31610071e-03 -4.72130515e-02 -2.48916864e-01 -1.07022999e-02
  1.31022200e-01 -1.02579199e-01  1.05939202e-01 -1.13421138e-02]