[-0.13204519  0.08418842  0.06195005 -0.07240709 -0.13406278 -0.02940969
 -0.09278344 -0.07375731  0.17216289 -0.06148734  0.17612037 -0.08441367
 -0.19883935 -0.02509387 -0.06300327  0.22432311 -0.1949365  -0.14088725
 -0.0080409   0.05736439  0.05943599 -0.0064607  -0.02809189  0.05505442
 -0.10793634 -0.42365    -0.10277858 -0.04765128 -0.01883146 -0.05063398
 -0.06544083  0.04882513 -0.20531654 -0.10835748  0.08126622  0.1606783
 -0.02773141 -0.11655009  0.1203838  -0.01977559 -0.29521495 -0.01066621
  0.14491421  0.25096992  0.19486831  0.06545561  0.00712277 -0.14668444
  0.18253326 -0.19836013  0.00189634  0.11563571  0.08081438  0.07395258
  0.02932121 -0.13421892  0.06254829  0.1706672  -0.19080813 -0.05136228
  0.06844341 -0.04124672  0.04778583 -0.11172222  0.26291409  0.10578173
 -0.09938075 -0.13736877  0.17644581 -0.101817   -0.0103463   0.02880868
 -0.14526094 -0.19578788 -0.30407026 -0.02648883  0.40743262  0.07853059
 -0.12835777  0.04786372 -0.04896369 -0.00763701  0.07382084  0.14348024
 -0.00421675  0.02547319 -0.06137794  0.00691867  0.29240769 -0.06217734
  0.06500965  0.151812   -0.01073419  0.04382158  0.01887156  0.04181438
 -0.13205941  0.06139493 -0.18551543 -0.02036353 -0.02762589 -0.01367132
  0.03022596  0.1456245  -0.19699633  0.0724239   0.05367401  0.00384254
  0.02491427 -0.00552669 -0.04889322 -0.10432402  0.11877396 -0.2155185
  0.19898352  0.14949957  0.0317224   0.13591428  0.06797614  0.08379667
 -0.01843445 -0.04999615 -0.18489011  0.00988217  0.10610969 -0.03621619
  0.05842801 -0.00677455]