[-0.08957382  0.16246417  0.11960264 -0.0851519  -0.13129888 -0.00179014
 -0.01512309 -0.08827467  0.15958057 -0.10365593  0.23349987 -0.11708706
 -0.24409175 -0.07160188 -0.01866649  0.23414545 -0.15452442 -0.17560707
 -0.01285877  0.02501751  0.04152818 -0.01157226 -0.00392658  0.08386043
 -0.16314425 -0.39159134 -0.11380006 -0.07569649  0.00053427 -0.09630466
 -0.05882322  0.1019645  -0.13685536 -0.04831932  0.03158733  0.14118446
 -0.04662096 -0.09412485  0.170249   -0.00977978 -0.31605956 -0.03771218
  0.12816249  0.277542    0.18132187  0.03351055  0.04849238 -0.07594661
  0.11336215 -0.24116591  0.08167846  0.12602533  0.09714428  0.07058487
  0.07839952 -0.1544769   0.02552882  0.11666105 -0.18694648 -0.02365985
  0.07182562 -0.09581047  0.05272856 -0.07506116  0.23621428  0.1083641
 -0.09658044 -0.12502232  0.20482197 -0.15348417 -0.05199186  0.07955759
 -0.13982843 -0.13926761 -0.34513888 -0.02205445  0.41461134  0.11501228
 -0.13009864  0.03536504 -0.04788544 -0.05156963  0.0536021   0.18454891
  0.00369922 -0.00745538 -0.09997504  0.01645844  0.24731646 -0.09385123
  0.0367386   0.18065974  0.01059895  0.03594816 -0.01023698  0.03486999
 -0.12002178  0.03574745 -0.11850496  0.0060718  -0.06056898 -0.02448486
 -0.04604222  0.15135062 -0.23252416  0.12320308  0.04611052 -0.03224996
 -0.03256895  0.00659233 -0.04933145 -0.0801089   0.13401248 -0.25049829
  0.12546882  0.18149076 -0.01086996  0.10578163  0.07819609  0.07354333
  0.03322877 -0.10989298 -0.18454441 -0.02694716  0.1003535  -0.093756
  0.02286116  0.03465657]