[-5.90479374e-02  1.55133471e-01  7.30926022e-02 -8.09819624e-02
 -1.39965042e-01 -2.60648783e-02 -1.16726652e-01 -7.59333298e-02
  1.75897256e-01 -2.79620346e-02  1.75345570e-01 -6.31495938e-02
 -2.20067292e-01 -2.87298020e-02 -6.00921772e-02  2.09274173e-01
 -2.37806037e-01 -1.93117782e-01  1.27216754e-02  5.12087904e-02
  6.53701574e-02  1.70421936e-02  2.39842366e-02  5.72148338e-02
 -1.75902545e-01 -4.48012590e-01 -9.44243595e-02 -6.20772839e-02
  1.78111698e-02 -6.97509050e-02 -4.91467379e-02  7.54428729e-02
 -2.17167780e-01 -6.31098449e-02  9.28470492e-02  1.46548390e-01
 -4.56844009e-02 -1.10496439e-01  1.41491368e-01 -2.04346050e-03
 -3.22418571e-01 -2.49637669e-04  1.39377281e-01  2.78106451e-01
  1.80827484e-01  5.90328388e-02  3.44238803e-02 -1.53673545e-01
  1.34347767e-01 -2.12413907e-01  4.79459725e-02  1.72742099e-01
  5.99594228e-02  7.08210841e-02  3.92733328e-02 -1.23729244e-01
  6.82638288e-02  1.69134483e-01 -2.19372794e-01 -3.88787352e-02
  8.94912481e-02 -4.60069664e-02  4.98400293e-02 -1.04542218e-01
  2.51844823e-01  9.67395827e-02 -7.82082677e-02 -1.42487839e-01
  1.46554410e-01 -1.31176889e-01 -3.78782563e-02  8.18372071e-02
 -1.09916352e-01 -1.79864794e-01 -3.00814837e-01 -6.53749779e-02
  4.04719085e-01  9.07894969e-02 -1.34538338e-01  6.65548667e-02
 -4.29296009e-02 -3.29962708e-02  6.62265718e-02  1.24958634e-01
 -6.38674274e-02  5.74331954e-02 -1.16865061e-01  4.45647351e-02
  3.09548467e-01 -7.23825917e-02  7.54800811e-02  1.81651697e-01
  1.57108419e-02  4.56964932e-02  3.94557603e-02  4.28915843e-02
 -1.55854091e-01  4.19643261e-02 -1.98430285e-01 -6.03830107e-02
 -2.56756376e-02  5.70724672e-03 -2.03780886e-02  1.49501890e-01
 -2.08079129e-01  8.05244073e-02  6.57917485e-02 -5.33127561e-02
  1.74844712e-02 -7.83011969e-03 -3.51349153e-02 -1.51201084e-01
  1.34406224e-01 -2.33831570e-01  1.71976238e-01  1.57114595e-01
  4.43394892e-02  1.24001324e-01  6.30651936e-02  6.37002513e-02
 -5.04964665e-02 -1.10029295e-01 -1.74261689e-01  1.24602504e-02
  1.22238219e-01 -6.24569915e-02  6.08581677e-02 -2.71997284e-02]