[-4.46364321e-02  1.20808877e-01  1.28664225e-01  1.83408577e-02
 -7.84069821e-02 -1.79901477e-02 -2.55645812e-02 -1.02706410e-01
  9.17393342e-02 -8.95199105e-02  2.39930868e-01 -3.51063460e-02
 -2.43287116e-01 -2.16880944e-02 -3.06462478e-02  1.29315674e-01
 -1.47474512e-01 -1.51321381e-01 -1.95146590e-01 -9.61336866e-02
 -6.17454760e-02  1.43637359e-02  1.88653765e-03 -9.31546018e-02
 -1.50083765e-01 -2.71930605e-01 -7.75525570e-02 -5.64779155e-02
  4.75373752e-02 -8.37340280e-02 -1.50621182e-03  4.95937206e-02
 -1.74610794e-01 -5.18110953e-02  9.17727035e-03  1.46617749e-04
 -1.41585115e-02 -3.77861820e-02  1.87027261e-01  1.38696423e-02
 -1.88141555e-01  3.41600291e-02  9.71497688e-03  2.52985209e-01
  2.50135601e-01  4.92217252e-03 -2.66479850e-02 -9.75996479e-02
  7.93621317e-02 -2.89209872e-01  2.75245737e-02  1.46108091e-01
  1.09802797e-01  9.81738791e-02  5.09728193e-02 -1.15430295e-01
 -3.00622638e-02  1.40131578e-01 -1.17434263e-01 -1.45736267e-03
  3.31758894e-02 -1.22706071e-01 -3.90442684e-02 -1.21435262e-01
  1.30814001e-01  1.03323460e-01 -6.38318658e-02 -1.30426750e-01
  1.76912367e-01 -9.87505838e-02 -6.11545220e-02  4.72411141e-02
 -9.03633386e-02 -1.05456553e-01 -3.20236892e-01  3.00756246e-02
  3.86874706e-01  8.77042934e-02 -1.60235688e-01 -2.24524494e-02
 -8.76191705e-02 -2.81539559e-02 -2.23050099e-02 -1.61142256e-02
 -1.22449994e-01 -7.70576224e-02 -4.26646061e-02  6.09064363e-02
  2.18424112e-01 -8.16683918e-02 -1.33896992e-02  1.27174661e-01
 -6.53862059e-02  1.31452235e-03  1.13708563e-02  3.53812091e-02
 -8.28897879e-02  1.84797179e-02 -1.13936536e-01  2.33839313e-03
  6.76607490e-02 -1.07510306e-01  2.81969253e-02  1.32285476e-01
 -1.77658752e-01  1.34657174e-01 -8.81900080e-03 -3.00420262e-02
  5.60703352e-02 -1.61794238e-02 -1.77456755e-02  6.38784328e-03
  2.17650607e-01 -2.16136485e-01  2.28397489e-01  2.16035128e-01
 -4.35391106e-02  8.36060643e-02  6.29223436e-02  5.83166964e-02
 -7.72825405e-02  2.90041417e-02 -1.77282080e-01 -1.02519251e-01
  3.36247757e-02 -1.68802291e-02 -2.70224153e-03  4.46964614e-02]