[-0.02124382  0.11754539  0.08229272 -0.00261817 -0.05361615 -0.04723491
  0.01637769 -0.11229979  0.08231675  0.04055684  0.30759612 -0.03080767
 -0.23547862 -0.14934061 -0.04828627  0.09248599 -0.12816702 -0.05629659
 -0.16970314  0.00972994  0.04697861  0.00895347  0.06207423 -0.0106558
 -0.08846381 -0.27448496 -0.05992157 -0.05646343  0.02304629 -0.12668546
  0.00942245  0.06710161 -0.19696753 -0.1215964  -0.02142033  0.02401958
 -0.06359048 -0.02766959  0.17244963  0.02833626 -0.17854814  0.0594385
  0.02713975  0.23565142  0.29406184  0.01470902 -0.04867696 -0.0732603
  0.09333096 -0.28182229  0.03958466  0.14862734  0.16266848  0.06646353
  0.10329012 -0.06500305 -0.03062464  0.11551598 -0.16913049 -0.0183903
 -0.00408295 -0.07847875 -0.02620023 -0.14052083  0.04575284  0.08671548
 -0.0465006  -0.07595647  0.11161872 -0.13838711 -0.0853947   0.0926592
 -0.08760154 -0.15501964 -0.32861802  0.02662786  0.29094586  0.11297487
 -0.2317258  -0.03941974 -0.039018   -0.01789381  0.0212282  -0.04643479
 -0.05160115 -0.0209025  -0.09636457 -0.00639635  0.13816153 -0.08840769
 -0.01152527  0.23027919 -0.03145438 -0.00078653  0.07397835  0.00419226
 -0.01888979  0.02881071 -0.17607449  0.00556161  0.04353235 -0.11901446
  0.00828472  0.02376441 -0.14097935  0.08065737  0.03190136 -0.010262
  0.0336087  -0.1000582  -0.08750875  0.0040397   0.19886628 -0.21745077
  0.25682312  0.15465358 -0.06356125  0.05196995  0.06333193  0.06525102
 -0.08793494 -0.02711799 -0.06631057 -0.08662283  0.07233833 -0.01965006
  0.02599522 -0.02284809]