[-8.08828790e-03  6.38934746e-02  1.06764464e-02  6.37107063e-03
 -4.18354906e-02 -5.06960824e-02  3.38794366e-02 -1.14297830e-01
  9.25514325e-02 -2.58013997e-02  2.01418757e-01 -6.32733181e-02
 -1.89585969e-01 -1.47403464e-01 -2.39314176e-02  1.20491497e-01
 -1.45762056e-01 -8.04616585e-02 -1.31335750e-01 -3.80147398e-02
  3.63235995e-02  4.45991941e-03  2.05788147e-02 -2.00878959e-02
 -5.15872799e-02 -3.38766605e-01 -5.22702932e-02 -3.65443677e-02
  2.98340209e-02 -4.27022055e-02  1.60436686e-02  1.57634124e-01
 -1.89812928e-01 -5.86006045e-02  2.73801144e-02  7.51051828e-02
 -9.63674709e-02 -4.84864675e-02  1.71370074e-01  6.02405146e-02
 -1.48040920e-01  4.29887883e-02  2.07817834e-02  2.61868000e-01
  2.73692369e-01  1.58806899e-04  2.40466022e-03 -7.04478845e-02
  1.53580785e-01 -2.22069308e-01  4.31195972e-03  1.65545762e-01
  8.62342641e-02  5.19022010e-02  8.45792964e-02 -4.64976542e-02
 -6.53815363e-03  9.55407992e-02 -1.63828120e-01 -1.33462697e-02
  2.60506626e-02 -9.90154147e-02 -8.07380006e-02 -1.12298802e-01
  7.34713003e-02  1.01135328e-01 -3.59287634e-02 -1.38523489e-01
  1.30710229e-01 -1.72952726e-01 -7.54227638e-02  4.18073162e-02
 -1.05787158e-01 -1.40018508e-01 -2.62658060e-01  1.22896601e-02
  3.52557659e-01  9.60874557e-02 -1.49860248e-01  1.43760638e-02
 -9.01492964e-03 -3.21025401e-02  1.33776188e-01  3.85133363e-02
 -4.97551970e-02 -3.39113772e-02 -8.42541084e-02 -2.13229665e-04
  1.85011134e-01 -5.97620420e-02 -6.42193332e-02  1.81464359e-01
 -5.25801554e-02 -1.16802100e-02  4.43885550e-02 -6.25788718e-02
 -3.20744105e-02  5.33646606e-02 -1.58602059e-01 -7.47412071e-02
  6.69160709e-02 -1.38108522e-01  3.81265441e-03  4.39154468e-02
 -1.33573368e-01  1.10085689e-01  3.84534895e-03  6.64317533e-02
  7.40707293e-02 -9.17372033e-02 -1.16186552e-01  2.29042359e-02
  1.40452176e-01 -1.90608636e-01  2.15985402e-01  1.22179352e-01
 -2.79720780e-02  7.31865093e-02  7.78133795e-02  8.10137764e-02
 -4.78599742e-02 -2.72234734e-02 -1.33692965e-01 -7.01761320e-02
  5.55073917e-02  8.26096311e-02  1.68769304e-02 -4.84748110e-02]