[-0.00429035  0.07855188  0.00719221 -0.00392904 -0.06048619 -0.07081445
  0.01999909 -0.11672622  0.07326774  0.00509894  0.30637631 -0.0583616
 -0.19149569 -0.15879901 -0.02150469  0.09199881 -0.14250961 -0.01869563
 -0.11298962  0.01308766  0.02728741 -0.06338371  0.09373084  0.02095624
 -0.04176705 -0.30903089 -0.05731164 -0.05356082  0.0526813  -0.10535892
 -0.03368174  0.16766469 -0.19158806 -0.10510124  0.02310487  0.09875824
 -0.0804297  -0.01408346  0.2125567   0.00255494 -0.13424042  0.05822163
  0.01340346  0.23716509  0.28965923 -0.00036319 -0.02092985 -0.05778334
  0.14348762 -0.21960144 -0.00229813  0.18354921  0.12391386  0.0538298
  0.04435044 -0.03522322  0.02944135  0.11087102 -0.17080672 -0.0140077
  0.02637426 -0.11886033 -0.05774484 -0.08662758  0.09507953  0.10476535
 -0.04688139 -0.09988064  0.1310907  -0.13166085 -0.06143906  0.06312604
 -0.15289214 -0.18118338 -0.23533383  0.0363917   0.30004266  0.13102941
 -0.186024    0.02418066 -0.01426904 -0.04590583  0.0719945   0.03307525
 -0.04704411 -0.02174515 -0.09729815  0.02927503  0.14207532 -0.07929571
 -0.02635216  0.20796154 -0.0475913   0.04592711  0.07557317 -0.04322272
 -0.01294671  0.0372962  -0.20322655 -0.03404002  0.06776164 -0.16594879
  0.00317557  0.03754603 -0.1408072   0.08312247 -0.01614645  0.04367254
  0.0550162  -0.10287901 -0.05997057  0.01702964  0.146461   -0.20149969
  0.28623119  0.1458665  -0.01057834  0.05410625  0.07569464  0.07266339
 -0.01683331 -0.03177956 -0.09182609 -0.07039354  0.06131398  0.03044647
  0.03855156 -0.06373682]