[ 2.92572007e-03  1.56190395e-01  7.80512467e-02 -8.54920875e-03
 -5.08446768e-02 -5.50885387e-02  1.34221138e-02 -1.43989190e-01
  7.72536322e-02  6.54159710e-02  3.33268225e-01 -5.47587089e-02
 -2.34564498e-01 -1.48666576e-01 -4.11160253e-02  8.84006843e-02
 -1.34975702e-01 -4.98447046e-02 -1.11133419e-01  3.47725041e-02
  6.68798313e-02  1.21876970e-02  8.87468830e-02 -1.80194415e-02
 -5.66542260e-02 -2.78932959e-01 -8.12056884e-02 -5.48347831e-02
  5.51223643e-02 -1.17738657e-01  1.17543070e-02  8.79290029e-02
 -2.02895269e-01 -1.14513338e-01  2.00830586e-02  1.25039844e-02
 -6.49568737e-02 -6.54083639e-02  1.84688926e-01  2.46769190e-03
 -1.44264892e-01  6.52475953e-02  3.03229932e-02  2.28380442e-01
  2.61419773e-01 -2.16140430e-02 -4.94697457e-03 -1.08596861e-01
  5.95100299e-02 -2.07057402e-01  6.22784086e-02  1.44824326e-01
  1.70270488e-01  5.71529046e-02  7.34917447e-02 -8.98746848e-02
 -2.13765856e-02  1.12374417e-01 -1.73579112e-01  1.47870189e-04
  2.53672097e-02 -4.91602197e-02 -5.47714010e-02 -1.10424891e-01
  8.23353752e-02  8.36732611e-02 -6.04579411e-02 -1.28803268e-01
  9.48903859e-02 -1.02955572e-01 -8.85284767e-02  1.05088733e-01
 -1.37082458e-01 -1.52428076e-01 -2.82471716e-01  2.97586527e-02
  3.10966581e-01  6.15674555e-02 -2.50905424e-01  1.41491955e-02
 -3.96123268e-02 -2.35987194e-02  2.52683945e-02  1.67398416e-02
 -3.87691073e-02 -4.82332846e-03 -8.97943899e-02  1.43854860e-02
  1.37759686e-01 -1.05151057e-01 -6.32026941e-02  2.40218118e-01
 -4.54850756e-02  1.86320357e-02  7.11126700e-02 -2.86244694e-02
  3.23547684e-02  3.53273526e-02 -1.57245263e-01 -2.26907972e-02
  4.49026376e-02 -1.12387910e-01 -3.79172340e-02  5.07090949e-02
 -1.56243265e-01  6.83081225e-02  4.85528745e-02  1.72928367e-02
  4.87010740e-02 -1.24939315e-01 -7.08683059e-02  8.93794466e-03
  1.81995973e-01 -2.73821414e-01  2.77133942e-01  1.28699392e-01
 -2.82476302e-02  4.77125607e-02  5.25655746e-02  5.98657839e-02
 -2.23456114e-03 -3.01524606e-02 -8.11587498e-02 -5.22133112e-02
  8.37805197e-02 -6.05141744e-03  2.32750159e-02 -2.99563911e-02]