[-0.00160053  0.06945058  0.00046734  0.01458195 -0.02766237 -0.06929975
  0.01811099 -0.13220316  0.08385994 -0.02295302  0.24316517 -0.06785401
 -0.16188984 -0.15851498 -0.02516838  0.10745267 -0.16680314 -0.06585167
 -0.09647518  0.01140355  0.0463266  -0.04764039  0.0508135   0.01512797
 -0.02090874 -0.31016827 -0.08367294 -0.05124373  0.0715741  -0.03281772
 -0.02026187  0.14661677 -0.20591877 -0.09161424  0.02728781  0.09500681
 -0.04971343 -0.02692227  0.16967355  0.00748912 -0.14037123  0.05556001
  0.0212987   0.24783997  0.28364503 -0.00116777 -0.00157627 -0.09917405
  0.14327089 -0.17008071 -0.01156987  0.16405667  0.11168651  0.05961397
  0.04092804 -0.04818603  0.02103291  0.11524954 -0.14667562 -0.00747673
  0.01702657 -0.08994559 -0.05134096 -0.08682388  0.09495727  0.08576673
 -0.03763736 -0.15579952  0.14397864 -0.15666968 -0.07545722  0.05765603
 -0.13719022 -0.13602933 -0.27218464 -0.00498463  0.33914804  0.07566406
 -0.16851324  0.04729825 -0.02262969 -0.04239921  0.10946184  0.06875774
 -0.04376668 -0.01240874 -0.10586675  0.01197904  0.18000951 -0.0712795
 -0.02769025  0.17280994 -0.06114781  0.01599063  0.05907244 -0.02959672
 -0.01525884  0.06151545 -0.19552508 -0.06921083  0.05949871 -0.13361046
 -0.00785747  0.05776131 -0.14791965  0.07399581  0.00368227  0.06525008
  0.06804592 -0.10104684 -0.07461365  0.02217213  0.14632219 -0.19383429
  0.23855929  0.13381857 -0.01254789  0.05265273  0.07065219  0.09334698
 -0.04168963 -0.04548801 -0.14204621 -0.04395038  0.0477662   0.05537002
  0.01722172 -0.0538101 ]