[-0.02198769  0.13931538  0.09118597 -0.00585693 -0.04592818 -0.02910658
  0.01999853 -0.11508345  0.09630718  0.04851457  0.32603264 -0.04857181
 -0.24557845 -0.13989878 -0.04512749  0.10064264 -0.1184774  -0.07796472
 -0.17493497  0.0059648   0.04327229  0.00281526  0.04452659 -0.01800684
 -0.09478515 -0.29938588 -0.0664721  -0.06988846  0.01501306 -0.15047383
  0.01145533  0.05269001 -0.20285967 -0.10164353 -0.01357285  0.01388934
 -0.05416748 -0.02764438  0.17132667  0.04444341 -0.19277616  0.04790851
  0.00932483  0.23994374  0.26847717  0.0173645  -0.04029005 -0.09420266
  0.04998185 -0.24227826  0.03399103  0.16193639  0.13753541  0.06413768
  0.07940771 -0.06343336 -0.03088178  0.09592404 -0.18325852 -0.01799098
  0.03732401 -0.12325127 -0.05031032 -0.13649428  0.05919493  0.09589451
 -0.04580289 -0.10933618  0.12416036 -0.14257538 -0.0876346   0.07563955
 -0.08215468 -0.15341964 -0.33702615  0.03523714  0.32085904  0.09872245
 -0.25059029 -0.04127872 -0.05517919 -0.0104413   0.04627924 -0.02275117
 -0.04724572 -0.01906115 -0.09824165 -0.00923125  0.14866297 -0.08895619
 -0.00426203  0.20277329 -0.05469326 -0.0054412   0.07166499 -0.00064441
 -0.01899578  0.04141681 -0.15394107  0.02083715  0.00839189 -0.1173287
  0.00163716  0.02936396 -0.13895135  0.06945585  0.04679707 -0.0408454
  0.0228758  -0.08560082 -0.08022814 -0.03009153  0.20270143 -0.2430867
  0.26001239  0.17526822 -0.04269295  0.05622953  0.06668802  0.09236046
 -0.08075985 -0.02138565 -0.09211832 -0.07406213  0.05498829 -0.00869165
  0.01231029 -0.02940881]