[-0.00912332  0.11863001  0.06272195  0.00508908 -0.07400457 -0.02662484
  0.00473939 -0.10496389  0.08519878  0.05890944  0.31670743 -0.03814033
 -0.25008789 -0.12651707 -0.06138954  0.09356075 -0.15536146 -0.01841873
 -0.15675364  0.02055243  0.02351818  0.02427623  0.09051336 -0.02262719
 -0.07956202 -0.29645666 -0.06935606 -0.04590423  0.04149016 -0.12680486
  0.02022882  0.09071229 -0.20424843 -0.14394622  0.00861726  0.04800655
 -0.08420001 -0.0394875   0.18442753  0.03255561 -0.15953879  0.07259935
  0.05389438  0.26597816  0.3047533   0.01344944 -0.05138645 -0.04294838
  0.09130971 -0.27210191  0.05567865  0.14198604  0.19706883  0.07550285
  0.11143102 -0.07158233 -0.03173141  0.15486918 -0.16086133 -0.00670818
 -0.00643099 -0.05083183  0.02012145 -0.10664474  0.08408358  0.08116761
 -0.06311844 -0.07127418  0.10563304 -0.11505687 -0.075129    0.08754937
 -0.11067953 -0.15863559 -0.32373947  0.03243718  0.2987856   0.09117606
 -0.22833423 -0.03421491 -0.01991391 -0.04286733  0.00201988 -0.00596709
 -0.04106523 -0.02791934 -0.0828371  -0.01091076  0.14414118 -0.08542066
 -0.046954    0.2488697  -0.04069317 -0.01478552  0.08515971 -0.00913623
 -0.02318766  0.00994528 -0.18668054 -0.01906194  0.03312167 -0.13839754
 -0.00701548  0.0392633  -0.14564525  0.08050006  0.03288441  0.00720076
  0.04484177 -0.1014837  -0.08594063  0.01618996  0.2141577  -0.25961912
  0.28619313  0.13919993 -0.0702675   0.05911063  0.06276895  0.05582159
 -0.0451542  -0.00195937 -0.03981879 -0.1031452   0.05437564 -0.02321767
  0.04318117 -0.01721539]