[-0.00968429  0.14838322  0.08965492 -0.00233932 -0.00989352 -0.01880741
  0.02406193 -0.15948269  0.09263276  0.0131093   0.3610563  -0.07140973
 -0.25893909 -0.18146072 -0.0309007   0.11658098 -0.14699134 -0.0625661
 -0.11436307  0.01793288  0.06019507 -0.0111513   0.04825408 -0.02175639
 -0.07254256 -0.3120265  -0.07417891 -0.06295251  0.03477895 -0.09608013
 -0.01136943  0.09620209 -0.15628028 -0.09834147 -0.01416659  0.0016823
 -0.02836609 -0.06301644  0.17086776 -0.00282948 -0.16522005  0.04419065
 -0.00876977  0.23042284  0.21486394 -0.00731172  0.01059306 -0.11387252
  0.05563691 -0.19889082  0.03348937  0.14642583  0.13958496  0.03985037
  0.05179111 -0.09888356 -0.04937946  0.09260141 -0.16765463 -0.03481825
  0.03131723 -0.0610358  -0.03595666 -0.11657365  0.08709483  0.10746603
 -0.06053303 -0.12291463  0.12336983 -0.09401459 -0.08958888  0.05239144
 -0.13808845 -0.16013351 -0.30748019  0.04521003  0.29879791  0.08905144
 -0.24557172 -0.01177417 -0.06787543  0.00724692  0.07901356  0.01464555
 -0.04786373  0.00748836 -0.09569295 -0.012873    0.13009124 -0.09050603
 -0.06312761  0.23313232 -0.04549411  0.00796507  0.07135694 -0.0194747
  0.00941317  0.0600147  -0.16435085 -0.00905132  0.0697032  -0.07980484
  0.00815493  0.07233887 -0.14598362  0.07014658  0.03905768  0.02549073
  0.07574319 -0.0871712  -0.07825346 -0.0212813   0.18022059 -0.23889795
  0.21115999  0.14437203 -0.00135428  0.07020056  0.09627086  0.07705734
 -0.03441998 -0.04242937 -0.1200554  -0.04788167  0.11072668  0.01856126
  0.02497435 -0.02709351]