[ 3.77331977e-03  1.17943458e-01  8.81143883e-02 -3.87634314e-03
 -5.75332232e-02 -2.32098009e-02  4.42467644e-05 -1.10212877e-01
  7.32101649e-02  5.05838655e-02  3.33790600e-01 -4.33903672e-02
 -2.46676683e-01 -1.17477976e-01 -6.72172680e-02  8.34613666e-02
 -1.66145116e-01 -2.37454753e-02 -1.55299276e-01  2.21273992e-02
  2.94372495e-02  2.90185511e-02  8.05828795e-02 -2.92320680e-02
 -8.00646394e-02 -2.81222671e-01 -6.96924254e-02 -4.20734845e-02
  4.84464131e-02 -1.38711646e-01  2.83207037e-02  7.61817694e-02
 -1.97358161e-01 -1.21816933e-01  4.40610951e-04  3.55256200e-02
 -7.69406781e-02 -6.04208373e-02  1.94106504e-01  3.85094695e-02
 -1.61314711e-01  8.27591568e-02  4.26306017e-02  2.70737290e-01
  3.03874433e-01  5.41442772e-03 -5.79845309e-02 -4.45726216e-02
  8.16284940e-02 -2.73980230e-01  5.74058779e-02  1.47213846e-01
  1.89541832e-01  7.34726787e-02  9.40564796e-02 -7.59287998e-02
 -3.54842655e-02  1.43063590e-01 -1.64178401e-01 -4.93703736e-03
  7.85807520e-03 -5.80513552e-02  2.91131884e-02 -1.07171968e-01
  7.33010694e-02  8.58203694e-02 -6.76402301e-02 -7.46585652e-02
  1.00377791e-01 -1.19819477e-01 -7.98988268e-02  8.63891691e-02
 -1.11667313e-01 -1.47524029e-01 -3.08070540e-01  2.54818331e-02
  3.09786618e-01  8.29620659e-02 -2.30731040e-01 -3.76532786e-02
 -2.82517616e-02 -4.40597199e-02  1.13749588e-02 -2.43130955e-03
 -3.97938825e-02 -2.30756570e-02 -7.53356814e-02 -5.15581900e-03
  1.52040750e-01 -7.67917261e-02 -5.55276871e-02  2.49792248e-01
 -4.18185815e-02 -2.54990701e-02  9.38784704e-02 -2.08870675e-02
 -3.71408020e-03  1.37635497e-02 -1.80621207e-01 -2.56182184e-03
  7.94216152e-03 -1.41027391e-01 -1.03015732e-02  4.01631109e-02
 -1.48054585e-01  8.95466879e-02  4.53033969e-02 -1.29561860e-03
  5.08723930e-02 -9.95038673e-02 -8.76596421e-02  1.76980700e-02
  2.23780155e-01 -2.69373178e-01  2.73649901e-01  1.43785760e-01
 -4.08757627e-02  5.67015223e-02  6.41810521e-02  6.10722974e-02
 -4.28752303e-02 -2.68116593e-04 -4.70156372e-02 -9.75733325e-02
  4.07378562e-02 -1.87626500e-02  5.35740256e-02 -1.55029548e-02]