[ 0.00066725  0.0640417   0.00895357  0.01032203 -0.036346   -0.06832476
  0.00825911 -0.13774674  0.08311714 -0.02916087  0.24863425 -0.06609827
 -0.16271229 -0.16203128 -0.02791202  0.10768022 -0.16834405 -0.06495541
 -0.09158459  0.01012348  0.038775   -0.04883409  0.0365031   0.01408045
 -0.01297464 -0.31332231 -0.08676197 -0.04827105  0.07215241 -0.03572609
 -0.02421578  0.14475293 -0.20269874 -0.09184163  0.03232158  0.09118692
 -0.05438237 -0.03148354  0.16232206  0.00368369 -0.13945055  0.05367014
  0.02064212  0.24766651  0.28429994  0.00241451  0.00200604 -0.11517586
  0.15267234 -0.16488101 -0.00766849  0.16327898  0.10842139  0.05062504
  0.04366724 -0.04965876  0.0179684   0.11597643 -0.1535625  -0.00931818
  0.01968417 -0.09352966 -0.06457637 -0.08701191  0.09255332  0.09356921
 -0.0341308  -0.16799019  0.15709193 -0.16248266 -0.07971057  0.05883744
 -0.13363543 -0.13382964 -0.27783218 -0.01404536  0.34243488  0.07496209
 -0.17173128  0.04670515 -0.02017494 -0.04278207  0.11954504  0.0740913
 -0.04424132 -0.01231858 -0.10392282  0.01511631  0.1820011  -0.06880659
 -0.02386475  0.17110847 -0.0540655   0.00939941  0.06265167 -0.02978193
 -0.01485602  0.05706239 -0.20486176 -0.08200445  0.06743091 -0.11732723
 -0.00340212  0.06368014 -0.15186629  0.0789273   0.00694993  0.06187912
  0.07085726 -0.12076016 -0.06773985  0.0259054   0.14876831 -0.1965735
  0.22998755  0.12416922  0.00126468  0.0517091   0.0661268   0.08120749
 -0.04234226 -0.06675573 -0.14979787 -0.04032543  0.04395588  0.05345303
  0.01930116 -0.05904296]