[-0.00526823  0.1145761   0.02499379 -0.00601489 -0.02119387 -0.08155756
  0.01251988 -0.14981034  0.09149577 -0.0435993   0.27507851 -0.04379322
 -0.21444419 -0.18361972  0.00788639  0.09620934 -0.17440562 -0.09315498
 -0.11084417  0.01636802  0.08075975 -0.00452656  0.10918266 -0.00359315
 -0.05849168 -0.35794225 -0.08157257 -0.06572645  0.06061099 -0.05895103
 -0.03507411  0.07932202 -0.18569551 -0.09904449  0.03401905  0.02449132
 -0.09157285 -0.05035034  0.21254764 -0.00319826 -0.16287558  0.01895695
 -0.00468919  0.26464888  0.26797754  0.0295803   0.01343925 -0.1028095
  0.05949444 -0.19063579  0.05631825  0.16302972  0.12527668  0.01601545
  0.09449726 -0.05012476 -0.02580771  0.12336644 -0.1508085  -0.02641237
  0.04664603 -0.06138442 -0.06508712 -0.10510265  0.13260713  0.06839551
 -0.0661101  -0.11290789  0.14256398 -0.1263921  -0.1047194   0.04006097
 -0.13008808 -0.17401183 -0.24591808 -0.02096722  0.3123112   0.11330855
 -0.20076847  0.01032836 -0.05064684 -0.01335453  0.11696712  0.01231678
 -0.07271168 -0.00815477 -0.10479447  0.03267475  0.15279588 -0.08282582
 -0.07364424  0.19849265 -0.04180744 -0.01098235  0.06631994 -0.06968726
 -0.00096602  0.07214393 -0.21514645 -0.0539795   0.10542046 -0.09208928
 -0.01372959  0.0965377  -0.15875228  0.06666519  0.02591975  0.01550696
  0.08692224 -0.09917685 -0.13919032 -0.0218301   0.13075572 -0.22491002
  0.22591467  0.16876069  0.01983324  0.07168778  0.0766845   0.03350024
 -0.00353175 -0.0562199  -0.19281937 -0.05916369  0.11991316  0.06412636
  0.07055617 -0.04392787]