[ 0.0033976   0.16353545  0.09427901  0.00916579 -0.07039752 -0.05143189
  0.00682091 -0.15376332  0.07582279  0.04894243  0.34546432 -0.04804526
 -0.24591215 -0.13550393 -0.02946538  0.08343957 -0.13221966 -0.06043223
 -0.09907259  0.03679642  0.06248692  0.01933744  0.09677761 -0.01756185
 -0.054738   -0.3035191  -0.08848619 -0.03484277  0.0587279  -0.11229717
  0.0114194   0.09784671 -0.20218821 -0.11611789  0.02325667  0.02538063
 -0.07545393 -0.07357591  0.19587901 -0.00869963 -0.14032285  0.04472099
  0.02412662  0.24041474  0.25368738 -0.02280549  0.00376751 -0.1075964
  0.03891743 -0.19733483  0.05434958  0.15249957  0.16259329  0.05931259
  0.06130498 -0.1009627  -0.02736839  0.12338348 -0.17716049 -0.00835165
  0.01825801 -0.06070592 -0.04609034 -0.12235021  0.10408564  0.08701262
 -0.05726373 -0.13733821  0.09691694 -0.11116121 -0.09991757  0.10472005
 -0.14958858 -0.15353011 -0.28767344  0.01572233  0.31412753  0.05202171
 -0.25237963  0.00149222 -0.01680008 -0.03531617  0.02353913  0.03327918
 -0.03862453 -0.00364097 -0.0954557   0.02504493  0.14432439 -0.09636166
 -0.07576036  0.23378937 -0.04114137  0.01851     0.08945479 -0.0236234
  0.03471565  0.0376164  -0.17586054 -0.01941301  0.0308977  -0.11031199
 -0.04355782  0.06338473 -0.14754006  0.07801954  0.04292974  0.0124267
  0.0423006  -0.13966314 -0.08125214  0.00413707  0.19621634 -0.28044677
  0.26704389  0.13409849 -0.02832863  0.06525516  0.04091806  0.06627853
 -0.00985399 -0.02945614 -0.09732936 -0.04873831  0.08222634 -0.01948937
  0.03480906 -0.03141015]