[ 2.85286317e-03  1.38381884e-01  7.13724196e-02 -2.29220074e-02
 -5.12110163e-03 -1.43907694e-02  3.39402072e-02 -1.43349946e-01
  9.18147191e-02  2.81297248e-02  3.60980004e-01 -6.93530291e-02
 -2.49054477e-01 -1.80288717e-01 -2.94622015e-02  1.12116121e-01
 -1.47956073e-01 -5.12945652e-02 -1.15034454e-01  2.19249018e-02
  6.92440197e-02 -2.29773615e-02  5.37828207e-02 -1.64692979e-02
 -7.23366365e-02 -3.19244623e-01 -8.70928019e-02 -6.56734258e-02
  3.40094231e-02 -1.05427854e-01  7.84307998e-03  9.76244956e-02
 -1.60144985e-01 -8.97437185e-02 -2.03499361e-03  5.02324337e-03
 -4.54866327e-02 -7.63467178e-02  1.69856355e-01 -1.55572444e-02
 -1.61617681e-01  6.36531189e-02  1.28706070e-02  2.37502486e-01
  2.26753637e-01 -3.92740546e-03  4.20203200e-03 -9.96103808e-02
  6.02537878e-02 -2.02716276e-01  6.15949295e-02  1.38094351e-01
  1.33375868e-01  3.58201936e-02  7.77393505e-02 -8.92926678e-02
 -3.32906693e-02  1.02184273e-01 -1.83630347e-01 -3.56399789e-02
  1.67184249e-02 -4.57200781e-02 -4.47371714e-02 -1.14890635e-01
  6.90165088e-02  1.20945632e-01 -5.97950928e-02 -1.28124982e-01
  1.23049729e-01 -1.01069503e-01 -7.42103904e-02  5.36506176e-02
 -1.54514819e-01 -1.76318541e-01 -2.95843184e-01  5.30527048e-02
  3.18062931e-01  1.04376972e-01 -2.35113218e-01  1.35914451e-02
 -3.94677408e-02  4.86488035e-03  9.23303068e-02  1.46845644e-02
 -4.69994619e-02  5.16338681e-04 -9.00472924e-02  8.29062052e-03
  1.22650027e-01 -9.00282040e-02 -8.07455778e-02  2.32230887e-01
 -5.63679636e-02 -6.12780405e-03  7.24381357e-02 -3.61933373e-02
  2.39097308e-02  6.35885522e-02 -1.79080054e-01 -1.46924052e-02
  7.31749162e-02 -8.22778195e-02 -8.23671650e-03  6.87442273e-02
 -1.52706355e-01  6.27571344e-02  5.12658134e-02  2.29865070e-02
  7.28683248e-02 -8.33450630e-02 -9.04615447e-02 -8.77293106e-03
  1.72365576e-01 -2.56928831e-01  2.25283548e-01  1.41716421e-01
  2.86549330e-05  6.39852658e-02  9.40678865e-02  6.39671385e-02
 -3.72210704e-03 -4.93770801e-02 -1.26115024e-01 -3.91497426e-02
  1.10402964e-01  3.05614900e-02  3.16976905e-02 -3.28813791e-02]