[-1.17239133e-01  5.76463938e-02  4.03490551e-02 -4.31752019e-02
 -4.77676503e-02 -6.46075681e-02  6.72204122e-02 -1.09429754e-01
  1.19451761e-01  7.23722670e-03  2.56699502e-01 -5.82942478e-02
 -2.37610534e-01 -1.29093483e-01 -2.46016085e-02  1.02731764e-01
 -1.67219222e-01 -1.04204416e-01 -1.38644218e-01 -1.07080214e-01
 -1.15904771e-03  2.51803435e-02  2.52194447e-03 -1.19988564e-02
 -7.25746974e-02 -2.80046761e-01 -4.88675609e-02 -9.36420113e-02
  1.52625088e-02 -5.88569641e-02  4.06123511e-02  1.14443950e-01
 -1.94476545e-01 -9.25613716e-02 -1.04013644e-02  5.75142466e-02
 -6.31325170e-02 -5.15684374e-02  1.91506788e-01  1.19898496e-02
 -1.15312122e-01 -4.24846783e-02  7.00880438e-02  2.84711868e-01
  2.37902805e-01  1.50726661e-02 -3.31753902e-02  1.01121108e-03
  1.06012486e-01 -2.60707140e-01  9.85782500e-03  1.49053290e-01
  1.70142412e-01  7.23429546e-02  1.11058891e-01 -1.26537606e-01
 -2.15940531e-02  7.53333867e-02 -1.31377697e-01 -3.15861334e-03
 -1.30309807e-02 -7.18573928e-02 -2.41234805e-02 -1.32257432e-01
  1.83425918e-01  9.59854946e-02 -6.81047961e-02 -6.68381006e-02
  1.51987985e-01 -9.94049758e-02 -9.66789201e-02  6.16357885e-02
 -1.34955332e-01 -1.38054118e-01 -2.64941514e-01  4.60280292e-02
  3.56266081e-01  6.87297732e-02 -1.65306732e-01 -2.15214547e-02
 -6.61761910e-02 -4.53016497e-02  5.15520535e-02 -1.70744639e-02
 -7.20048100e-02 -2.93498579e-02 -9.85827371e-02 -5.37313055e-03
  1.88938379e-01 -7.36451223e-02 -7.53520504e-02  1.45009235e-01
 -5.98839186e-02 -2.38095056e-02  2.18589250e-02 -2.51207687e-02
 -1.40069248e-02  7.18976185e-02 -1.12496734e-01 -3.75293203e-05
  9.96275842e-02 -1.48455724e-01  9.20018926e-03  5.41966856e-02
 -1.46260455e-01  7.51394406e-02  4.20605913e-02  2.49473527e-02
 -5.59424143e-03 -5.64472079e-02 -9.27935243e-02  3.60959321e-02
  1.73600122e-01 -2.31921360e-01  2.76168436e-01  1.50654659e-01
 -8.66041407e-02  1.18889526e-01  1.37707414e-02  6.78197369e-02
 -5.82740679e-02  3.56333633e-03 -8.91407356e-02 -1.14696100e-01
  5.91011308e-02  4.76648584e-02  4.24633734e-02  3.67890261e-02]