[-4.46023196e-02  8.62275586e-02  7.72489160e-02  1.10891466e-04
 -5.04958406e-02 -7.20814019e-02 -1.61375161e-02 -1.65641457e-01
  9.92822349e-02 -2.81673614e-02  2.18826160e-01 -2.75522452e-02
 -2.13569984e-01 -1.02434032e-01  1.58759635e-02  1.45609125e-01
 -1.45576954e-01 -9.65947434e-02 -4.98556904e-02  1.51391868e-02
  6.27955422e-02  3.32880057e-02  5.31316064e-02 -2.80807372e-02
 -6.19064458e-02 -3.44191462e-01 -1.32164612e-01 -5.59152663e-02
  1.32106338e-02 -4.49978486e-02 -4.02444489e-02  8.22569430e-02
 -1.75271675e-01 -1.00897990e-01  7.88606554e-02  2.46925261e-02
 -5.83773963e-02 -1.76577438e-02  1.74524039e-01  3.64673100e-02
 -1.71555445e-01  5.98967038e-02  4.99781780e-02  2.62349635e-01
  2.28059515e-01  8.09570476e-02  4.49392311e-02 -1.76756456e-01
  8.86693224e-02 -1.62077531e-01  4.36892994e-02  1.41403913e-01
  6.57997653e-02  7.08833635e-02  8.56796931e-03 -1.18857399e-01
  3.45397182e-02  4.06811163e-02 -1.64012536e-01  3.84000763e-02
  1.38697028e-01 -6.45860657e-02 -7.03119189e-02 -1.30078522e-02
  1.81664526e-01  2.80530341e-02 -9.03370604e-02 -1.69143066e-01
  1.05300985e-01 -1.38076454e-01 -1.01725213e-01  2.75588315e-02
 -1.94451362e-01 -1.73919663e-01 -3.20043534e-01  1.37583734e-02
  3.47381562e-01  4.19843644e-02 -2.17988610e-01  2.97511164e-02
 -5.08481823e-02  4.70208488e-02  1.59788743e-01  1.10710464e-01
 -1.45082148e-02 -1.74680073e-02 -8.35963264e-02 -1.51330163e-03
  2.11332038e-01 -9.85112935e-02 -5.06510921e-02  2.19967350e-01
  1.83966756e-02  6.89697340e-02  4.98346798e-02  3.78259383e-02
  7.71714025e-04  2.03784145e-02 -2.03547820e-01 -4.20918688e-02
  5.36321513e-02 -1.26422318e-02  2.77803699e-03  1.51374072e-01
 -1.69547990e-01  1.40132427e-01  2.41620615e-02  2.74308529e-02
  3.51318568e-02 -6.99574724e-02 -1.16355859e-01 -7.34448731e-02
  1.08255818e-01 -2.13630900e-01  2.17725635e-01  2.15637520e-01
  3.25428694e-02  4.81524281e-02  6.51836172e-02  6.64638057e-02
 -1.44356135e-02  1.61554068e-02 -1.85602531e-01 -1.39047084e-02
  9.58143994e-02  4.48732525e-02  8.68268777e-03 -1.90371685e-02]