[-0.05105662  0.07859939  0.09388504 -0.00602769 -0.06168234 -0.06408784
 -0.02515389 -0.18020247  0.08524626 -0.05244231  0.2130039  -0.04333034
 -0.22919627 -0.08295061 -0.00486185  0.15318473 -0.14235552 -0.12557486
 -0.04456807 -0.00707036  0.030308    0.0278182   0.04981117 -0.05512379
 -0.09418441 -0.32410288 -0.12545975 -0.08299341 -0.02068395 -0.03134493
 -0.05118677  0.03488282 -0.17478155 -0.0804539   0.07492503  0.00649165
 -0.05567289 -0.05234713  0.16651101  0.02694134 -0.18139017  0.02258218
  0.04068097  0.2444158   0.1727895   0.07146268  0.05412291 -0.17808732
  0.10311919 -0.12698136  0.05689814  0.10081297  0.08211818  0.03894426
  0.01120365 -0.12883334  0.0177605   0.09295405 -0.14823499  0.04947309
  0.13766715 -0.05730018 -0.08764955 -0.05053019  0.21881397  0.05542351
 -0.11608738 -0.16058753  0.13301526 -0.10380864 -0.10703929  0.01210484
 -0.17344758 -0.16515657 -0.32076296 -0.00510752  0.32633168  0.01535404
 -0.22732499 -0.01343187 -0.04522417  0.081673    0.15178846  0.13572602
 -0.03253941  0.01714273 -0.08019162 -0.04539705  0.22104795 -0.09987047
 -0.07113149  0.19270094 -0.01796837  0.0527564   0.03781223  0.03129996
 -0.03389546  0.01421619 -0.16671123 -0.03712132  0.07030292 -0.02133911
 -0.01933653  0.16775462 -0.15693255  0.10893567  0.00696026  0.03325524
  0.03784301 -0.07164073 -0.09376573 -0.08769777  0.10432454 -0.2275089
  0.19032493  0.20304163  0.0222959   0.06081024  0.07050449  0.04893658
 -0.0228196   0.0302627  -0.23122071 -0.03399991  0.10819916  0.03064555
  0.02421085 -0.00744859]