[-0.05271029  0.10691478  0.05131472 -0.00245343 -0.02174418 -0.05092628
 -0.01094402 -0.17973961  0.14658915 -0.04311151  0.21426681 -0.0118728
 -0.22846508 -0.13915128  0.00810482  0.1707096  -0.15874672 -0.11792028
 -0.04268719 -0.02275153  0.05478389  0.04227981  0.0620373  -0.00551742
 -0.09032069 -0.317729   -0.10228162 -0.09309041  0.01085406 -0.04057062
 -0.03736272  0.07025775 -0.17248788 -0.08073982  0.068538    0.00076254
 -0.05043734 -0.02909183  0.18133688  0.04686474 -0.1674141   0.03112285
  0.04185044  0.26503262  0.18567331  0.05584813  0.05240417 -0.17005877
  0.11234517 -0.14423253  0.02783159  0.14196973  0.06292412  0.02886733
  0.03010366 -0.1274289  -0.01268459  0.06458111 -0.14584808  0.07794186
  0.11854181 -0.0699331  -0.1257128  -0.05168463  0.18238436  0.03850147
 -0.11715081 -0.16036825  0.11334165 -0.11545493 -0.10595699  0.04068916
 -0.18332998 -0.17923445 -0.31148741 -0.00290111  0.32571629  0.03705439
 -0.21720444  0.0310541  -0.04642814  0.07696769  0.14690928  0.14153355
 -0.01753972 -0.00130669 -0.07377713 -0.03248085  0.19218147 -0.08598619
 -0.06300063  0.22511581 -0.01603031  0.0538009   0.00900246  0.01907346
 -0.0274689  -0.00489362 -0.17391436 -0.07649565  0.07952604 -0.0133454
  0.00047133  0.12550932 -0.15883203  0.10189488  0.03429012  0.04840309
  0.06493621 -0.03484735 -0.12084319 -0.08079071  0.1058168  -0.20868312
  0.22297993  0.19686192  0.02327096  0.05259035  0.0787442   0.07563309
 -0.02487299  0.02150482 -0.17086761 -0.04171828  0.10434742  0.03480275
  0.02299208 -0.04357851]