[-0.06615431  0.14452335  0.07005072 -0.02808059 -0.02701809 -0.06413651
 -0.06074521 -0.13570075  0.10735328 -0.01941971  0.23827492 -0.02117322
 -0.21031044 -0.12006044 -0.01713113  0.16416332 -0.14949009 -0.08070717
 -0.07239273 -0.009853    0.06941602  0.05238332  0.0823177  -0.03809732
 -0.07223883 -0.35571665 -0.12973204 -0.05341743  0.00203739 -0.04691481
 -0.04745001  0.00541936 -0.20203994 -0.11462416  0.08380812  0.03449896
 -0.05765203 -0.01593324  0.16946164  0.08108032 -0.17264776  0.07066707
  0.04252259  0.28888708  0.2187196   0.11337747  0.01642471 -0.16905636
  0.07274386 -0.16008757  0.08461732  0.14583321  0.04703143  0.07523543
  0.03962959 -0.10856672  0.06019903  0.06749576 -0.14586149 -0.00903127
  0.12575935 -0.04973206 -0.05965655 -0.01117014  0.18698829  0.03844802
 -0.11252244 -0.11089488  0.08964089 -0.07613001 -0.04379663  0.04705978
 -0.16274886 -0.16971952 -0.32225934  0.04458056  0.42199752  0.05708904
 -0.21889591 -0.02315105 -0.05851229  0.04391602  0.17852955  0.09513056
 -0.05066023 -0.01063694 -0.07963397  0.01877335  0.17886822 -0.07380729
 -0.0674154   0.21445476  0.01234717  0.08019195  0.05268985  0.07568745
 -0.02310576  0.00725415 -0.17322131 -0.0335978   0.07512914 -0.04550853
 -0.02877237  0.13370909 -0.18306397  0.1104731   0.07020583 -0.00645116
  0.024701   -0.0350079  -0.08909994 -0.07180037  0.09103218 -0.23224846
  0.22539794  0.23672925  0.00171086  0.08342256  0.08192009  0.06277124
 -0.03558201 -0.02115278 -0.15098111 -0.05464959  0.06740103  0.06943646
  0.05937066 -0.02332162]