[-0.10127821  0.08986882  0.07430398 -0.00426484 -0.07659018 -0.04695357
 -0.08842021 -0.13332258  0.07775659 -0.07504053  0.26050961 -0.08413219
 -0.24145921 -0.1147355  -0.02575153  0.17572546 -0.13552584 -0.09223782
  0.00986725 -0.04159271  0.07396736  0.04716202  0.05905787 -0.06037103
 -0.1011668  -0.39778671 -0.12164614 -0.08674528 -0.02962136 -0.07210293
 -0.03491527  0.0380018  -0.16866265 -0.08475758  0.05749954  0.0315352
 -0.0569635  -0.02853209  0.16671903  0.03153961 -0.12098052 -0.00087877
  0.06802342  0.26704565  0.16515706  0.11189099  0.0489201  -0.19408987
  0.12230762 -0.14633226  0.05542875  0.10997424  0.11153965  0.06573188
  0.01365985 -0.07809366  0.06473037  0.04129528 -0.16702579  0.01274502
  0.13969922 -0.01242499 -0.09358709 -0.0405248   0.26449642  0.01993822
 -0.11319917 -0.13655785  0.12242132 -0.08154562 -0.10841866  0.02635472
 -0.15899561 -0.18929632 -0.31173682  0.02992456  0.33568788  0.04381661
 -0.21739189  0.01215992 -0.03353522  0.01722911  0.12327172  0.11546046
 -0.04043422 -0.01022244 -0.08834686 -0.0074793   0.20549308 -0.11925087
 -0.05075235  0.19631498  0.02391393  0.11066716  0.05476516  0.06747082
 -0.08625766  0.03008907 -0.14972667 -0.05676792  0.10067213 -0.00819941
 -0.01712416  0.13534805 -0.16313033  0.19785056 -0.00977648  0.00845974
  0.02995877 -0.07888357 -0.08912347 -0.06025701  0.09092075 -0.21332832
  0.15773447  0.17214005  0.05606917  0.12096119  0.09574899  0.06894074
 -0.03419815  0.01795186 -0.23381853 -0.05964251  0.09130445  0.02004809
  0.02410232 -0.00519065]