[-0.06720258  0.08483919  0.05589994 -0.00866302 -0.07375286 -0.03205945
 -0.05359546 -0.16516425  0.10808752 -0.05561858  0.21768372 -0.05275897
 -0.21362506 -0.06720177 -0.05562245  0.16894805 -0.14390686 -0.11883211
 -0.04916702 -0.04618726  0.04397729  0.08284182  0.03771069 -0.03389764
 -0.04894903 -0.33778545 -0.09485397 -0.06293585  0.03449057 -0.05571313
 -0.05076372  0.06770021 -0.16975592 -0.08296713  0.10344042  0.07099079
 -0.07549217 -0.04640942  0.17145418  0.04347119 -0.12763143  0.01815646
  0.07774901  0.27958998  0.17299549  0.09113254  0.01706178 -0.20697089
  0.0888383  -0.15515821  0.05418986  0.13491906  0.07743914  0.08352977
  0.04166819 -0.12281575  0.04660625  0.03297399 -0.15291959  0.03226233
  0.12683021 -0.05439057 -0.08902442 -0.06465684  0.25852892  0.05035154
 -0.10580211 -0.15467547  0.10420869 -0.0976068  -0.12781988  0.02738819
 -0.13866089 -0.1323835  -0.29772553  0.00364884  0.3827554   0.03606824
 -0.20952462  0.04251253 -0.02552248  0.0131458   0.14264099  0.11405011
 -0.0723452   0.00861664 -0.07642667 -0.00669336  0.19334815 -0.08356883
 -0.07452711  0.16872327 -0.01804402  0.06566337  0.07509974  0.06705409
 -0.06952385  0.00627626 -0.1705669  -0.10934551  0.11913896 -0.02745037
  0.0125621   0.14184815 -0.15069942  0.13899891 -0.00394417  0.01334578
  0.07217367 -0.06583393 -0.10659367 -0.0504707   0.12484025 -0.23548488
  0.21729369  0.14695875  0.02717672  0.09387635  0.09657013  0.08951256
 -0.04313515  0.02452308 -0.17807202 -0.06260207  0.0832061   0.05075945
  0.05428144 -0.00268559]