[-0.05350254  0.07456607  0.07112355 -0.02801749 -0.07120091 -0.07119112
 -0.02230152 -0.15724599  0.08807623 -0.03349563  0.20895281 -0.03764103
 -0.20804313 -0.11332321  0.00812944  0.14265619 -0.12902533 -0.07602502
 -0.02783191 -0.00710868  0.05743923  0.02120177  0.05144798 -0.04376568
 -0.0811139  -0.32849368 -0.10952216 -0.07104202 -0.01210984 -0.03372844
 -0.03631613  0.05806793 -0.18565182 -0.10039697  0.06379446  0.0167413
 -0.08809938 -0.02872208  0.15764295  0.04421749 -0.16774228  0.02334913
  0.0260849   0.25175512  0.19475409  0.07640397  0.04549196 -0.1928262
  0.1279031  -0.16669811  0.04358767  0.12610106  0.05805049  0.04696079
  0.01181171 -0.08517157  0.05519744  0.06262415 -0.18822977  0.03394634
  0.13277674 -0.02799594 -0.09659465 -0.04234057  0.1845644   0.05626174
 -0.10135706 -0.12563166  0.12049373 -0.10563673 -0.08896195  0.0331233
 -0.16584826 -0.20703016 -0.30085847  0.00033038  0.32944542  0.05693372
 -0.21759823 -0.02738414 -0.06453743  0.06752741  0.19438726  0.08998793
 -0.01830249 -0.01170782 -0.06303426 -0.00734169  0.21103369 -0.12420254
 -0.05740326  0.22089954  0.02839839  0.06447613  0.02901526  0.05537456
 -0.01502328  0.03399353 -0.19543469 -0.04425281  0.0994495  -0.03261932
  0.0058582   0.14454997 -0.18557763  0.1506878   0.04633445  0.02571465
  0.04742689 -0.10117497 -0.10979407 -0.06508894  0.09999511 -0.20158744
  0.21739088  0.20826446  0.01950417  0.06417198  0.06640115  0.03128641
 -0.02768274 -0.03640086 -0.18427718 -0.02845208  0.10182948  0.05512428
  0.00589318 -0.03478552]