[-0.08035995  0.12226099  0.06272303 -0.02471843 -0.04123736 -0.0643065
 -0.01467935 -0.13111262  0.12471958 -0.0183978   0.28021327 -0.05030314
 -0.23204179 -0.1190564   0.00463249  0.17386709 -0.14911623 -0.10206695
 -0.09969192 -0.02301795  0.07218362  0.0178411   0.04972223 -0.03050544
 -0.09011585 -0.35464478 -0.11191982 -0.04857468  0.00742666 -0.05199885
 -0.04207163  0.03914196 -0.17683917 -0.11187971  0.072856    0.03916019
 -0.03126807 -0.00617486  0.16304442  0.06294099 -0.19629715  0.04805572
  0.08112467  0.28506142  0.18990055  0.10218959  0.01231286 -0.154229
  0.07104845 -0.16387799  0.06250145  0.12562281  0.10146465  0.04192371
  0.08456948 -0.11325226  0.03439671  0.07825854 -0.17215134  0.00592857
  0.09859586 -0.06904538 -0.06643572 -0.05989221  0.18228047  0.077966
 -0.07901423 -0.11199385  0.11370789 -0.08762016 -0.0745705   0.04647764
 -0.15149111 -0.15925573 -0.35228261 -0.01031521  0.40501308  0.0425846
 -0.23295866 -0.00682569 -0.0118367   0.02221591  0.17438421  0.09751225
 -0.06924748  0.01488578 -0.10312082  0.00169399  0.17976063 -0.0800402
 -0.03281245  0.20155683  0.0091473   0.05627526  0.05669667  0.03849395
 -0.03778536 -0.01050812 -0.17912467 -0.0688675   0.05216138 -0.05150442
 -0.01092593  0.1007033  -0.18597485  0.06137916  0.06514519 -0.00628045
  0.0080274  -0.02017589 -0.04212351 -0.07894935  0.08914924 -0.22871242
  0.176654    0.22485523 -0.0300396   0.06660803  0.05161737  0.05847342
 -0.04875492 -0.00154784 -0.14053488 -0.03128971  0.05244833  0.02980609
  0.05086487 -0.01198374]