[-0.11360513  0.13582461  0.11061852  0.0038095  -0.10164221 -0.03792395
 -0.08298612 -0.13512269  0.09922779 -0.06190718  0.26063105 -0.02594027
 -0.24190931 -0.11176151 -0.01949592  0.16449778 -0.13583677 -0.09392043
 -0.01874011 -0.03926978  0.05350859  0.03031666  0.11608177 -0.0626772
 -0.13348363 -0.36847225 -0.07258652 -0.11892299 -0.04372647 -0.03332622
 -0.0543654   0.00436319 -0.16609535 -0.09258504  0.054107    0.05283043
 -0.09922214 -0.02181735  0.2032306   0.02840689 -0.14382164 -0.00331243
  0.03690401  0.26822269  0.16056994  0.12003084  0.0622652  -0.18787402
  0.15936978 -0.16292219  0.07853834  0.12252045  0.11066584  0.03122717
  0.04522754 -0.10014985  0.0667175   0.07995765 -0.18744731 -0.00151629
  0.10600214 -0.03205185 -0.11275475 -0.0685304   0.27559683  0.08433678
 -0.10934607 -0.11604141  0.09853095 -0.06629503 -0.10526343  0.0495925
 -0.1689489  -0.17657535 -0.32237509  0.00724311  0.3455781   0.03577524
 -0.19540544 -0.0251956  -0.02720083  0.02804989  0.09794342  0.13168959
 -0.0887646   0.01284652 -0.08063772 -0.02754111  0.16981593 -0.14143576
 -0.0526108   0.18906951  0.03199241  0.08393999  0.03578483  0.02879435
 -0.11191554  0.02328078 -0.14580987 -0.07884043  0.11522074 -0.02434963
  0.00353166  0.09971935 -0.20769523  0.11605193 -0.0266184   0.00063631
  0.05172562 -0.10279378 -0.08848764 -0.09080741  0.0996503  -0.2205919
  0.17256369  0.18760723  0.01037015  0.12291335  0.11110928  0.04647169
 -0.04725817  0.05652895 -0.19832516 -0.05448442  0.11321203  0.02352921
  0.05389819 -0.01647129]