[-8.73864740e-02  1.29307777e-01  5.64154573e-02 -6.08645799e-03
 -3.47476453e-03 -9.18555656e-04  1.12644071e-02 -1.54320478e-01
  1.43821299e-01 -5.51064201e-02  2.33256921e-01 -3.82397883e-02
 -2.35460624e-01 -1.31861895e-01 -3.24071571e-03  1.96275815e-01
 -1.60347298e-01 -1.19705059e-01 -6.01950549e-02 -5.24616204e-02
  2.78813150e-02  5.29904142e-02  2.58358326e-02  1.85578186e-02
 -6.84846565e-02 -3.21142524e-01 -7.76126385e-02 -6.66058064e-02
 -5.12281246e-02 -3.82691212e-02 -3.13829444e-02  6.81316778e-02
 -1.50946051e-01 -4.34028767e-02  6.47850186e-02  5.62238880e-02
 -6.79950342e-02 -4.19635437e-02  1.58874914e-01  4.62503172e-02
 -1.18788242e-01  2.35899541e-04  8.82271752e-02  3.02201539e-01
  1.84539154e-01  4.50380929e-02  4.85835085e-03 -1.24146961e-01
  9.04930085e-02 -1.64500237e-01  3.61207724e-02  1.29495278e-01
  6.87171221e-02  7.11013898e-02  4.73458283e-02 -1.51331976e-01
  3.71799036e-03  4.61343490e-02 -1.27829418e-01  5.64055406e-02
  7.81884342e-02 -7.94090852e-02 -8.50021467e-02 -4.17982824e-02
  2.35294148e-01  1.07831053e-01 -1.20886736e-01 -1.78965613e-01
  1.08422235e-01 -1.13690391e-01 -1.18276276e-01  2.58124378e-02
 -1.76604748e-01 -1.58326983e-01 -3.03223789e-01  8.41769762e-03
  3.45572531e-01  3.42317782e-02 -2.26141572e-01 -1.69368982e-02
 -2.91992873e-02  2.67960466e-02  1.54717699e-01  1.46797150e-01
 -3.45370434e-02 -2.69858968e-02 -1.04291521e-01 -3.19957547e-02
  2.18206927e-01 -4.27532792e-02 -1.14990667e-01  2.09838584e-01
 -2.55754925e-02  1.07309539e-02  2.85861343e-02  3.94897116e-03
 -2.52140593e-02  2.54357103e-02 -1.89810663e-01 -8.22435096e-02
  4.70289253e-02 -5.43716662e-02 -3.15819941e-02  1.21716969e-01
 -1.63816541e-01  1.10502183e-01  4.71945666e-02  5.06404005e-02
  3.31240110e-02 -2.33886968e-02 -1.68404862e-01 -2.62334291e-02
  1.37289137e-01 -2.12365150e-01  2.29910716e-01  1.63283870e-01
  6.01301752e-02  7.27364644e-02  8.52920637e-02  8.74729455e-02
 -1.25659276e-02  1.25605259e-02 -1.53824627e-01 -3.80495600e-02
  7.19368160e-02  2.77623180e-02  5.64377271e-02  5.37464803e-04]