[-0.04070175  0.08227302  0.03107165  0.0064362  -0.04218775 -0.08784708
 -0.00333653 -0.10233175  0.05608198 -0.02991555  0.2431684  -0.08288968
 -0.18005542 -0.14219736  0.01033785  0.16924968 -0.19247471 -0.05390559
 -0.123612    0.02743291  0.06260645  0.01658498  0.06032464 -0.02180167
 -0.05495105 -0.40967107 -0.13240282 -0.09116605  0.07468241 -0.06831881
 -0.03592756  0.05236217 -0.18228261 -0.1184183   0.04270872  0.01065465
 -0.04772769 -0.07223431  0.22294652  0.03689159 -0.20027867  0.03742195
  0.03243263  0.23902448  0.21695983  0.05051874  0.05420703 -0.11340743
  0.08744501 -0.13101093  0.04598276  0.09978588  0.09169996  0.06035597
  0.048176   -0.06722695  0.03278029  0.08965283 -0.18654409 -0.00784145
  0.05478929 -0.09451217 -0.02340697 -0.03985318  0.15271641  0.04009989
 -0.02255624 -0.16455515  0.17280993 -0.16512808 -0.05350032  0.02374107
 -0.12103327 -0.14802721 -0.33832869 -0.01594833  0.35647658  0.07690092
 -0.21249175  0.0255453  -0.02067629 -0.07266416  0.18487692  0.14500526
 -0.00399887  0.0071316  -0.06949507 -0.00447789  0.21363668 -0.08901886
 -0.04360646  0.18962899 -0.00832888  0.03614978  0.0852341  -0.05571369
 -0.02135811  0.02129813 -0.11554277 -0.0010979   0.04518769 -0.08622408
 -0.03386125  0.11106842 -0.12824336  0.08982211  0.0161768  -0.00087062
  0.02651076 -0.05303723 -0.08624908 -0.08576775  0.13307442 -0.19013099
  0.19587842  0.2096235  -0.03228344  0.07677995  0.05402039  0.10286915
 -0.02944902  0.00889791 -0.22615223 -0.02126036  0.09498363  0.03371418
  0.04307728 -0.02590393]