[-0.08446618  0.12384401  0.08497261  0.01314703  0.0138045  -0.09486484
  0.06103684 -0.11083543  0.10523365 -0.02196237  0.30176884 -0.06238936
 -0.20380835 -0.19702779  0.02871202  0.14242043 -0.20137461 -0.05161095
 -0.10804491  0.00078026  0.03789532  0.00686039  0.05454034 -0.00101544
 -0.01785905 -0.37437603 -0.08213105 -0.09669665  0.09156114 -0.03530233
 -0.03146818  0.08856225 -0.21752706 -0.13523287 -0.00821832  0.04550113
  0.00371111  0.00510952  0.17836742  0.0066809  -0.14720799 -0.01019083
  0.01078752  0.24923177  0.23586755  0.03874382 -0.01377647 -0.05249189
  0.05589254 -0.18689258 -0.0093706   0.11618073  0.12483288  0.02327232
  0.04774794 -0.0833185  -0.01443398  0.03407417 -0.16441259 -0.00227702
  0.02960954 -0.14054339 -0.05124125 -0.05047594  0.16412337  0.01823058
 -0.0422844  -0.10240084  0.15785785 -0.14376844 -0.02820886  0.04887052
 -0.12168214 -0.11641166 -0.34375823  0.0273604   0.33084294  0.06701011
 -0.19116645  0.02419511 -0.08433899 -0.03299906  0.11324336  0.07329626
 -0.02859948  0.00866903 -0.11464932  0.01199088  0.14396112 -0.07563271
 -0.022583    0.2030376  -0.06641775  0.04431317  0.03395676 -0.07011785
  0.01259534  0.00546011 -0.14726941 -0.0125164   0.07468593 -0.10707698
 -0.01424347  0.09140436 -0.16370422  0.00587329  0.02180029  0.01154747
  0.07128782 -0.05522251 -0.09378111 -0.07476994  0.15549083 -0.18136618
  0.22300155  0.2099949  -0.06575345  0.0667792   0.04683522  0.08586283
 -0.05494231 -0.01966132 -0.14567347 -0.03693562  0.08975238  0.00081744
  0.03929044 -0.03768644]