[-0.01137187  0.06640572  0.04639667  0.00277178 -0.07693173 -0.10483252
  0.04873154 -0.1439482   0.05200122 -0.04408995  0.25936475 -0.07253271
 -0.21881489 -0.13113712  0.01427525  0.15559892 -0.15733498 -0.08463614
 -0.15834711 -0.00672143 -0.02901107 -0.01737825  0.07217126 -0.02762238
 -0.05439698 -0.39050439 -0.12917644 -0.07091653  0.07461237 -0.04218423
 -0.01674917  0.07911854 -0.17766549 -0.1215773   0.06797525  0.03206958
 -0.05048345 -0.07945613  0.22915816  0.04098123 -0.18573447  0.00345636
  0.03983292  0.23492718  0.20784774  0.01115801  0.05082516 -0.0890593
  0.08325008 -0.16566671  0.03358585  0.08011911  0.14272563  0.04518924
  0.03672788 -0.03412848  0.02255107  0.12270258 -0.18979385 -0.00820153
  0.05357246 -0.15191892 -0.05595113 -0.04338568  0.15497537  0.07513659
 -0.03261205 -0.10785418  0.17939876 -0.18173179 -0.05120277 -0.00751797
 -0.08211686 -0.10568295 -0.30802619 -0.03309376  0.35991845  0.08446296
 -0.21569903 -0.02538203 -0.06365837 -0.05139183  0.11769149  0.09320825
 -0.04384359 -0.00819654 -0.09297311 -0.01486114  0.22807148 -0.10868134
 -0.01222309  0.19826518 -0.02134227  0.03053891  0.08718065 -0.06348511
 -0.04634672 -0.0199103  -0.10780404 -0.03568788  0.05008324 -0.1275734
 -0.00101265  0.08145875 -0.17193198  0.07836812  0.00385771 -0.01975669
  0.08578169 -0.06294741 -0.03892065 -0.11677332  0.15310788 -0.17640097
  0.18078199  0.21229792 -0.07459574  0.07967106  0.038745    0.08481994
 -0.04960338 -0.0219522  -0.146542   -0.05804631  0.06439178  0.0220559
  0.03831138 -0.03804608]