[-8.05730745e-02  1.00089625e-01  6.30409345e-02  5.07312221e-03
 -1.88008901e-02 -8.03295001e-02  3.69536541e-02 -1.30334958e-01
  1.09221421e-01 -7.61370137e-02  2.91586280e-01 -8.37539881e-02
 -2.05994636e-01 -1.79347381e-01 -1.64431205e-03  1.83645278e-01
 -2.09560305e-01 -6.01501279e-02 -1.09670117e-01  1.61121751e-03
  3.11033670e-02 -3.71624785e-03  4.00281884e-02 -3.17221284e-02
 -2.85087265e-02 -3.90477568e-01 -8.54318514e-02 -1.05212979e-01
  8.73306990e-02 -2.94564422e-02 -6.71266466e-02  7.02114031e-02
 -1.98035464e-01 -1.45821482e-01  7.33007072e-03  5.17203175e-02
 -3.50958109e-02 -2.67243870e-02  1.92612991e-01 -8.96926504e-03
 -1.73932165e-01  2.09875461e-02  3.65644358e-02  2.31562898e-01
  2.23893076e-01  4.97482643e-02  1.99436545e-02 -1.21928729e-01
  9.37525705e-02 -1.25417456e-01 -7.59310974e-03  9.47178528e-02
  1.04332723e-01  7.42155686e-02  1.82336196e-02 -7.11156651e-02
  1.20577188e-02  4.39480543e-02 -1.65550292e-01 -2.94150412e-02
  7.80350193e-02 -1.27871960e-01 -4.65709753e-02 -4.08744849e-02
  1.77461967e-01  4.52581467e-03 -5.11982329e-02 -1.26539648e-01
  1.55136496e-01 -1.72672614e-01 -4.44813594e-02  2.00744849e-02
 -1.08651139e-01 -1.19014539e-01 -3.36824387e-01  3.16726422e-04
  3.37553352e-01  7.76706412e-02 -1.81352526e-01  2.67002024e-02
 -5.22479005e-02 -6.18040524e-02  1.74025118e-01  1.51035339e-01
  1.96254198e-02  1.37331281e-02 -7.56373554e-02 -2.16873474e-02
  1.76174998e-01 -9.27953273e-02 -1.37221813e-02  1.89251706e-01
 -2.20318772e-02  4.47001792e-02  4.54267114e-02 -3.88624929e-02
 -2.99598109e-02  1.98207181e-02 -1.22522295e-01 -1.15444940e-02
  4.92852218e-02 -7.99028724e-02 -1.23312091e-02  7.02423900e-02
 -1.29826650e-01  7.36912712e-02  1.29177412e-02  4.42362614e-02
  7.13551193e-02 -7.00764880e-02 -4.54688482e-02 -9.07035097e-02
  1.25382721e-01 -1.82298794e-01  1.97255954e-01  2.04277113e-01
 -4.43783104e-02  9.29213017e-02  6.75973818e-02  1.05362587e-01
 -4.83879782e-02  5.66972373e-03 -1.99862584e-01 -4.57898602e-02
  8.04052129e-02  2.22795345e-02  7.28244558e-02 -3.02420389e-02]