[-0.0700621   0.09737005  0.06640913  0.01650344 -0.01947649 -0.08469481
  0.03015196 -0.11413336  0.08397961 -0.02954978  0.28731227 -0.07138313
 -0.19234084 -0.18643318  0.01358854  0.15848458 -0.18772955 -0.0552917
 -0.11200189  0.00238201  0.01816685 -0.01131612  0.05825019 -0.00830385
 -0.01763775 -0.38917467 -0.08634952 -0.08291209  0.09653358 -0.04620714
 -0.0408309   0.11258953 -0.22403502 -0.1298238   0.01344713  0.06855031
 -0.00099272  0.0109389   0.17969483 -0.01276047 -0.1606442   0.00196509
  0.01694876  0.23107266  0.2321105   0.05564628  0.00187202 -0.07638663
  0.0760557  -0.1600455   0.00560476  0.1187462   0.1110243   0.03760928
  0.03937681 -0.06271034 -0.00173992  0.04513959 -0.15528408 -0.02778024
  0.03788761 -0.12464748 -0.03583834 -0.06864905  0.15777819 -0.00066507
 -0.03812125 -0.10698216  0.16008659 -0.14890647 -0.01959095  0.04411229
 -0.11561888 -0.12125725 -0.35915026  0.02006944  0.33455878  0.08182064
 -0.1773603   0.03166743 -0.0574423  -0.05470043  0.11627505  0.08214096
 -0.02077257  0.01588812 -0.09267274  0.02101573  0.15983556 -0.08220427
 -0.00846466  0.18499115 -0.05816602  0.05549891  0.03107926 -0.04157598
  0.00481774  0.00951958 -0.1425844  -0.00122668  0.05676032 -0.08680514
 -0.0048912   0.08608449 -0.14365183  0.02637202  0.00642345  0.022099
  0.05561744 -0.04884056 -0.08301628 -0.08731391  0.14208232 -0.19353025
  0.21090703  0.20765531 -0.06527995  0.06794652  0.05251593  0.09916415
 -0.05389236 -0.03002617 -0.15411036 -0.04505221  0.09755769  0.00746859
  0.03912294 -0.02885736]