[-6.70035407e-02  7.76230469e-02  4.44867350e-02  4.23778733e-03
 -2.33976599e-02 -9.94299650e-02  3.44706886e-02 -9.92426872e-02
  8.03819224e-02 -5.11990674e-02  2.52039313e-01 -8.24534595e-02
 -1.91262767e-01 -1.61197051e-01  2.07619369e-02  1.78681999e-01
 -1.89510733e-01 -5.00475280e-02 -1.12988174e-01 -5.24305599e-03
  3.53039466e-02 -3.23890010e-03  4.04949673e-02 -3.33121680e-02
 -3.34815159e-02 -4.00835603e-01 -8.42159465e-02 -8.66301358e-02
  7.71958008e-02 -1.98754258e-02 -5.00471853e-02  1.02869652e-01
 -2.07066327e-01 -1.44318610e-01  2.36415304e-02  7.01671690e-02
 -4.20151353e-02 -5.23171388e-02  1.81071311e-01 -7.26135820e-03
 -1.67988151e-01  1.35346977e-02  5.64345382e-02  2.22256571e-01
  2.21227124e-01  5.22398055e-02  4.61653918e-02 -1.09733261e-01
  1.05756678e-01 -1.16825834e-01  7.47278100e-03  8.17700922e-02
  9.46514532e-02  9.08250883e-02  3.32317129e-02 -6.20234311e-02
  4.52800915e-02  4.09095846e-02 -1.67180255e-01 -2.83573996e-02
  7.83474967e-02 -1.18008427e-01 -3.35242413e-02 -6.88455701e-02
  1.82150885e-01 -2.15849839e-04 -3.94449420e-02 -1.14758991e-01
  1.52161822e-01 -1.64018899e-01 -5.39067350e-02  6.55062124e-03
 -1.05865493e-01 -1.25105843e-01 -3.31156313e-01  6.55093649e-03
  3.12060505e-01  1.10768989e-01 -1.80865437e-01  4.78900187e-02
 -2.40321513e-02 -6.67745769e-02  1.84857160e-01  1.59836993e-01
  2.41094269e-02  2.89835222e-02 -7.20144063e-02 -1.20856008e-02
  2.00905278e-01 -8.04493949e-02 -3.22942548e-02  1.77433297e-01
 -2.67210342e-02  4.54349965e-02  5.16421683e-02 -4.60021682e-02
 -4.37547825e-02  2.42524799e-02 -1.25688910e-01 -2.02383231e-02
  6.89915046e-02 -8.85398984e-02 -1.92024093e-02  7.23884627e-02
 -1.11026384e-01  9.30589437e-02 -1.10206322e-03  6.14372455e-02
  5.74739836e-02 -6.84651360e-02 -5.25743775e-02 -7.04071596e-02
  1.04774415e-01 -1.62004873e-01  2.07494378e-01  1.81219861e-01
 -5.28981686e-02  9.90509614e-02  7.37008452e-02  1.21803820e-01
 -4.51764837e-02 -4.94173903e-04 -2.05102801e-01 -5.23822010e-02
  9.67316926e-02  4.45783325e-02  9.30091366e-02 -1.38527928e-02]