[-7.92645887e-02  1.14294842e-01  9.34732482e-02  2.88750175e-02
  2.28787959e-03 -9.02834609e-02  6.34896681e-02 -1.32797077e-01
  1.01803325e-01 -4.00073044e-02  3.23545188e-01 -6.33189678e-02
 -1.91877678e-01 -1.94435999e-01  2.53065117e-02  1.62364885e-01
 -2.01514766e-01 -6.68218955e-02 -1.01949707e-01  3.84475826e-03
  2.09394675e-02 -3.95326922e-03  4.53655086e-02 -1.50376151e-03
 -1.27052544e-02 -3.75275582e-01 -7.77073354e-02 -9.98064056e-02
  9.87431332e-02 -3.60819660e-02 -4.96526137e-02  9.80797783e-02
 -2.09990904e-01 -1.38215616e-01  8.75879731e-03  5.70378564e-02
 -7.55991787e-03  2.10233033e-02  1.86029613e-01 -6.50402624e-03
 -1.56709358e-01  1.86190754e-03  5.91561943e-03  2.54960656e-01
  2.14833185e-01  4.85051647e-02 -3.66654410e-03 -7.73346648e-02
  5.64748347e-02 -1.66409925e-01 -2.75848812e-04  1.14174329e-01
  1.27291903e-01  3.56952809e-02  2.13597510e-02 -8.39893520e-02
 -2.93753203e-02  2.29707062e-02 -1.49169013e-01 -8.88500456e-03
  4.85534333e-02 -1.37932763e-01 -4.72148955e-02 -5.44201322e-02
  1.79952174e-01 -7.82183197e-04 -5.35316654e-02 -1.04353033e-01
  1.56372547e-01 -1.36914149e-01 -4.09478024e-02  3.46669070e-02
 -1.22314908e-01 -1.16142742e-01 -3.41174543e-01  3.04505881e-02
  3.46189857e-01  4.90172170e-02 -1.95670396e-01  2.54925769e-02
 -9.29983184e-02 -4.34892476e-02  1.11516416e-01  9.61526185e-02
 -3.38358316e-03  1.79618448e-02 -1.00911438e-01  4.77243634e-03
  1.47209808e-01 -9.64244828e-02 -7.22316792e-03  1.99099362e-01
 -6.11916892e-02  5.55588901e-02  2.64259316e-02 -5.71753643e-02
  1.44008221e-02  2.22206376e-02 -1.46860078e-01 -1.62174162e-02
  5.60636483e-02 -7.77817518e-02 -2.91371136e-03  8.72628689e-02
 -1.63219020e-01  2.95278076e-02  2.57265810e-02  2.93564927e-02
  8.73934552e-02 -3.98598462e-02 -8.96969363e-02 -1.08108185e-01
  1.46930739e-01 -1.95604712e-01  2.17671826e-01  2.17419535e-01
 -5.00610285e-02  6.87112063e-02  5.32662943e-02  9.03994143e-02
 -4.06277291e-02 -1.67935882e-02 -1.65436909e-01 -2.90140100e-02
  1.00200675e-01  3.76602635e-03  2.31733825e-02 -2.85693742e-02]