[-0.07798565  0.10561239  0.08800342  0.01337123  0.00632964 -0.09617718
  0.04701151 -0.11721038  0.09160569 -0.03717963  0.30431819 -0.05876718
 -0.18863657 -0.19573705  0.02605937  0.15210241 -0.177451   -0.06050788
 -0.11496192  0.00041357  0.01313157 -0.01324628  0.06159578 -0.0057364
 -0.01328584 -0.37946811 -0.08206993 -0.09315325  0.0890217  -0.02259238
 -0.05050669  0.09306303 -0.21837278 -0.14210293  0.01165136  0.06628335
 -0.00913135 -0.00194729  0.17724699 -0.01784326 -0.15216075  0.00172
  0.01573456  0.23795083  0.24380866  0.04848897 -0.00340359 -0.07078752
  0.07068947 -0.18033463  0.00586499  0.09809446  0.1157828   0.03729602
  0.04524222 -0.07750281 -0.0027068   0.03896825 -0.14948438 -0.01955218
  0.01856672 -0.13402455 -0.04854427 -0.06546641  0.17226321  0.02366003
 -0.04648403 -0.10065652  0.15537623 -0.14951962 -0.02254893  0.04796613
 -0.12214261 -0.11400615 -0.34780619  0.02141861  0.33427772  0.08117689
 -0.19313875  0.0206162  -0.07271397 -0.0274826   0.1212187   0.08098488
 -0.01799418  0.00591265 -0.10120033 -0.00254421  0.16353117 -0.08177541
 -0.03125478  0.1898407  -0.06549855  0.05430385  0.03655582 -0.05488792
  0.01243414  0.00244242 -0.15658458 -0.01633923  0.06808146 -0.08978956
 -0.01465165  0.08805964 -0.16301614  0.01238257  0.01096676  0.02963054
  0.08349461 -0.05061367 -0.08182855 -0.08500419  0.14279616 -0.18559431
  0.22158332  0.2151864  -0.05971327  0.07226971  0.05764512  0.08324986
 -0.05166167 -0.022222   -0.15086506 -0.04160594  0.09389385  0.01346509
  0.04759949 -0.03144912]