[-0.08004632  0.08938947  0.04916521  0.0028664  -0.02700645 -0.09246857
  0.0263251  -0.10096592  0.08897173 -0.05414675  0.25253642 -0.09311434
 -0.20704193 -0.15585427  0.00717355  0.17413472 -0.19244963 -0.03328468
 -0.12183913  0.000812    0.02563029 -0.00182792  0.03973537 -0.02739774
 -0.02495926 -0.40145212 -0.08188372 -0.09102394  0.06224158 -0.02836186
 -0.05248364  0.10410857 -0.20706092 -0.1494803   0.01168023  0.07484832
 -0.04357992 -0.03815297  0.18673494 -0.00292054 -0.16301298  0.01638083
  0.04683134  0.22488378  0.2287391   0.04851102  0.03236387 -0.11135149
  0.10776766 -0.12088992 -0.00251724  0.095189    0.09360386  0.08362229
  0.04014719 -0.05696459  0.0390524   0.05309826 -0.16660483 -0.03057027
  0.08373321 -0.13491604 -0.03540573 -0.06091947  0.17270409  0.01018485
 -0.03086199 -0.11778658  0.16388984 -0.16186114 -0.04824213  0.01160679
 -0.10397535 -0.1240752  -0.3368237   0.00965808  0.30559307  0.11266702
 -0.17440809  0.03649803 -0.03430539 -0.0730052   0.18281904  0.14918236
  0.02279304  0.00885694 -0.06745686 -0.00479132  0.18966861 -0.07451425
 -0.0227783   0.17354159 -0.02344259  0.03520582  0.0467259  -0.05950179
 -0.04672858  0.01963929 -0.13722333 -0.01032156  0.06140888 -0.08984009
 -0.0155274   0.06838421 -0.11366118  0.07241356  0.00208521  0.0421719
  0.05225047 -0.08028599 -0.05743422 -0.05867415  0.1220962  -0.16577175
  0.21450709  0.17406678 -0.05333987  0.09339467  0.07496263  0.11601701
 -0.04617515 -0.00487598 -0.20004912 -0.05636286  0.09906186  0.0491868
  0.09115725 -0.02230369]