[-0.02877901  0.09072682  0.02327344  0.00743233 -0.0501258  -0.07168531
  0.00587571 -0.0878057   0.07473417 -0.03465889  0.23044267 -0.07193772
 -0.18113409 -0.12648162 -0.00909556  0.17945966 -0.20377913 -0.06182219
 -0.14023778  0.01841324  0.06326061  0.01299677  0.04407262 -0.02340718
 -0.0770433  -0.38835594 -0.12548487 -0.08959693  0.06081806 -0.08388997
 -0.03346791  0.04259181 -0.18959145 -0.13693412  0.04189788 -0.00072387
 -0.05636178 -0.0690704   0.2127033   0.05264137 -0.20129552  0.05715485
  0.05205336  0.25433418  0.21227501  0.05061249  0.0486589  -0.12885098
  0.08036972 -0.13676968  0.04317451  0.1008869   0.08808099  0.07624747
  0.05320927 -0.06276488  0.03925307  0.09499162 -0.18465401  0.0040561
  0.06452572 -0.08167098 -0.01085119 -0.03191034  0.14414574  0.03039179
 -0.01185584 -0.16361141  0.18217967 -0.16421473 -0.06016546  0.01485765
 -0.09866899 -0.14963491 -0.34342337 -0.02655117  0.37120894  0.08052746
 -0.20366846  0.02509281 -0.0393751  -0.08686026  0.17786452  0.12923715
 -0.01138111  0.00515239 -0.05952196  0.00698786  0.23232011 -0.07782855
 -0.03346414  0.18641745  0.00997821 -0.00328838  0.0955793  -0.05265846
 -0.0401769   0.02431277 -0.13399722 -0.00811842  0.02622019 -0.10797681
 -0.03622329  0.10684443 -0.14494644  0.08927282  0.03114866 -0.02434076
  0.01407977 -0.03529594 -0.10740902 -0.0814506   0.14763112 -0.19186927
  0.19842164  0.21843007 -0.0180412   0.06847099  0.06297295  0.09921752
 -0.03395763  0.00574726 -0.21406949 -0.02790771  0.0852819   0.02592602
  0.05133039 -0.01697408]