[-0.0636015   0.08409196  0.06696894  0.00422132 -0.02581759 -0.08801305
  0.01503208 -0.09867195  0.07577441 -0.06150578  0.26995516 -0.08042467
 -0.2157305  -0.16358511  0.00066272  0.16783333 -0.17455932 -0.03937985
 -0.12730834  0.0021492   0.01456155  0.00120927  0.04681709 -0.03202534
 -0.02767312 -0.40575168 -0.08930867 -0.07650016  0.0680344  -0.04956089
 -0.05411286  0.09239592 -0.20848906 -0.13095763  0.01372874  0.07204391
 -0.04313382 -0.0408824   0.18762329  0.00377796 -0.16447929  0.0176515
  0.0343169   0.22196846  0.23252232  0.05785709  0.02165795 -0.10690923
  0.09756333 -0.13853022  0.00105466  0.1035127   0.09937511  0.07333382
  0.03696024 -0.05757961  0.03725734  0.04708211 -0.16249867 -0.03784551
  0.06242834 -0.14395773 -0.03439855 -0.0557739   0.16667795  0.00526599
 -0.04000345 -0.10465286  0.16093139 -0.17647269 -0.03163638  0.01286425
 -0.09621646 -0.12341463 -0.33472449  0.00921732  0.30705294  0.11443269
 -0.18692333  0.03335036 -0.03349361 -0.06626946  0.16806291  0.13994937
  0.00677044  0.00512277 -0.07537251 -0.00356177  0.19054161 -0.0805474
 -0.01227242  0.18169826 -0.02804883  0.05184692  0.05458258 -0.06213191
 -0.04243454  0.00813046 -0.12387679  0.00341522  0.05515742 -0.09327427
 -0.01662111  0.067474   -0.11606175  0.07343621  0.00094726  0.02526933
  0.06715805 -0.07677023 -0.06055471 -0.07971781  0.12530904 -0.17635921
  0.21342614  0.1895632  -0.05342015  0.09347885  0.08113822  0.11828529
 -0.0499796  -0.00931722 -0.18528534 -0.06138957  0.08861015  0.02566124
  0.08396706 -0.03552261]