[-1.53650239e-01  1.19757906e-01  5.85555919e-02 -6.18490530e-03
  1.69456750e-02 -6.55831695e-02  1.41013982e-02 -7.62265250e-02
  1.43327177e-01 -4.50434163e-02  3.01414549e-01 -4.84272316e-02
 -2.31847152e-01 -1.47410169e-01 -5.74303865e-02  1.64870784e-01
 -2.05735400e-01 -7.74541497e-02 -7.64442608e-02 -4.87056226e-02
  1.23545818e-01  3.89029197e-02  7.08542159e-03 -2.66521215e-03
 -1.01754144e-01 -2.99886882e-01 -7.14707002e-02 -8.32857415e-02
  2.03083754e-02 -8.36128742e-02 -1.56695694e-02  5.22267213e-03
 -1.92505941e-01 -1.15048073e-01  8.16115178e-03  1.45340804e-02
  1.90397874e-02 -1.36521133e-02  1.52738318e-01  1.10193510e-02
 -1.81068301e-01  1.01763075e-02  4.43845689e-02  2.84536660e-01
  1.63613588e-01  6.77145347e-02 -5.33241816e-02 -1.25517279e-01
  8.74631479e-02 -2.10612401e-01  9.74703208e-03  1.30997747e-01
  8.17744657e-02  4.42057215e-02  6.70309663e-02 -1.31256029e-01
 -2.74771880e-02  9.00978372e-02 -1.39919400e-01  2.48357072e-03
  1.30994190e-02 -5.88510633e-02 -8.52799416e-03 -1.06439650e-01
  1.28110871e-01  5.45117967e-02 -9.84468609e-02 -1.46343216e-01
  1.09700643e-01 -1.17013969e-01 -6.67751655e-02  7.95293674e-02
 -8.78358483e-02 -1.78520784e-01 -3.47816199e-01  2.00778525e-02
  3.45424742e-01  8.33818838e-02 -1.83385119e-01  2.20991652e-02
 -6.09580390e-02 -1.82420146e-02  1.23945855e-01  8.20126608e-02
 -4.50764261e-02  5.23580313e-02 -9.20741037e-02 -1.34924827e-02
  1.60606548e-01 -4.36460264e-02 -5.62886298e-02  2.04667196e-01
 -5.90866767e-02  4.37521189e-02  3.14848423e-02  2.61920821e-02
 -7.67271146e-02  3.92803438e-02 -1.32183135e-01 -2.52995975e-02
  7.44545013e-02 -6.92513660e-02  6.17267971e-04  1.04347706e-01
 -1.48731485e-01  5.72877303e-02  2.56986655e-02  2.21533924e-02
  3.72686051e-03 -1.30079687e-04 -8.55067372e-02 -1.59957446e-02
  1.13661788e-01 -2.12514386e-01  2.37303093e-01  1.97738945e-01
 -1.37748187e-02  1.05260752e-01  1.03344105e-01  4.50032316e-02
 -5.52312024e-02  2.42846087e-03 -1.55187741e-01 -5.46016209e-02
  7.25063905e-02 -1.10457139e-02  8.15489665e-02 -3.24963629e-02]