[-1.05238631e-01  1.93220571e-01  4.91561145e-02 -7.55098239e-02
 -4.26296853e-02 -6.19588494e-02  9.77520458e-03 -8.94857049e-02
  1.15360059e-01 -1.09924851e-02  2.61386722e-01 -8.16359669e-02
 -1.72272921e-01 -1.83293939e-01 -1.35857509e-02  1.70954987e-01
 -1.46123216e-01 -9.05575976e-02 -8.50495100e-02 -1.52033074e-02
  5.85087202e-02  1.64922606e-02  4.29179706e-02  4.54634503e-02
 -4.96826023e-02 -3.44757646e-01 -5.85810803e-02 -8.71929452e-02
  3.71518247e-02 -8.93416628e-02 -4.69086692e-02  9.67249796e-02
 -1.71691731e-01 -1.21620730e-01  4.16134857e-02  6.57593235e-02
 -3.47156972e-02  4.76312498e-03  1.97803125e-01  2.96852887e-02
 -1.64644390e-01  5.53895906e-02  3.66113186e-02  3.23673099e-01
  2.37035826e-01  7.19013214e-02  2.14543156e-02 -8.20176601e-02
  9.08845738e-02 -1.25762656e-01  2.51065344e-02  1.48067027e-01
  1.02543689e-01  3.86375971e-02  3.22357416e-02 -1.07322089e-01
  3.61775570e-02  3.40825990e-02 -1.79482251e-01 -6.97606131e-02
  6.55106083e-02 -9.15352330e-02 -3.97884585e-02 -3.36667635e-02
  2.09436521e-01  3.83572690e-02 -7.23245069e-02 -1.12396233e-01
  1.25791654e-01 -9.75871310e-02 -2.40420159e-02  4.15188186e-02
 -1.56623408e-01 -1.06494643e-01 -2.61570543e-01  5.76905310e-02
  3.56982857e-01  1.03066839e-01 -1.89251304e-01  4.20166105e-02
 -7.78159648e-02 -6.72817836e-03  1.12396657e-01  8.03335235e-02
 -9.42593887e-02  1.97010152e-02 -8.05877373e-02  9.99835972e-03
  1.27854005e-01 -6.04198761e-02 -3.75857912e-02  1.79909751e-01
  1.97282638e-02  2.47874800e-02  4.55505066e-02 -5.71815260e-02
 -3.86810340e-02  4.80707698e-02 -1.31220847e-01 -2.87606101e-02
  4.06446569e-02 -9.28291753e-02  9.12305620e-03  1.06080823e-01
 -2.14129552e-01  8.50131735e-02  3.48862894e-02  2.84505673e-02
 -1.74834821e-02  6.77990401e-03 -6.19624928e-02 -7.05535784e-02
  9.42967162e-02 -2.04671502e-01  1.84844226e-01  1.92357764e-01
 -4.54301108e-03  9.80696753e-02  1.16513588e-01  7.43232742e-02
  1.80406874e-04 -5.74474502e-03 -9.91032720e-02 -3.64636295e-02
  1.31520435e-01  4.38689478e-02  1.15795910e-01 -2.69455765e-03]