[-0.09989918  0.16353278  0.08687969 -0.02386305 -0.06201984 -0.07306959
 -0.01905461 -0.05384809  0.1256137   0.01709678  0.3255907  -0.0477314
 -0.25311279 -0.14849982 -0.04903159  0.11953656 -0.18313432 -0.02014835
 -0.09874544 -0.04572806  0.12438258  0.06138294  0.05538632  0.02816625
 -0.11200601 -0.33512685 -0.07324519 -0.07802359  0.03288044 -0.13645725
 -0.02699254  0.02481682 -0.17919724 -0.1623334   0.02799815  0.02122776
  0.02418229 -0.01749709  0.13746889  0.03629506 -0.15635701  0.06524175
  0.00858758  0.30779591  0.21495758  0.05815164 -0.01186458 -0.09397222
  0.09620557 -0.22374879  0.02964236  0.15675671  0.11586557 -0.00369765
  0.0991381  -0.10858154 -0.04769953  0.13718449 -0.16671474  0.01145691
  0.04892809 -0.05078763 -0.01171546 -0.10568638  0.13223594  0.0626386
 -0.12771438 -0.11322526  0.08192146 -0.09796277 -0.03996675  0.08486887
 -0.12972972 -0.15895848 -0.31833974  0.06336617  0.39730987  0.09161916
 -0.25310817 -0.02251138 -0.09978413  0.02163886  0.10315477  0.06099968
 -0.03683282  0.01265807 -0.10560562  0.0236791   0.11037099 -0.0523449
 -0.05308379  0.24683602 -0.01630855  0.06931611  0.05351925  0.00178802
 -0.09914368  0.0115386  -0.12689827  0.01787365  0.0344321  -0.07949554
 -0.0103566   0.07737876 -0.12494677  0.05511586  0.02899942  0.00404562
 -0.01047202 -0.03450578 -0.08512236 -0.03134126  0.13609366 -0.26477605
  0.22899985  0.18543193 -0.02719186  0.10454037  0.07566764  0.03367072
 -0.01555833 -0.00681103 -0.07341532 -0.06018354  0.06651472 -0.05202866
  0.07063505 -0.07628851]