[-8.34949985e-02  1.72844514e-01 -1.60575062e-02 -5.58892749e-02
 -4.34853323e-02 -8.79385918e-02 -2.85457522e-02 -8.43566433e-02
  1.46724448e-01  1.45686744e-02  1.85957834e-01 -6.13232739e-02
 -1.59714088e-01 -1.25171393e-01 -4.80188578e-02  1.59946442e-01
 -2.06076190e-01 -7.64577314e-02 -1.16743706e-01 -7.76557848e-02
  4.15872149e-02  2.80616172e-02  2.85068806e-02  5.65717630e-02
 -1.21578887e-01 -3.01639736e-01 -8.90988857e-02 -9.47033688e-02
  6.60665184e-02 -8.36452395e-02 -3.85564938e-02  8.12166333e-02
 -1.89304367e-01 -1.51482493e-01  7.74721429e-02  5.98219298e-02
 -2.95679010e-02  6.54958203e-05  1.92771330e-01  8.88695195e-02
 -1.62235588e-01  9.38375518e-02  5.32984734e-02  3.38720888e-01
  2.67130315e-01  8.32599103e-02  1.25458585e-02 -1.24594882e-01
  1.07784770e-01 -1.45535707e-01  6.78210855e-02  1.73347339e-01
  5.26315458e-02  6.58246577e-02  2.22033169e-02 -8.69556814e-02
  1.57371052e-02  6.68438002e-02 -1.69895053e-01 -5.27392589e-02
  1.13315277e-01 -8.24166164e-02 -6.37512878e-02 -2.40485109e-02
  1.40630960e-01  7.34963045e-02 -6.97607547e-02 -1.27185702e-01
  1.54739514e-01 -1.41156793e-01 -4.35088649e-02  2.67956890e-02
 -9.96529981e-02 -8.37034136e-02 -3.23009878e-01  4.04961295e-02
  4.55604792e-01  8.94992203e-02 -1.39151797e-01  3.01514752e-02
 -9.91930142e-02 -3.76784392e-02  1.24421023e-01  6.68308660e-02
 -1.20734289e-01 -2.85854768e-02 -3.15981172e-02  5.71137965e-02
  1.72380939e-01 -1.73424482e-02 -4.15175259e-02  1.33976206e-01
  3.79843079e-02  2.17198171e-02  5.95874377e-02  1.15662888e-02
 -7.78844059e-02  1.21103972e-02 -1.28914475e-01 -2.14307848e-02
  4.16608118e-02 -8.49913880e-02  9.11304075e-03  1.22539692e-01
 -2.00016141e-01  1.19445048e-01  9.06173959e-02 -3.37406732e-02
 -7.02812104e-03  3.77867967e-02 -8.14959109e-02 -5.84832616e-02
  1.25899643e-01 -2.04870507e-01  2.02938825e-01  1.94284990e-01
  1.12792347e-02  9.01513174e-02  1.01264261e-01  7.53236264e-02
 -2.45677177e-02 -9.12891515e-03 -1.08180046e-01 -6.55358657e-02
  7.18557164e-02  5.39112277e-02  1.02057956e-01 -2.66478281e-03]