[-0.1457509   0.15510778  0.0659314   0.00474935  0.03873844 -0.06978724
  0.00225273 -0.04755006  0.12995888 -0.0275759   0.28851619 -0.05798073
 -0.22925894 -0.12243176 -0.04661191  0.16627035 -0.20467961 -0.08899223
 -0.08809306 -0.05209469  0.1005891   0.03847322  0.00552149  0.02533693
 -0.08927508 -0.29362306 -0.05289257 -0.09886318  0.02813798 -0.0983913
 -0.03464008  0.02674046 -0.18342745 -0.10178509  0.02118968  0.01939524
  0.04771687 -0.00515192  0.15540135  0.02327419 -0.1608744   0.00275739
  0.03720736  0.32493591  0.17099105  0.06996212 -0.0462498  -0.10254369
  0.07119862 -0.1986278   0.01492394  0.13598147  0.07238996  0.05579912
  0.0437654  -0.14958322 -0.02574638  0.05342859 -0.12439841  0.00640181
  0.03619745 -0.07061721 -0.01792544 -0.11013336  0.16250774  0.05394309
 -0.09761014 -0.14282595  0.1179464  -0.10768902 -0.05039478  0.0683135
 -0.09928769 -0.1298679  -0.31109855  0.02456684  0.3402532   0.07028419
 -0.17444716  0.0264045  -0.08663394 -0.02361815  0.08559909  0.07017922
 -0.07728247  0.05880982 -0.0872187   0.01077891  0.17303888 -0.02564886
 -0.04080981  0.17829576 -0.06847692  0.01428638  0.03940505  0.00346351
 -0.07240236  0.02698282 -0.13800417 -0.02421151  0.04894706 -0.10391907
 -0.00978968  0.10895129 -0.17288063  0.0369849   0.03236546  0.02029133
  0.01057293  0.04497237 -0.10125332 -0.03760634  0.1314275  -0.19547696
  0.22716391  0.19477244  0.02707662  0.08387497  0.0919925   0.07697941
 -0.05653558  0.01022487 -0.14498781 -0.05194647  0.07890243  0.00598939
  0.07163478 -0.02024585]