[-0.09629099  0.18826531  0.04830729 -0.06998185 -0.03264853 -0.05476559
  0.0116071  -0.09897733  0.12602811 -0.0228065   0.2654644  -0.08057392
 -0.17311671 -0.17246549 -0.02023468  0.1759011  -0.16744229 -0.08792046
 -0.08042847 -0.01859395  0.08093349  0.02622269  0.0403024   0.03195196
 -0.0404212  -0.33257836 -0.0600931  -0.07059329  0.07461568 -0.07959016
 -0.04845753  0.08662577 -0.18144356 -0.11649556  0.04584297  0.05052177
 -0.0151111  -0.01800179  0.19772168  0.01451861 -0.17364846  0.0691477
  0.03766406  0.30851826  0.2239428   0.07641634  0.01638073 -0.1135804
  0.10096806 -0.10730485  0.03040213  0.14649102  0.11090948  0.02799309
  0.00634443 -0.13283566  0.02051947  0.04762984 -0.16692896 -0.06160421
  0.07050014 -0.08356556 -0.03139255 -0.03762121  0.19821247  0.02566794
 -0.0795059  -0.12884913  0.12737793 -0.08315901 -0.0189631   0.04011422
 -0.16038796 -0.10527454 -0.25344855  0.04391838  0.36294794  0.0753118
 -0.19450076  0.05082612 -0.08486868  0.00054591  0.11692562  0.10642954
 -0.09060596  0.01400966 -0.08295806  0.0079709   0.14486554 -0.06811362
 -0.04404144  0.19008486  0.01695395  0.02515032  0.02604324 -0.04891183
 -0.04849035  0.05556157 -0.12555183 -0.04647249  0.04881732 -0.0748416
  0.00311829  0.12538905 -0.22219907  0.09460761  0.03936148  0.04423868
  0.01084876 -0.00590892 -0.0445197  -0.06658464  0.09029142 -0.20007944
  0.18773553  0.18974626  0.01398931  0.10818885  0.12104221  0.08357827
  0.0182815  -0.00454516 -0.13005105 -0.02953622  0.13522513  0.03729727
  0.11813851 -0.00097249]