[-0.05489235  0.2326494   0.0111998  -0.02910423 -0.08150292 -0.06778129
 -0.02464321 -0.1460207   0.12864512  0.01261835  0.27529207 -0.03922127
 -0.19703208 -0.1407813  -0.09255067  0.16922702 -0.20529068 -0.10889658
 -0.05250716 -0.00049261  0.11996266  0.0146608   0.06625041  0.00929586
 -0.0588264  -0.30447039 -0.08477632 -0.08355116  0.07265031 -0.04854386
 -0.02114819  0.06111208 -0.16435783 -0.13101904  0.06209279  0.04087782
 -0.06834476 -0.00924291  0.17501956  0.03012911 -0.15764427  0.05950715
  0.05600048  0.33179441  0.23379131  0.07579935  0.06112045 -0.20448844
  0.07625438 -0.12335151  0.04926784  0.15659861  0.13314764  0.04652617
  0.0322796  -0.11733495  0.04108265  0.08829432 -0.16601895 -0.01791011
  0.11915888 -0.02712547 -0.04323147 -0.06098374  0.22231631  0.03386846
 -0.09041078 -0.13671835  0.12613396 -0.11174216 -0.1179712   0.04779382
 -0.13552415 -0.13020711 -0.31779209 -0.02204774  0.4293592   0.06839165
 -0.17759946  0.05130907 -0.06720747 -0.00387021  0.12795743  0.10477388
 -0.12515773  0.01076224 -0.12600009 -0.00552999  0.16985923 -0.10418632
 -0.05443112  0.19463636  0.02876864  0.05584611  0.05215315 -0.01153026
 -0.05212368  0.06970072 -0.15822627 -0.07277139  0.0183538  -0.07429521
 -0.01512964  0.1006659  -0.16913542  0.06402152  0.0533504   0.05520755
  0.0034301  -0.05755498 -0.09503178 -0.06634118  0.13423668 -0.22014523
  0.19545314  0.17693344  0.0381926   0.07507685  0.1543965   0.06392431
 -0.00767879 -0.04050081 -0.15643665  0.0042069   0.10194752 -0.00948847
  0.08666091 -0.00586313]