[-0.11369236  0.19559459  0.05038276 -0.06843916 -0.06510317 -0.09582894
 -0.01728037 -0.14358655  0.11471403 -0.02134887  0.26989746 -0.06193734
 -0.16711703 -0.17914294 -0.05891704  0.18005536 -0.18348137 -0.10413667
 -0.04883227 -0.0393733   0.11023822  0.01736761  0.03551557  0.02426496
 -0.07854117 -0.32001242 -0.11364644 -0.09017403  0.04281513 -0.07485937
 -0.0081447   0.02499661 -0.15631115 -0.11988904  0.02903694  0.04146498
 -0.0655076  -0.03279634  0.18910272  0.02317736 -0.18327285  0.061817
  0.04278006  0.33794412  0.23229662  0.05025706  0.07886443 -0.15942518
  0.11446331 -0.09958646  0.06701002  0.13937427  0.09994795  0.04533652
  0.04275749 -0.0874617   0.02279179  0.13191026 -0.16656296  0.00506244
  0.12025473 -0.07683906 -0.00977517 -0.02802609  0.2172505   0.06509697
 -0.08486905 -0.15974478  0.16798477 -0.10438948 -0.09983473  0.04656037
 -0.16243991 -0.13001014 -0.32485029  0.03568425  0.43753085  0.08219019
 -0.16677199  0.03367474 -0.08199655  0.01332012  0.17659013  0.14831272
 -0.06927151 -0.00212199 -0.10319593  0.01251141  0.18151438 -0.07348201
 -0.08318476  0.18937312  0.03032728  0.05335528  0.03326925 -0.02330779
 -0.06110481  0.08381604 -0.1066215  -0.03254903  0.03181771 -0.04638623
  0.01693513  0.13339412 -0.13751954  0.10493045  0.05267861  0.07426661
 -0.03764607 -0.01593755 -0.05775754 -0.05709679  0.09105799 -0.2052177
  0.21285906  0.176875    0.03017267  0.08947243  0.13021441  0.06078274
  0.01815229 -0.04456094 -0.1538738   0.02521159  0.09946627  0.0331402
  0.13047382  0.01982658]