[-0.08186767  0.19569877  0.04795531 -0.05379998 -0.08917011 -0.05799926
 -0.05100233 -0.13135424  0.09841018 -0.00458411  0.23239456 -0.05323754
 -0.16742118 -0.17394534 -0.06202476  0.16501637 -0.17541973 -0.11193581
 -0.03348162 -0.00569524  0.0781249  -0.00280532  0.05991159 -0.00133801
 -0.07151011 -0.30355313 -0.07881097 -0.09115922  0.07172614 -0.05849431
 -0.03919609  0.03742735 -0.17971292 -0.11160532  0.0306224   0.04001529
 -0.06765394 -0.00329506  0.16854556  0.01583304 -0.19485286  0.03272443
  0.03092614  0.27742305  0.21836603  0.09278169  0.05518627 -0.17053783
  0.10366782 -0.08138489  0.06471265  0.1475123   0.11087587  0.03502668
  0.01958968 -0.10945795  0.05480082  0.0943458  -0.16984956 -0.00412254
  0.11272951 -0.05189344 -0.01074331 -0.03927385  0.22227494  0.03871737
 -0.05147995 -0.15699913  0.18645096 -0.09832984 -0.07632572  0.08092714
 -0.12303286 -0.11672676 -0.30087629 -0.01043516  0.39087823  0.08517761
 -0.15193431  0.01048196 -0.07607526 -0.0074025   0.13163261  0.10413833
 -0.11953767  0.00917444 -0.09776309 -0.03108157  0.18181154 -0.07400112
 -0.04778038  0.17483343  0.04070353  0.05228082  0.03722012 -0.03222204
 -0.05409909  0.08337566 -0.11703295 -0.05756665  0.02528612 -0.0935424
  0.01646814  0.13508616 -0.15996429  0.08186076  0.04113141  0.06536038
 -0.01265582 -0.00663842 -0.0628892  -0.08592536  0.11639684 -0.2006588
  0.20421593  0.18066072  0.05888288  0.06508012  0.13881135  0.08541191
 -0.0136746  -0.05366402 -0.15248981  0.00410514  0.10424315 -0.02203593
  0.10831592  0.03600146]