[-0.14051646  0.19570632  0.06002378 -0.05884441 -0.07598822 -0.0914676
 -0.01525345 -0.14512531  0.08612858  0.01981617  0.28032801 -0.08211769
 -0.20975268 -0.14958972 -0.05553117  0.18663827 -0.20851855 -0.10391922
 -0.04334316 -0.02342597  0.10206641  0.00573321  0.04847823  0.02594721
 -0.08912181 -0.30650017 -0.09238295 -0.07813099  0.03840864 -0.02992236
 -0.02844488  0.05453969 -0.18528797 -0.12959158  0.07203235  0.064058
 -0.05869818 -0.05350235  0.19951466 -0.00465635 -0.18265362  0.06629466
  0.0865978   0.3299396   0.20296574  0.04698874  0.0513208  -0.16986759
  0.11512981 -0.0920974   0.08137307  0.14782493  0.12172158  0.03720237
  0.03076914 -0.13308936  0.05546178  0.09743942 -0.17287414 -0.03916072
  0.14045255 -0.06568827 -0.03203665 -0.0794776   0.19234481  0.05451108
 -0.09873533 -0.15325041  0.13345022 -0.05857844 -0.07517628  0.05704137
 -0.18058644 -0.12597525 -0.3507843   0.02665613  0.41317114  0.05314458
 -0.18355627  0.03074804 -0.03717507  0.01510433  0.15455577  0.15062234
 -0.09899865  0.0220538  -0.10960361  0.02691686  0.15076558 -0.07457846
 -0.08408663  0.1739924   0.0449575   0.03440401  0.05558975  0.00764735
 -0.05762009  0.05169397 -0.15023175 -0.01496308  0.04157892 -0.05541048
 -0.01150948  0.12884577 -0.15867124  0.06318759  0.0685273   0.05128793
 -0.04855045 -0.05946276 -0.07475131 -0.04399509  0.07326247 -0.22969984
  0.19126372  0.16141108  0.02757621  0.08558857  0.13964479  0.04160744
 -0.00290139 -0.02232875 -0.15673134 -0.00569673  0.1343379   0.02958515
  0.14149161  0.01852964]