[-0.08252614  0.13751443  0.09213396 -0.06918781 -0.07937751 -0.06917235
 -0.01414941 -0.06210632  0.10010517  0.01588702  0.32796773 -0.03595804
 -0.24887411 -0.15737759 -0.03750519  0.13385965 -0.17509179 -0.04824325
 -0.07184184 -0.03552632  0.14063947  0.05244244  0.05519028  0.02040398
 -0.1251411  -0.33264613 -0.07959444 -0.06220545 -0.00665285 -0.10383177
 -0.01504288  0.06081497 -0.19439068 -0.1254103   0.03696359  0.06203402
  0.0049086  -0.02785873  0.14197294  0.00837237 -0.16117467  0.09098798
  0.00945274  0.27036309  0.21597286  0.02695313  0.01296163 -0.08810325
  0.08250872 -0.21965089  0.03443995  0.15810521  0.08259207 -0.00038713
  0.06672352 -0.10124328 -0.03472032  0.14932683 -0.1631511  -0.00062244
  0.03418602 -0.09444314 -0.02399438 -0.11966973  0.12115327  0.06957822
 -0.12668917 -0.13523942  0.09182075 -0.08964159 -0.07044864  0.07264685
 -0.17477174 -0.1577059  -0.33149925  0.06932231  0.38140544  0.08565957
 -0.26513726  0.00340444 -0.06181636  0.05345905  0.11634172  0.07145796
 -0.00957648  0.02301863 -0.12925506  0.04785854  0.13260029 -0.0743505
 -0.07280516  0.2542721  -0.01163318  0.11172562  0.0658369   0.00932047
 -0.0438859   0.01148383 -0.1546201   0.03839025  0.03399016 -0.06754997
 -0.0315477   0.1015751  -0.09215573  0.05292831  0.01152367  0.01780512
 -0.04450633 -0.04868818 -0.08066919 -0.03250393  0.12052102 -0.24052785
  0.23782919  0.19929156 -0.02530447  0.09724947  0.0965011   0.02362748
 -0.01372232 -0.0289423  -0.11680744 -0.03975025  0.08993161 -0.02107035
  0.08550781 -0.05162298]