[-0.10975914  0.18425271  0.04882354 -0.04966813 -0.06401294 -0.09296911
 -0.02509868 -0.14566746  0.10643826 -0.02384154  0.26054522 -0.05769974
 -0.17946096 -0.19656835 -0.04504701  0.1780287  -0.1907513  -0.11616278
 -0.04436375 -0.03278663  0.11563677  0.01820327  0.04339639  0.02048659
 -0.09976884 -0.33451727 -0.11260261 -0.08370228  0.05517728 -0.07568508
 -0.02424506  0.03046762 -0.15405776 -0.10504222  0.03514303  0.05273893
 -0.06645565 -0.03484401  0.18119891  0.0222721  -0.19599615  0.06780566
  0.04107255  0.32660863  0.22177732  0.06025351  0.08351727 -0.17097743
  0.12200359 -0.081739    0.06850012  0.15760718  0.0981658   0.03675813
  0.04830579 -0.08514482  0.0186984   0.11526668 -0.16513458 -0.0017762
  0.12879689 -0.07419451 -0.00989735 -0.03925626  0.19288056  0.04546176
 -0.07838096 -0.15942387  0.17764847 -0.10770559 -0.09391002  0.05381976
 -0.15498792 -0.12625754 -0.31723455  0.02078415  0.43622527  0.06830049
 -0.15463974  0.03796239 -0.07809882  0.0046189   0.16564599  0.13915221
 -0.08064397 -0.00167637 -0.11612511  0.01843644  0.18715483 -0.07143094
 -0.05743768  0.17746711  0.04434575  0.04857608  0.04576523 -0.01887443
 -0.07606777  0.08416001 -0.09810579 -0.03555959  0.03530695 -0.07032181
  0.02033076  0.12303244 -0.13051337  0.11052763  0.0633656   0.07056586
 -0.01855397 -0.00331464 -0.0727873  -0.07081244  0.07975902 -0.21329916
  0.20627415  0.17163078  0.041294    0.08443347  0.12135681  0.08551595
 -0.00864178 -0.04632249 -0.15315562  0.00944978  0.09466537  0.03161097
  0.12244795  0.01753254]