[-0.06976547  0.18668622  0.03937165 -0.0541704  -0.09265903 -0.0665668
 -0.05460535 -0.12360511  0.08595958  0.00572097  0.23392665 -0.07150324
 -0.17000034 -0.16668156 -0.05766273  0.1680125  -0.17546146 -0.10886581
 -0.03992961 -0.0184809   0.08199308 -0.00405373  0.04412165 -0.00162859
 -0.067903   -0.30368343 -0.07880108 -0.08401094  0.07160204 -0.06723371
 -0.02424365  0.05447612 -0.17800915 -0.10490264  0.03468833  0.04894165
 -0.06195665 -0.01846638  0.16735524  0.01304171 -0.18742327  0.04559278
  0.02923836  0.27738684  0.21567224  0.08205862  0.06076679 -0.17188776
  0.11144949 -0.0700985   0.06414782  0.15198596  0.11524936  0.04182371
  0.01197427 -0.1034584   0.06303271  0.09742332 -0.17079711 -0.01650694
  0.12556832 -0.04998075 -0.01262537 -0.05486845  0.21666136  0.03276296
 -0.05022336 -0.15952158  0.17755952 -0.09695025 -0.08439332  0.06981581
 -0.12943673 -0.11282245 -0.30060625  0.00402093  0.39258906  0.08128013
 -0.16540985  0.02350575 -0.06042493 -0.00704591  0.14101121  0.10689318
 -0.11865882  0.01114282 -0.09803694 -0.02621373  0.18739702 -0.07488381
 -0.04829065  0.16997062  0.04155878  0.05650886  0.04568709 -0.04331864
 -0.04532185  0.08516454 -0.1082248  -0.04924715  0.02567517 -0.1001726
  0.00801476  0.1244651  -0.14860341  0.09508663  0.04309028  0.07527771
 -0.01670669 -0.00494466 -0.06172751 -0.08221217  0.12139018 -0.20222472
  0.19729035  0.17143898  0.06355009  0.06734499  0.14099003  0.10403092
 -0.01671563 -0.04838298 -0.16033591  0.00819267  0.10963223 -0.00792119
  0.10427981  0.03878444]