[-1.23306490e-01  2.01700881e-01  6.52981177e-02 -4.61579300e-02
 -8.28518569e-02 -6.45784512e-02 -2.01424938e-02 -1.35836706e-01
  8.69858339e-02  2.65372302e-02  2.81088054e-01 -8.37606415e-02
 -2.22841695e-01 -1.46573499e-01 -6.68914244e-02  1.89832792e-01
 -1.91735387e-01 -1.21204734e-01 -4.18250710e-02 -1.47131179e-02
  1.20500624e-01  2.80484352e-02  4.06551436e-02  1.74458306e-02
 -1.06487207e-01 -2.98399329e-01 -7.26157352e-02 -7.93618485e-02
  1.94891430e-02 -5.65302074e-02 -4.03455868e-02  5.35078160e-02
 -1.91075608e-01 -1.17428079e-01  7.50175864e-02  6.16887920e-02
 -4.80764210e-02 -4.95733283e-02  1.81116685e-01  1.28450245e-02
 -1.89731583e-01  6.36878237e-02  8.38502795e-02  3.28851759e-01
  2.01125622e-01  4.93711717e-02  4.34237532e-02 -1.68388709e-01
  9.35679525e-02 -9.52523425e-02  7.86804110e-02  1.54738173e-01
  1.17565587e-01  3.83768380e-02  2.91394237e-02 -1.34238675e-01
  2.61668358e-02  1.02310136e-01 -1.58226028e-01 -2.94598341e-02
  1.27829432e-01 -4.50372472e-02 -2.45384593e-02 -9.01679993e-02
  1.93030164e-01  3.80599089e-02 -1.00797787e-01 -1.52589664e-01
  1.09451927e-01 -6.16061762e-02 -9.18709040e-02  6.41265586e-02
 -1.84418947e-01 -1.32020101e-01 -3.38657528e-01  2.80609969e-02
  4.08919901e-01  3.76754217e-02 -1.96824849e-01  2.90601049e-02
 -2.41033025e-02  1.33952275e-02  1.47471949e-01  1.46373004e-01
 -8.01877230e-02  3.87129970e-02 -1.02063194e-01  2.44853795e-02
  1.70828775e-01 -8.52993056e-02 -7.49444440e-02  1.88057289e-01
  2.56275143e-02  1.98960211e-02  5.11666648e-02 -1.74876302e-04
 -3.99172567e-02  5.90489767e-02 -1.40626907e-01 -2.95592006e-02
  2.74834074e-02 -5.64600229e-02 -1.65726114e-02  1.26417905e-01
 -1.55078799e-01  3.31652723e-02  6.42394200e-02  5.04997782e-02
 -4.43043783e-02 -5.58536164e-02 -8.83599371e-02 -6.24982528e-02
  8.50234851e-02 -2.34574914e-01  1.89858004e-01  1.65536657e-01
  2.84792669e-02  6.78910315e-02  1.36792094e-01  4.76158783e-02
  1.15054296e-02 -1.11486241e-02 -1.44115910e-01 -1.38015382e-03
  1.45424277e-01  2.45065391e-02  1.27911910e-01  4.31992440e-03]