[-0.03278074  0.12375911  0.09375994 -0.03577265 -0.05498474 -0.05423328
 -0.02273698 -0.10924125  0.11384112 -0.01262222  0.28565246 -0.01091069
 -0.20151734 -0.16846751  0.01714637  0.13212739 -0.1951108  -0.06096862
 -0.0569177  -0.00523193  0.14270239  0.04159369  0.09278915  0.00847635
 -0.13428323 -0.36427316 -0.10044479 -0.10531288  0.09703339 -0.08504625
 -0.04084292  0.06167088 -0.15098366 -0.12289858  0.04044033  0.01747446
  0.01630627 -0.02700472  0.14967878  0.03340569 -0.20328549  0.12504788
  0.02438332  0.24408913  0.25337663  0.04741091  0.04237896 -0.09615711
  0.08656512 -0.18653758  0.04354762  0.10782969  0.09247579  0.02639298
  0.08780596 -0.133737   -0.0258513   0.08652218 -0.22622959  0.05607766
  0.06676053 -0.06606595  0.02674741 -0.04906579  0.10141456  0.05794599
 -0.08350366 -0.15308921  0.10183966 -0.14071946 -0.05249018  0.06925301
 -0.17127442 -0.12976889 -0.30939516  0.01202781  0.34744486  0.10921504
 -0.21118008  0.00573687 -0.04586567  0.00452086  0.08990701  0.07201027
 -0.01910648  0.0064919  -0.0789266   0.02150359  0.13361734 -0.04300864
 -0.03294494  0.29409316 -0.01520684  0.09455916  0.05717258  0.00621769
 -0.08558378  0.02015016 -0.15664947 -0.01458499 -0.02915613 -0.07520998
  0.03760649  0.11138612 -0.14198267  0.09368489 -0.01550153  0.02621933
 -0.02545608 -0.00073341 -0.08374255 -0.02152169  0.12797549 -0.21054249
  0.23044167  0.23612373  0.0565295   0.05554138  0.08006018  0.0049285
 -0.00805861 -0.01110521 -0.1321661  -0.00340309  0.055533   -0.07886351
  0.05732691 -0.01570533]