[-0.08201184  0.16476473  0.07009707 -0.0713669  -0.05397997 -0.07149243
 -0.06253066 -0.06219653  0.13021357  0.01377186  0.27910203 -0.01441143
 -0.23420952 -0.1364563   0.01219544  0.14190397 -0.20574053 -0.03792822
 -0.10789175 -0.03908208  0.1314977   0.05237735  0.0206443   0.03773427
 -0.13618039 -0.31188753 -0.08490302 -0.07036582  0.04362932 -0.07530857
 -0.02158791 -0.01673842 -0.18381318 -0.15124986  0.03202531  0.05770301
 -0.01103331 -0.05069707  0.10529506  0.06723747 -0.16935964  0.10177373
  0.00053842  0.26827446  0.24101518  0.06018211  0.02535436 -0.11405557
  0.11615332 -0.22133902  0.05210008  0.16598082  0.10746308  0.03896803
  0.10409214 -0.10592641 -0.01351003  0.16526794 -0.18200821  0.01904355
  0.049623   -0.04664721 -0.01861664 -0.11688639  0.11134241  0.0918365
 -0.11264288 -0.10986568  0.11216628 -0.08727664 -0.09682257  0.04095793
 -0.15230058 -0.13884354 -0.36040381  0.03987681  0.35696477  0.09479997
 -0.25621045 -0.01687728 -0.0671333   0.03903111  0.0890522   0.06754936
 -0.03341277 -0.01613312 -0.07199017  0.02305258  0.14035879 -0.0569357
 -0.00276259  0.26232791  0.00922009  0.05840204  0.04727235  0.01877267
 -0.08623164 -0.0206249  -0.12281334 -0.02465592  0.05877229 -0.08268346
  0.00282858  0.10074426 -0.16565435  0.08559073  0.05430789  0.01438851
  0.01624677 -0.00651829 -0.06971032 -0.04893916  0.15504409 -0.19723898
  0.24382971  0.23117173 -0.02013752  0.06480733  0.07222354  0.05246247
 -0.05222197 -0.01283227 -0.10401534 -0.05323976  0.03868497 -0.01913757
  0.03239963 -0.02940412]