[-0.06792316  0.13922045  0.07956066 -0.02556003 -0.02108375 -0.06621432
 -0.03147689 -0.08667132  0.14836328 -0.01445379  0.3059386  -0.04379058
 -0.25004908 -0.14632784 -0.02908758  0.16107862 -0.20036827 -0.07429613
 -0.05663172 -0.02572069  0.14514346  0.05062665  0.0299886   0.01832524
 -0.12273692 -0.3382445  -0.09303197 -0.06398561  0.05899867 -0.08609744
 -0.06750908  0.01517745 -0.17811415 -0.12289381  0.04289557  0.05377296
  0.0238886  -0.05298088  0.13440731  0.05760963 -0.17137516  0.0663942
  0.02057251  0.26998004  0.1886382   0.07090617  0.0176302  -0.13818966
  0.10426425 -0.1989917   0.05707494  0.14739361  0.10678015  0.0344828
  0.07684585 -0.13495584 -0.05284651  0.15197878 -0.17171712  0.02814573
  0.04217601 -0.03652393 -0.01525288 -0.11171986  0.12062605  0.08735301
 -0.10984271 -0.13022904  0.10506944 -0.10998249 -0.08676901  0.04535348
 -0.14070304 -0.13415979 -0.35330087  0.02364668  0.37149221  0.05511783
 -0.21542607 -0.00147296 -0.03786099  0.01604431  0.10806916  0.08320244
 -0.04920825  0.02293028 -0.09047454  0.01565013  0.16266274 -0.05028178
 -0.01844028  0.23058872 -0.04021606  0.09066221  0.03352403  0.02895023
 -0.07258209  0.01653501 -0.11629321 -0.01959441  0.03860798 -0.07020354
 -0.00083096  0.11331824 -0.1652067   0.03710787  0.03439019  0.0091667
  0.0303648  -0.00114152 -0.0767707  -0.05403924  0.12223249 -0.23247977
  0.22252865  0.21862762 -0.00310966  0.0741815   0.06052705  0.05397506
 -0.02861465 -0.02200269 -0.13678563 -0.03682045  0.05767037 -0.01973947
  0.0354429  -0.04088161]