[-0.13795069  0.09990381  0.03103783 -0.01919769 -0.06628336 -0.03915827
  0.00497063 -0.06428599  0.14448375 -0.00925275  0.24718468 -0.04684265
 -0.26515475 -0.05552989 -0.07064977  0.13767956 -0.18963245 -0.06870984
 -0.12613145 -0.14301018  0.06949449  0.05325675 -0.00698229  0.01637336
 -0.11936052 -0.28198591 -0.03017221 -0.06467425  0.0595752  -0.1082892
  0.0360687   0.01860504 -0.2410491  -0.09349959  0.02488695  0.0248223
 -0.03144408 -0.06179386  0.16858344  0.00514144 -0.17027222  0.03639343
  0.04694691  0.28436449  0.17358303  0.04133161 -0.04663742 -0.09556844
  0.12086654 -0.2693125   0.00252506  0.20071505  0.05761747  0.05722697
  0.07999637 -0.14472687 -0.01861063  0.13348533 -0.13068078  0.01182507
  0.03874692 -0.03404026 -0.01107213 -0.15325306  0.14198054  0.04743375
 -0.11499613 -0.12765659  0.10516959 -0.12626156 -0.04096256  0.09970546
 -0.09501709 -0.20246854 -0.31997275  0.08750395  0.38298729  0.15357371
 -0.16150573  0.02611374 -0.06598206  0.02003157  0.08181633  0.06142345
 -0.06622459  0.02697064 -0.06257529  0.03018006  0.15610759 -0.02202358
 -0.06336889  0.22664241 -0.0303637   0.01338939  0.00911585  0.03581299
 -0.12613203 -0.01836601 -0.1113179  -0.02577258  0.09165394 -0.06228792
  0.0373287   0.11874501 -0.14289907  0.11422124 -0.01574655  0.01213703
 -0.01119897  0.01083997 -0.04720573  0.00723258  0.12721224 -0.25415331
  0.26466495  0.18578744 -0.02208836  0.12030261  0.07731454  0.04297397
 -0.05098213  0.02697218 -0.11237224 -0.10330737  0.04337192 -0.02328949
  0.05997509 -0.03078263]