[-0.07999214  0.18605115 -0.0039401  -0.04265578 -0.06781442 -0.07902028
 -0.03400537 -0.15535133  0.11850124  0.00102323  0.25653139 -0.04668859
 -0.18011022 -0.16882527 -0.06958372  0.16096291 -0.20279078 -0.09855845
 -0.05956004 -0.00608405  0.10203701  0.00363836  0.06056243  0.01701304
 -0.08338457 -0.30129328 -0.10108329 -0.08847725  0.05586273 -0.06424781
 -0.02610107  0.08222032 -0.15889482 -0.11972786  0.04754099  0.04263191
 -0.05471246  0.01032864  0.16566347  0.04756039 -0.18951413  0.03898426
  0.06377795  0.31970403  0.24816099  0.07140505  0.05757298 -0.17536518
  0.11248934 -0.10603565  0.04391154  0.1498329   0.12252345  0.03828978
  0.05277789 -0.09024646  0.0358219   0.08651663 -0.1503984  -0.02354468
  0.11265989 -0.03672392 -0.02950359 -0.03960212  0.19453825  0.03622605
 -0.06521583 -0.15100272  0.14563484 -0.11289784 -0.11422896  0.08774239
 -0.14406477 -0.12569702 -0.33500344 -0.03179714  0.42843577  0.05656844
 -0.13219643  0.0493147  -0.07619174 -0.02914101  0.13104776  0.09008063
 -0.12093345  0.02471123 -0.10696156 -0.00080519  0.19647324 -0.08301061
 -0.04824121  0.17505136  0.02710403  0.0441468   0.04884122 -0.0114677
 -0.04575406  0.06194617 -0.13723591 -0.08133578  0.03190103 -0.08381394
  0.00607347  0.10445493 -0.17713979  0.07293769  0.06319314  0.06253894
 -0.00734937 -0.0311504  -0.08766569 -0.0551265   0.11467757 -0.22165267
  0.17896761  0.17108874  0.04413198  0.04515146  0.12624149  0.05496595
 -0.03440543 -0.04062044 -0.13190065  0.00176704  0.10424783  0.00851665
  0.09101062 -0.00846244]