[-0.04977372  0.11106884  0.08045892 -0.03269294 -0.05961658 -0.05529613
 -0.02158248 -0.09942584  0.1132969  -0.008446    0.27222863 -0.00261914
 -0.197439   -0.15435441  0.0154566   0.12947749 -0.19032435 -0.05905898
 -0.06121494 -0.01351687  0.15130173  0.03228682  0.06938295  0.00296303
 -0.13404422 -0.35436323 -0.1029942  -0.09699656  0.0931031  -0.07745501
 -0.04067637  0.04751363 -0.15829143 -0.12903501  0.04590394  0.02164728
  0.00167884 -0.0339155   0.14523885  0.03940114 -0.20312288  0.11978734
  0.03740148  0.23894611  0.25748897  0.05966138  0.0412774  -0.11483337
  0.10648997 -0.18370284  0.04248749  0.11307555  0.08950707  0.03792056
  0.09795    -0.13164    -0.01494347  0.07694907 -0.21034408  0.04159719
  0.06383214 -0.0580496   0.01866972 -0.06425931  0.09524674  0.04817325
 -0.08027289 -0.15221177  0.10732987 -0.13098855 -0.06320142  0.07351997
 -0.16256815 -0.13584407 -0.31401119  0.01056945  0.36956888  0.10978973
 -0.20276582  0.01264804 -0.04985396 -0.00735336  0.10515472  0.07414579
 -0.01333899  0.00253304 -0.07584442  0.02464489  0.14729948 -0.04578481
 -0.02872266  0.26885688 -0.00906761  0.098091    0.05142282  0.02507615
 -0.09944519  0.02693267 -0.15534346 -0.03355645 -0.00648202 -0.0623067
  0.0410397   0.10932095 -0.14454649  0.10237626 -0.00233631  0.03061832
 -0.02794914 -0.01816066 -0.08514065  0.00163326  0.11313211 -0.21181193
  0.23212658  0.22413543  0.04134262  0.05448886  0.086838   -0.000952
 -0.01634212 -0.01956621 -0.14733413 -0.0107815   0.05006475 -0.05915015
  0.059364   -0.01913986]