[-0.05063466  0.11929265  0.09114828 -0.02599397 -0.05052064 -0.06848056
 -0.01491625 -0.09805482  0.12444144 -0.01601506  0.29105422 -0.02062619
 -0.2012395  -0.15498114  0.00832224  0.13552062 -0.20424382 -0.05997071
 -0.06122398 -0.00065119  0.15174618  0.03265024  0.07826214  0.00497251
 -0.14680563 -0.36654907 -0.1002514  -0.11154187  0.09177142 -0.08184297
 -0.03285607  0.0483016  -0.15517019 -0.12364503  0.03645758  0.00710415
  0.02492158 -0.02147089  0.14676915  0.05091138 -0.20617004  0.1164637
  0.01717202  0.24685267  0.2484149   0.05974283  0.0413426  -0.11985739
  0.08247625 -0.19136305  0.04134064  0.10961805  0.084872    0.02527555
  0.09863842 -0.12485051 -0.01875841  0.07169127 -0.22332416  0.04908057
  0.07224651 -0.04314833  0.02125616 -0.04929327  0.10522952  0.0523844
 -0.08173962 -0.14253132  0.11298638 -0.14176534 -0.05840656  0.06359427
 -0.15458074 -0.13359761 -0.3192279   0.00316587  0.36247033  0.09856283
 -0.21184044  0.01142507 -0.05782765 -0.00621564  0.10323714  0.07351898
 -0.01834363  0.00162968 -0.07292786  0.02028682  0.14055681 -0.04475405
 -0.01959893  0.28364739 -0.01637076  0.08038495  0.05560446  0.00533156
 -0.09196014  0.02430677 -0.14213289 -0.02104558 -0.01442805 -0.0653097
  0.03124007  0.10750785 -0.15636717  0.08675387 -0.00774564  0.01228922
 -0.01665949 -0.00373578 -0.08533942 -0.01954571  0.12313455 -0.21298014
  0.23096251  0.23296022  0.04382918  0.05002014  0.07459249  0.00133848
 -0.01418839 -0.001806   -0.13987258 -0.0035165   0.04389673 -0.07843571
  0.04510176 -0.02435471]