[-1.41268224e-01  1.53992802e-01  5.90764098e-02 -2.01639701e-02
 -5.77670597e-02 -6.55899271e-02 -2.72342172e-02 -1.35563523e-01
  1.24018483e-01 -4.91342507e-02  3.17844838e-01  4.47976068e-02
 -1.59852847e-01 -2.04137668e-01 -1.80717986e-02  1.61975175e-01
 -2.30418235e-01 -1.04127839e-01 -7.01472175e-07  1.23429401e-02
  1.05576776e-01  1.74444895e-02  7.18370900e-02  3.37017439e-02
 -7.38446936e-02 -3.68689507e-01 -9.33379531e-02 -9.28707272e-02
  1.07803717e-01 -5.08449338e-02 -8.56913701e-02 -4.64661425e-04
 -2.02165201e-01 -1.20720349e-01  4.59561758e-02  8.74708220e-02
 -7.84634706e-03  1.41233054e-03  1.72937199e-01 -2.96908822e-02
 -1.96759373e-01  4.50600944e-02  3.98940854e-02  2.72978693e-01
  2.17394873e-01  8.63136426e-02  4.71357442e-02 -1.24112718e-01
  9.04258862e-02 -1.23567179e-01  9.01890993e-02  1.06369369e-01
  1.55909494e-01  2.20883954e-02 -2.89191697e-02 -1.57151297e-01
 -5.76392524e-02  9.92284045e-02 -1.50535986e-01  3.33232246e-02
  7.09813461e-02 -8.81418139e-02 -2.62802877e-02 -2.45965887e-02
  2.48402953e-01  7.71263391e-02 -1.33473620e-01 -1.91123873e-01
  1.50467277e-01 -1.36474773e-01 -7.67717063e-02  5.65023609e-02
 -1.42654046e-01 -1.42585397e-01 -2.93322295e-01  3.06423735e-02
  3.69356006e-01  5.42515814e-02 -2.09937453e-01  1.37877939e-02
 -1.22029178e-01  2.39953827e-02  1.13112725e-01  1.42633066e-01
 -1.22913821e-02  1.55823920e-02 -1.24101095e-01 -3.11725438e-02
  2.02460602e-01 -6.10451177e-02 -6.50585517e-02  2.20785260e-01
  1.85231050e-03  1.07404225e-01  3.43704633e-02  2.47427616e-02
 -4.00731377e-02  6.42987713e-02 -1.27644852e-01 -2.78480239e-02
  1.53016513e-02 -4.38698418e-02  2.88107619e-03  1.29112467e-01
 -1.48784205e-01  8.97023007e-02  2.20023450e-02  9.21935588e-02
  6.52454272e-02  2.17787293e-03 -1.04510739e-01 -1.29168749e-01
  9.34186205e-02 -2.43406281e-01  3.02440614e-01  2.14752913e-01
  4.28709798e-02  1.33473277e-01  1.23661794e-01  8.11160877e-02
  3.82191613e-02 -3.89610939e-02 -1.73884675e-01 -7.59381894e-03
  9.94624719e-02 -6.40084222e-02  1.12128630e-01  2.80304486e-03]