[-0.13237861  0.12361763  0.07797375 -0.03478106 -0.02893025 -0.07808734
 -0.01697666 -0.1660811   0.16678001 -0.07340598  0.32961389  0.04633605
 -0.18246543 -0.22854877  0.02642288  0.14550191 -0.1885058  -0.15466185
 -0.01468326 -0.0608279   0.04722534 -0.02969762  0.0483512   0.03728884
 -0.08799519 -0.32016039 -0.12644939 -0.14574605  0.12348119 -0.04048449
 -0.08769255  0.00458059 -0.17430618 -0.10818096  0.00622336  0.04460511
 -0.00622394 -0.00632495  0.18794528 -0.04504066 -0.19396241 -0.00527834
  0.00727625  0.25816041  0.17603683  0.01452006  0.04653812 -0.06832539
  0.07248965 -0.14271171  0.0877817   0.10595267  0.21054874  0.01958003
 -0.00549239 -0.1812629  -0.06745829  0.10153197 -0.17034744  0.05621602
  0.04261011 -0.12522416 -0.09133931 -0.03146825  0.25862202  0.13869074
 -0.14363164 -0.18061689  0.13761126 -0.12459107 -0.0427946   0.09863126
 -0.15281913 -0.13508566 -0.29375038  0.04266965  0.37387311  0.0481074
 -0.22964096  0.00379513 -0.15939239  0.02754914  0.06069393  0.08565612
 -0.07644318  0.06361604 -0.13671538 -0.04334794  0.15902218 -0.07011365
 -0.05472803  0.21019518 -0.01774257  0.12176938  0.0231028   0.02322242
 -0.02010491 -0.0110734  -0.10649132 -0.04670134  0.03918002 -0.06670593
 -0.00596889  0.07502531 -0.166683    0.09239255  0.05833647  0.06994199
  0.03007293  0.01107827 -0.07828452 -0.12129873  0.13548456 -0.25172898
  0.24550381  0.21210638  0.04783233  0.14380567  0.09999313  0.04292805
 -0.02961734 -0.07712636 -0.13330407  0.00789992  0.10047348 -0.06906584
  0.0920554   0.01377951]