[-1.43018246e-01  1.39984742e-01  3.83795761e-02 -2.65014656e-02
 -5.81675842e-02 -5.89696541e-02 -2.60890517e-02 -1.35893121e-01
  1.26441583e-01 -4.54512239e-02  3.16484779e-01  3.31711397e-02
 -1.55260772e-01 -2.05708340e-01 -2.08665542e-02  1.63630769e-01
 -2.35592321e-01 -1.05618112e-01 -1.09036695e-02  1.83972642e-02
  1.08064473e-01  1.56255364e-02  6.54974580e-02  4.26317379e-02
 -7.65522718e-02 -3.77816558e-01 -9.84982774e-02 -9.41277295e-02
  1.19496562e-01 -5.40984757e-02 -8.73716846e-02 -2.18545506e-03
 -2.07749367e-01 -1.24292307e-01  5.17869182e-02  9.17354897e-02
 -1.28952609e-02  2.54049897e-04  1.79239973e-01 -2.97851171e-02
 -2.05168799e-01  5.24243787e-02  4.94903959e-02  2.76387721e-01
  2.13990435e-01  9.34360996e-02  3.74611281e-02 -1.18263558e-01
  9.65968519e-02 -1.33087739e-01  9.89408940e-02  1.13131300e-01
  1.58425599e-01  2.57014688e-02 -1.73096601e-02 -1.53769776e-01
 -4.99687530e-02  1.06323697e-01 -1.51091516e-01  3.10506076e-02
  7.33849034e-02 -8.43843594e-02 -1.62623506e-02 -2.66619474e-02
  2.37983346e-01  6.95567131e-02 -1.28164396e-01 -1.85968623e-01
  1.45157963e-01 -1.30531237e-01 -6.34715483e-02  5.83090261e-02
 -1.39039457e-01 -1.51919961e-01 -2.94682443e-01  3.07752490e-02
  3.76190424e-01  6.31244704e-02 -2.09412053e-01  1.98438950e-02
 -1.19534150e-01  1.94862280e-02  1.26110658e-01  1.24120608e-01
 -5.33211976e-03  7.60017801e-03 -1.32890284e-01 -2.74537057e-02
  2.03769714e-01 -6.19768798e-02 -5.16601577e-02  2.18172416e-01
  1.82340597e-03  1.01452470e-01  3.36825885e-02  3.04190218e-02
 -4.91384566e-02  6.36692420e-02 -1.26012579e-01 -2.26585250e-02
  1.86112300e-02 -3.37988622e-02  3.80098447e-03  1.21299796e-01
 -1.50044605e-01  9.64227021e-02  3.06387674e-02  8.58932063e-02
  6.06439374e-02 -2.31305021e-03 -1.06820904e-01 -1.21538483e-01
  9.10106674e-02 -2.49038324e-01  3.04770678e-01  2.09146425e-01
  3.96328308e-02  1.36127278e-01  1.21899441e-01  7.26223961e-02
  3.10259704e-02 -4.43937890e-02 -1.81184381e-01 -1.31826401e-02
  1.02739051e-01 -6.14926331e-02  1.11008458e-01  8.72845238e-04]