[-0.13962822  0.1242795   0.02165272 -0.00627361 -0.06771944 -0.06243885
 -0.02642178 -0.15980804  0.12883629 -0.04981682  0.32376289  0.04708447
 -0.17245348 -0.20421925  0.02852835  0.13677758 -0.21768034 -0.1305424
  0.01710582 -0.02231964  0.0839601  -0.01459584  0.06324651  0.02544629
 -0.06134515 -0.37118274 -0.12082856 -0.13125558  0.15619591 -0.04981868
 -0.08463299 -0.0087667  -0.19032626 -0.11395528  0.03877487  0.07330775
 -0.01454753 -0.0069162   0.19747829 -0.028442   -0.18328114  0.01362124
  0.0210675   0.26221275  0.17881769  0.05272182  0.04517295 -0.08153135
  0.0483584  -0.13537228  0.08428071  0.11549606  0.18201891  0.03606185
 -0.03902052 -0.17224292 -0.06459172  0.06020926 -0.17334346  0.03147017
  0.06665005 -0.08599599 -0.0764435  -0.03105852  0.26698747  0.10199451
 -0.14044684 -0.18708114  0.12128936 -0.1405537  -0.0666938   0.07426056
 -0.15048064 -0.15212227 -0.27468404  0.04530038  0.36417586  0.05436635
 -0.20951001  0.0046467  -0.13771218  0.00473899  0.08209828  0.11105572
 -0.00911377  0.04285282 -0.12410237 -0.02078076  0.15741692 -0.0878697
 -0.05020033  0.21651475 -0.00733171  0.14928626  0.02620623  0.06335542
 -0.01312534  0.01923881 -0.10522709 -0.03892105  0.0360912  -0.0424909
  0.00843958  0.10515746 -0.1539734   0.10032809  0.03950023  0.06879783
  0.04897516 -0.01092724 -0.08105464 -0.12687327  0.10628831 -0.27381131
  0.27924645  0.24126175  0.02975362  0.14221711  0.08875416  0.04341451
  0.00727579 -0.06764092 -0.18553053 -0.00371306  0.06203249 -0.05342987
  0.04274866  0.00165718]