[-0.1195065   0.12605868  0.06247928 -0.01048979 -0.04033067 -0.08419909
 -0.01260239 -0.16613598  0.15741591 -0.06020717  0.32120189  0.01944482
 -0.1814981  -0.20837216  0.0410126   0.15369813 -0.19242539 -0.13699506
 -0.01351491 -0.04127483  0.05868514 -0.02012787  0.05301623  0.03719119
 -0.06680252 -0.33104154 -0.12337252 -0.15190904  0.15407477 -0.01196228
 -0.09968892  0.00215808 -0.18508451 -0.1260753   0.03145669  0.04143317
 -0.02271152 -0.00715449  0.20074438 -0.05242405 -0.2027061   0.01382175
  0.02632437  0.24251974  0.15783927  0.03803188  0.04818103 -0.08942055
  0.06334926 -0.12469047  0.07140081  0.1233943   0.19435824  0.03693856
 -0.01470046 -0.18930462 -0.04546481  0.07930823 -0.17647348  0.04191973
  0.05864758 -0.08940466 -0.07432928 -0.02909064  0.27772298  0.09838444
 -0.13749884 -0.17612012  0.11355851 -0.13100982 -0.03489607  0.11334381
 -0.16674973 -0.13548036 -0.29515478  0.03378716  0.38832068  0.03109056
 -0.21087377  0.01326014 -0.1517401   0.00538234  0.07163554  0.09747116
 -0.05620923  0.05406095 -0.12324551 -0.04209823  0.16653593 -0.09262577
 -0.03291002  0.20812391 -0.00438171  0.12592307  0.0056527   0.02426727
 -0.0208376  -0.0269511  -0.10081627 -0.05608886  0.03163729 -0.05668163
 -0.00860606  0.08502465 -0.1886462   0.08265917  0.05846473  0.0589791
  0.03361685  0.01215232 -0.07420041 -0.12622941  0.127501   -0.25069627
  0.25421023  0.21732286  0.0449551   0.12190705  0.08312289  0.04120114
 -0.03936486 -0.06134821 -0.15114498  0.00418155  0.10344126 -0.06747922
  0.07802489 -0.00124638]