[-0.09963284  0.13609225  0.07830697 -0.02389771 -0.04333256 -0.05926681
 -0.04301427 -0.16403584  0.15854643 -0.07343777  0.30047843  0.02518817
 -0.18075337 -0.1875609   0.01095243  0.15489803 -0.20273633 -0.14498125
  0.00254321 -0.04900406  0.05745604 -0.02973275  0.03520731  0.03024212
 -0.07788006 -0.31168389 -0.11587857 -0.14042771  0.13206594 -0.03080945
 -0.11173969 -0.01463763 -0.17649649 -0.09420719  0.00886924  0.04184315
 -0.01029064 -0.00263861  0.17315382 -0.04371827 -0.20164143  0.00838984
  0.01425356  0.24586327  0.17360744  0.04905058  0.04927853 -0.08696388
  0.07213008 -0.15015641  0.0923958   0.11618108  0.1879134   0.04557597
 -0.02989503 -0.20777328 -0.06500023  0.09012939 -0.13724887  0.05525949
  0.06335318 -0.1018659  -0.07462537 -0.02496953  0.2913942   0.12355324
 -0.14409742 -0.18203191  0.1159837  -0.12057076 -0.05800539  0.07785703
 -0.14742243 -0.12447087 -0.28795159  0.04286515  0.37813041  0.03939252
 -0.23018776  0.01663299 -0.1664352   0.03563821  0.07878804  0.09847331
 -0.0567614   0.06739681 -0.13108198 -0.05229783  0.17623909 -0.10936099
 -0.02939256  0.20190015 -0.01566339  0.13066228  0.00254451  0.03334165
 -0.03263215  0.00712057 -0.10557713 -0.05896547  0.05020317 -0.04240934
 -0.00730099  0.08402775 -0.1945101   0.10904884  0.05883044  0.06535731
  0.04610766  0.00819349 -0.07145354 -0.11908714  0.14479609 -0.25520825
  0.26079926  0.21918841  0.05850302  0.14528614  0.10789013  0.05532385
 -0.01727051 -0.06901725 -0.14897904  0.00552583  0.10231183 -0.0640037
  0.06578713  0.02020956]