[-0.08345943  0.09723441  0.06488549 -0.08488862 -0.06787308 -0.03103528
 -0.03962501 -0.15545836  0.17524984 -0.07500131  0.2560347  -0.02987045
 -0.23118578 -0.10974859 -0.05936825  0.2650198  -0.23760271 -0.18788967
  0.0035689   0.04019941  0.05813756 -0.00165878  0.02939836  0.0321096
 -0.12463192 -0.3770285  -0.10882423 -0.04108162 -0.0377444  -0.032836
 -0.06594012  0.08539487 -0.21516187 -0.02716188  0.07804395  0.11444471
 -0.01270072 -0.14161344  0.16313188  0.0373151  -0.28834265  0.01274735
  0.08718091  0.23818532  0.18125112 -0.05977957  0.04005441 -0.140441
  0.10610634 -0.14587171  0.00812516  0.15601778  0.0171378   0.05718252
 -0.00189956 -0.12946843  0.00116974  0.12570295 -0.11349058 -0.04270867
  0.08419634 -0.07463189 -0.01646888 -0.13014062  0.16839865  0.08054072
 -0.1250333  -0.21687619  0.13295393 -0.10568118 -0.08157595  0.03396429
 -0.20188928 -0.19650929 -0.30955896 -0.02750035  0.33538803  0.05181294
 -0.18162875  0.0847887  -0.02518789 -0.00918117  0.09767601  0.22250758
  0.07720158  0.12287589 -0.08367809 -0.00464782  0.28128341 -0.06816728
 -0.01274488  0.24896038 -0.06086398  0.0565179   0.03527169  0.02645122
 -0.013216    0.05296102 -0.17794113 -0.00847991 -0.03496177 -0.03497111
 -0.05253879  0.11376379 -0.14772357  0.05341891  0.05780875  0.05999887
 -0.00145166 -0.03062515 -0.07784896 -0.09672051  0.10850072 -0.22577487
  0.23029295  0.20092379  0.06387916  0.07643735  0.10277425  0.06744727
 -0.00546064 -0.05087015 -0.1824508   0.00573812  0.08080002 -0.02372053
  0.04702426 -0.01358709]