[-0.02965217  0.03359041  0.04789507 -0.04200033 -0.05819009 -0.05792905
 -0.01608236 -0.12839244  0.16341369 -0.11118531  0.18588673 -0.04002246
 -0.23206131 -0.06310289 -0.03818886  0.23195867 -0.22106619 -0.16576467
 -0.04236686  0.05996831  0.04389081  0.01846109  0.02178744  0.05007032
 -0.11761475 -0.34111404 -0.11003059 -0.03242304  0.01158496 -0.0759588
 -0.11005805  0.06839902 -0.18475442 -0.05200019  0.09338858  0.11024747
 -0.03348353 -0.14598463  0.17719586  0.09065398 -0.29611349 -0.00237075
  0.05516251  0.26551935  0.20857947 -0.02776201 -0.00202968 -0.15662777
  0.17771415 -0.22533719  0.00427727  0.13612419  0.03524945  0.09333658
  0.01859697 -0.11705198  0.04098255  0.1195524  -0.1814876  -0.02886177
  0.06823806 -0.0747883   0.0359928  -0.09142309  0.16114941  0.05476235
 -0.11385139 -0.15914141  0.13839006 -0.16715379 -0.05945585  0.02933481
 -0.12890492 -0.1845797  -0.30050835 -0.08076235  0.37746009  0.08831912
 -0.1568882   0.08602986 -0.06053882 -0.05366811  0.11104522  0.19920023
  0.05478181  0.1162539  -0.05929903  0.00078159  0.27503332 -0.07561863
  0.01742607  0.23413514 -0.0338972   0.05587038  0.07723131  0.02710427
 -0.06636786  0.02347873 -0.16670837 -0.03057087 -0.04959526 -0.06470581
  0.00270622  0.10438758 -0.17199196  0.12987958  0.06663984  0.02201641
  0.04218653 -0.0339939  -0.08669126 -0.0919812   0.09687239 -0.26625118
  0.19761598  0.1843244   0.04328954  0.08341854  0.03213113  0.07312899
 -0.03912469 -0.04324168 -0.15600736 -0.01331129  0.07085025  0.0016831
  0.04635575 -0.03043064]