[-0.08523114  0.08421838  0.05938882 -0.05147782 -0.0713676  -0.0452345
 -0.03887542 -0.16921318  0.1800772  -0.11925129  0.25166515 -0.03754616
 -0.22479311 -0.1077707  -0.05020608  0.25443554 -0.26871285 -0.19594313
 -0.01827753  0.03392618  0.08205572 -0.00635584  0.00287675  0.03392089
 -0.14782426 -0.39603168 -0.11233864 -0.03998355 -0.00273328 -0.04625319
 -0.08462106  0.09272275 -0.20034955 -0.04823628  0.0683035   0.12944822
  0.0069784  -0.13806462  0.15617844  0.00866863 -0.30490875  0.02220325
  0.09179605  0.22815077  0.20689547 -0.03460846  0.02460746 -0.13868336
  0.11347022 -0.14465153 -0.0173796   0.15843537  0.05759696  0.06863111
  0.00378628 -0.14495401 -0.01547045  0.10692989 -0.1151842  -0.07660969
  0.07455888 -0.10880836  0.01948503 -0.11799156  0.14643984  0.0440902
 -0.10630915 -0.17409222  0.15514444 -0.13046055 -0.0701829   0.0056926
 -0.18445544 -0.19914167 -0.31589702 -0.05667201  0.35726571  0.07948064
 -0.1671474   0.10690224 -0.03251961 -0.01375637  0.10108399  0.20981601
  0.07989968  0.10565612 -0.08133935  0.01952903  0.26315489 -0.06743386
  0.0149563   0.22130854 -0.05266827  0.05501554  0.04845056  0.01212907
 -0.03724999  0.05941876 -0.15657999  0.00244753 -0.04277613 -0.02436272
 -0.02025656  0.10389495 -0.13775374  0.06261226  0.06417608  0.05854517
  0.0160836  -0.01625116 -0.06882184 -0.10257824  0.10609813 -0.23736882
  0.20606272  0.21705513  0.02148682  0.11900757  0.08537983  0.0877208
 -0.02074065 -0.05198545 -0.20298092 -0.0069787   0.08016356 -0.02329756
  0.06378826 -0.01263483]