[-0.01392668  0.05393621  0.02578953 -0.049989   -0.07645687  0.01646244
 -0.0175377  -0.1490867   0.1954855  -0.08928527  0.20072995  0.00603539
 -0.229147   -0.03640034 -0.03042556  0.18424232 -0.24220891 -0.1316704
 -0.05224098  0.02024238  0.03120145  0.0236851   0.03062264  0.01009678
 -0.13148652 -0.36230615 -0.10627458 -0.06922595  0.05748551 -0.10104032
 -0.06403144  0.06326701 -0.1716024  -0.00057317  0.04283656  0.02967091
 -0.05441781 -0.10938051  0.16104008  0.11485201 -0.26285085 -0.01689508
  0.04881181  0.26961994  0.23382381 -0.02841389  0.01946779 -0.11669077
  0.13065247 -0.23820384 -0.01954658  0.13307641  0.0362689   0.08587845
  0.03763418 -0.10562358  0.00220584  0.11207452 -0.18203969  0.03095279
  0.0645359  -0.06900189 -0.01885838 -0.02419371  0.18366854  0.10924957
 -0.10556233 -0.17159377  0.10509222 -0.17337696 -0.10359303  0.00501364
 -0.13345978 -0.18974675 -0.28713065 -0.07088781  0.35738832  0.06523754
 -0.16691236  0.06939755 -0.05238789 -0.04602818  0.12824078  0.16934656
  0.00211023  0.07230573 -0.0570447   0.01264101  0.26264948 -0.09266083
  0.02262254  0.2497371  -0.05373123  0.01720885  0.04235156  0.05970358
 -0.07946663  0.02646048 -0.15965597 -0.08216896  0.01333228 -0.03605932
  0.02042304  0.1093654  -0.2024947   0.15203677  0.05497437 -0.00339564
  0.07076412 -0.07411279 -0.06666263 -0.06236789  0.129448   -0.26101348
  0.21894537  0.20950107  0.03134038  0.07475644  0.02369425  0.02156317
 -0.02573862 -0.00961375 -0.13943818 -0.00873069  0.03821424 -0.01836403
 -0.02385815 -0.06185048]