[-3.67249511e-02  4.43457328e-02  4.99987006e-02 -8.63185674e-02
 -5.93736060e-02 -3.91145051e-02 -3.94855216e-02 -1.55581862e-01
  1.80839032e-01 -1.04786038e-01  2.08787113e-01 -4.05957401e-02
 -2.09477186e-01 -9.43703353e-02 -3.35441343e-02  2.38683447e-01
 -2.66176403e-01 -1.52217373e-01 -2.38413867e-02  3.50368917e-02
  7.23209828e-02  2.68112104e-02  5.85534684e-02  2.23985836e-02
 -1.75210640e-01 -3.11090797e-01 -1.03029780e-01 -6.86473399e-02
  6.75957510e-03 -4.42952588e-02 -9.84801352e-02  4.87580337e-02
 -1.65491968e-01 -3.92751060e-02  6.53665811e-02  1.09932721e-01
 -3.18524502e-02 -1.61168456e-01  1.66309580e-01  5.00774570e-02
 -2.77922571e-01  5.40233403e-03  6.23917952e-02  2.30709240e-01
  2.07298547e-01 -4.14089933e-02  3.23000140e-02 -1.60762683e-01
  1.45801321e-01 -2.11890921e-01  8.42678640e-03  9.86405089e-02
  2.45623160e-02  7.87987038e-02  7.27722514e-03 -1.11660995e-01
  1.77243184e-02  1.83125943e-01 -1.46725059e-01 -8.32480937e-03
  9.19771865e-02 -6.14670403e-02  2.19457783e-04 -8.16652477e-02
  1.81849211e-01  1.04866266e-01 -1.31765082e-01 -1.75787747e-01
  8.99600610e-02 -1.09168492e-01 -1.06874801e-01  4.68981415e-02
 -1.50513694e-01 -1.80872276e-01 -2.71749914e-01 -8.38436410e-02
  3.73384476e-01  5.08845709e-02 -1.88785970e-01  3.84956859e-02
 -5.31917475e-02 -8.68288241e-03  1.56005904e-01  1.91463590e-01
  6.59447163e-02  7.88732395e-02 -8.87616873e-02  8.37309693e-04
  2.73759305e-01 -1.15584090e-01  1.22134695e-02  2.40640506e-01
 -1.79653894e-02  6.47725239e-02  2.16088779e-02  4.11155671e-02
 -6.14084862e-02  9.17536914e-02 -1.39666006e-01 -4.01496775e-02
  3.84546928e-02 -2.88818567e-03  3.48797138e-03  1.07311286e-01
 -1.42108351e-01  1.27875730e-01  6.65972456e-02  3.72630320e-02
  8.18148479e-02 -7.26971701e-02 -4.60763797e-02 -7.57297352e-02
  1.13851123e-01 -2.38525853e-01  1.78139493e-01  1.96039081e-01
  3.30785289e-02  9.28213000e-02  5.32166660e-02  7.34048560e-02
 -2.36029830e-02 -1.96138117e-02 -2.02090487e-01  2.79855877e-02
  8.57306719e-02 -9.96758114e-04  5.84235080e-02 -3.04530840e-02]