[-8.76218006e-02  5.23245521e-02  2.54752915e-02 -9.16630179e-02
 -9.36644077e-02 -2.40810122e-02 -5.83473444e-02 -1.32521108e-01
  1.49111494e-01 -4.70259376e-02  2.07976386e-01 -5.72846532e-02
 -1.99237764e-01 -8.65612850e-02 -5.72880581e-02  2.23973393e-01
 -2.07309514e-01 -1.87695518e-01  7.65331089e-03  2.10074335e-02
  9.26575884e-02  1.39838448e-02 -2.91023683e-02  4.83126640e-02
 -1.51660636e-01 -3.33341211e-01 -9.50167105e-02 -4.56297398e-02
  2.95784362e-02 -6.31378964e-02 -7.22564682e-02  9.40209255e-02
 -2.07403943e-01 -5.39262705e-02  1.33615136e-01  1.73049197e-01
  9.57707351e-04 -1.24246083e-01  1.52468652e-01  1.01595512e-02
 -2.67500490e-01  5.14898673e-02  9.54467803e-02  2.50773489e-01
  1.75601751e-01 -2.45851986e-02  3.66239995e-02 -1.67119130e-01
  1.24228396e-01 -1.37548909e-01  1.40477000e-02  1.64829761e-01
  6.69356883e-02  7.79941976e-02 -1.70554053e-02 -1.35084018e-01
  4.42872569e-02  1.27084553e-01 -1.54162273e-01 -2.29756683e-02
  1.08150877e-01 -9.78486314e-02  1.23093752e-02 -1.20466009e-01
  1.65110961e-01  2.00614203e-02 -1.15600042e-01 -1.95311219e-01
  1.10855103e-01 -1.08556964e-01 -6.65360615e-02  4.16048579e-02
 -1.80149779e-01 -1.84495956e-01 -2.91832298e-01 -2.03106701e-02
  3.82709473e-01  9.36516002e-02 -1.86328605e-01  1.44088268e-01
 -2.48209666e-02  2.75616581e-03  1.10322013e-01  1.85629010e-01
  4.96019945e-02  1.09302513e-01 -5.87605312e-02  3.84945534e-02
  2.76893944e-01 -6.62746504e-02  2.74417344e-02  1.92914888e-01
 -2.94063333e-02  7.60081038e-02  4.67908047e-02  1.87514219e-02
 -3.07535809e-02  3.86334062e-02 -1.17030375e-01 -2.15165541e-02
 -3.30460593e-02 -3.34025584e-02  3.05791181e-02  1.20223418e-01
 -1.69115469e-01  1.04717232e-01  4.96033467e-02  4.66255210e-02
  4.17569606e-03 -1.76155027e-02 -3.63575704e-02 -7.62114972e-02
  1.11075819e-01 -2.67211378e-01  2.21730456e-01  1.95056364e-01
  6.82301149e-02  9.97263938e-02  8.99536982e-02  7.54020661e-02
 -2.37707049e-04 -3.48624438e-02 -1.73994526e-01  1.25314239e-02
  8.06869715e-02 -2.40808483e-02  8.66821036e-02 -7.54156336e-03]