[-0.01079079  0.0330055  -0.00046483 -0.02546574 -0.07173493 -0.01830903
 -0.0035562  -0.12477101  0.18364869 -0.11667722  0.17020214 -0.01115985
 -0.24062414 -0.06169031 -0.0274869   0.21427749 -0.22175275 -0.14894593
 -0.05616585  0.03146279  0.03790174  0.04375622  0.0271325   0.02052086
 -0.13128553 -0.32308754 -0.10461755 -0.05764569  0.00813974 -0.07036634
 -0.10086967  0.08243188 -0.16619575 -0.06008724  0.085637    0.08040745
 -0.03547004 -0.12001798  0.1657048   0.07933833 -0.27135399 -0.01295671
  0.06402207  0.25114357  0.19283436 -0.0089349   0.00473812 -0.15658894
  0.15286897 -0.19926667  0.01018439  0.1147638   0.04388712  0.1021952
  0.02411716 -0.11548715  0.02550295  0.13503228 -0.14605239 -0.01707116
  0.0629857  -0.06568367  0.01746902 -0.06699124  0.18069915  0.05449089
 -0.09206019 -0.14992891  0.13634889 -0.16916157 -0.10279816  0.02173638
 -0.11769336 -0.19019715 -0.26836437 -0.07041774  0.36406645  0.09714843
 -0.17324877  0.07359929 -0.02572254 -0.04853136  0.15487753  0.2067344
  0.04689722  0.09005398 -0.049545   -0.01347193  0.28652984 -0.08426705
  0.00765922  0.23095074 -0.01745123  0.04434635  0.0835176   0.01456516
 -0.04808768  0.03647384 -0.16019821 -0.04895338  0.00339092 -0.05857458
 -0.00667923  0.10323399 -0.14601295  0.12920962  0.0543334   0.02112656
  0.0668512  -0.04191599 -0.06000354 -0.090372    0.11250096 -0.24489565
  0.19966617  0.17247127  0.0035018   0.10257125  0.02093517  0.10497566
 -0.03071977 -0.03044469 -0.18259238 -0.02695637  0.09931382 -0.00225758
  0.04292885 -0.04254835]