[-0.07908962  0.04359472  0.03744524 -0.04693387 -0.04284189 -0.06078525
 -0.04576425 -0.16287033  0.14428394 -0.05488571  0.23709586 -0.06158439
 -0.19993719 -0.12383509 -0.03351412  0.22290862 -0.21691337 -0.18039545
 -0.01182428  0.01052112  0.08176661  0.01249312  0.00775846  0.02787875
 -0.14346246 -0.34106874 -0.08937994 -0.07289421  0.01121734 -0.02912872
 -0.07757626  0.07424036 -0.21350323 -0.06555322  0.10581671  0.11943217
 -0.00576314 -0.09373435  0.18112688 -0.01748076 -0.25559768  0.03550965
  0.11550496  0.23804598  0.16195519 -0.00795994  0.02521155 -0.13920574
  0.10696156 -0.14721613  0.0244948   0.13479815  0.08326098  0.06856494
 -0.01143307 -0.13338698  0.01585799  0.11981956 -0.143773    0.01158432
  0.1035765  -0.09674963 -0.03129606 -0.08321022  0.18344174  0.02887883
 -0.12078886 -0.17366111  0.07697522 -0.1128613  -0.06721476  0.04695319
 -0.16709857 -0.20161939 -0.30884787 -0.02481769  0.35405743  0.04122771
 -0.21645954  0.10692302 -0.00304351  0.00635952  0.14725158  0.17020757
  0.05325736  0.10425296 -0.09597639  0.0158334   0.2667155  -0.08309583
  0.00891089  0.21440835 -0.03448142  0.06678673  0.03373792  0.0344747
 -0.01452425  0.03042668 -0.14450656 -0.01800935  0.02553517  0.00145702
 -0.00454178  0.08776813 -0.1459596   0.07863068  0.05315271  0.04542284
  0.02579588 -0.03535222 -0.05651452 -0.10162728  0.09914774 -0.2353297
  0.20854759  0.18885395  0.0487606   0.10234272  0.07268681  0.0557788
 -0.00853121 -0.01488394 -0.19310135  0.00419267  0.10167289 -0.00920362
  0.09003427 -0.01399542]