[-0.10592212  0.07218853  0.05235561 -0.053895   -0.06522685 -0.04621735
 -0.04134115 -0.15989606  0.16201039 -0.09927575  0.22693837 -0.04465502
 -0.21032873 -0.11902856 -0.01673985  0.24930583 -0.23549406 -0.18311529
 -0.02536352  0.03400217  0.07482252  0.0090376   0.02091422  0.04170945
 -0.14247011 -0.39516339 -0.08640698 -0.03647768 -0.03111092 -0.03569068
 -0.08949263  0.09493925 -0.21822853 -0.04612225  0.09121851  0.14466342
 -0.00696363 -0.10259346  0.15269659  0.00455207 -0.29238951  0.01746271
  0.09811256  0.24935351  0.20407878 -0.05057017  0.01946202 -0.11450338
  0.12573008 -0.16859616 -0.02465218  0.14430407  0.05006319  0.04448076
  0.00091156 -0.15252039  0.00142407  0.11261386 -0.11537564 -0.05103151
  0.06517988 -0.12147253 -0.02495593 -0.09424609  0.17411648  0.03555846
 -0.1122157  -0.1975836   0.10503566 -0.0980688  -0.02872406  0.02879293
 -0.21508799 -0.21603279 -0.31789649 -0.03393881  0.34396359  0.03639587
 -0.17612311  0.13011713 -0.03380703  0.02217718  0.09339935  0.193012
  0.07072614  0.12527108 -0.09040234  0.04606149  0.25039324 -0.09540045
  0.01482706  0.22897755 -0.05198102  0.05205974  0.03975696 -0.00702885
 -0.02528047  0.04217349 -0.17374282 -0.01156784 -0.00569216 -0.03473555
 -0.00298438  0.10219623 -0.17944279  0.05493056  0.05502382  0.06219739
  0.02950199 -0.03428509 -0.0864014  -0.11303695  0.09449679 -0.24381793
  0.20457661  0.22438486  0.044047    0.1152391   0.07943176  0.05163836
 -0.00542312  0.00461693 -0.17943871  0.03309854  0.10315567 -0.00731746
  0.0448371  -0.02316864]