[-2.40497682e-02  4.61370125e-02  1.51827931e-02 -4.58318181e-02
 -6.14092723e-02 -4.32503708e-02 -1.64190084e-02 -1.42455220e-01
  1.85874805e-01 -1.25402987e-01  2.00833753e-01 -5.81631958e-02
 -2.45276004e-01 -6.99292570e-02 -4.85257283e-02  2.33244255e-01
 -2.35446736e-01 -1.65466562e-01 -2.61419248e-02  4.78600524e-02
  6.97072670e-02  1.86359286e-02  6.12659194e-03  2.76239049e-02
 -1.38534948e-01 -3.08670104e-01 -1.21066920e-01 -5.30214198e-02
  2.66958890e-03 -9.00658891e-02 -8.50392357e-02  5.05988188e-02
 -1.73846886e-01 -5.24514690e-02  7.71234408e-02  7.40182772e-02
 -2.28972379e-02 -1.48957118e-01  1.60553440e-01  6.91881925e-02
 -2.79696882e-01 -1.81100040e-03  5.87884076e-02  2.50782460e-01
  1.84098050e-01 -2.11348832e-02 -6.31915987e-04 -1.80978283e-01
  1.51371554e-01 -1.91217750e-01 -2.32393052e-02  1.20415881e-01
  3.54909264e-02  1.07977800e-01  1.42662106e-02 -1.22661196e-01
  4.04669233e-02  1.28239200e-01 -1.50804445e-01 -1.98329147e-02
  6.57174587e-02 -5.35210483e-02  3.11672445e-02 -7.41528273e-02
  1.72354862e-01  3.67238782e-02 -1.09975554e-01 -1.61785319e-01
  1.16486244e-01 -1.67561993e-01 -9.03985277e-02  4.48832251e-02
 -1.21500693e-01 -2.01576114e-01 -2.77684212e-01 -9.10005346e-02
  3.61779720e-01  8.03396106e-02 -1.85146078e-01  8.22462067e-02
 -3.19398418e-02 -3.49496976e-02  1.52572706e-01  2.13324338e-01
  7.14308619e-02  1.07431471e-01 -6.31839335e-02 -2.24813726e-02
  2.90791035e-01 -1.05223916e-01  1.78663805e-02  2.44608745e-01
 -3.15311067e-02  4.91948947e-02  6.93560243e-02  2.35312860e-02
 -4.59757708e-02  4.25446369e-02 -1.23251870e-01 -4.04238701e-02
 -2.81440630e-03 -5.64079061e-02 -1.79790389e-02  9.53365564e-02
 -1.56474948e-01  1.24905661e-01  6.72522634e-02  3.21017578e-02
  4.03779224e-02 -3.89991514e-02 -5.00184484e-02 -7.83186480e-02
  1.11312509e-01 -2.72319883e-01  2.02312112e-01  1.92745104e-01
  6.73066918e-03  9.07646641e-02  2.11632513e-02  9.37066376e-02
 -4.23115902e-02 -3.22484933e-02 -1.61204621e-01 -1.90452076e-02
  6.55349195e-02  3.39388847e-04  4.50211912e-02 -5.50113134e-02]