[-0.10006326  0.07361987  0.0401906  -0.05952268 -0.06896451 -0.04679101
 -0.04849528 -0.15116094  0.1541473  -0.09344967  0.2123318  -0.03802266
 -0.2102464  -0.11179513 -0.02713763  0.238867   -0.23524471 -0.18848836
 -0.02093191  0.03037029  0.07459223  0.01340336  0.01767697  0.03205989
 -0.1472996  -0.37683806 -0.08245428 -0.03713401 -0.0434157  -0.03066631
 -0.07510871  0.09709968 -0.21089721 -0.0407858   0.09470341  0.1449893
 -0.00174772 -0.0980616   0.1583779  -0.00581132 -0.28570491  0.02484854
  0.10566608  0.25641367  0.20728476 -0.04975535  0.00839246 -0.1097701
  0.12894849 -0.17293964 -0.02450689  0.14449728  0.04776077  0.05386799
 -0.00296844 -0.14523685  0.0175398   0.11592914 -0.11961026 -0.06024467
  0.06210869 -0.12639764 -0.01596043 -0.09926728  0.1866747   0.0326293
 -0.11522634 -0.18825017  0.09988948 -0.09988733 -0.03986227  0.02440105
 -0.21111552 -0.20744506 -0.31591818 -0.02734567  0.33677539  0.04703459
 -0.17232861  0.13760631 -0.01981668  0.02454917  0.09270238  0.18296896
  0.05621103  0.12172212 -0.08892627  0.0452254   0.25946331 -0.09148788
  0.0038753   0.2174371  -0.04710916  0.05470837  0.05056231 -0.00504782
 -0.01765391  0.03927935 -0.17807968  0.00353699 -0.00100518 -0.04578335
 -0.00331026  0.10789221 -0.17006889  0.05579432  0.04900245  0.05804075
  0.01863462 -0.03142799 -0.08026625 -0.10369225  0.09712657 -0.24063225
  0.21711199  0.21264303  0.04711283  0.11983766  0.08123447  0.05115826
 -0.01673681  0.00871363 -0.17614563  0.02108505  0.10872465 -0.00345439
  0.06790462 -0.01298575]