[-0.03423284  0.11008612  0.04939034 -0.02758279 -0.01788426  0.01192962
 -0.00134633 -0.13510984  0.15328459 -0.03278887  0.30479947  0.01745233
 -0.24078034 -0.13687259  0.04687819  0.1125698  -0.18231587 -0.01079244
 -0.14141877 -0.00371195  0.00198098  0.00738663  0.10588788 -0.01189055
 -0.08762421 -0.32962117 -0.10694497 -0.08220782  0.13249372 -0.10375553
 -0.09534868  0.01176698 -0.1884741  -0.11388253 -0.02416201  0.04104305
 -0.06407506 -0.09050307  0.18730591  0.00760023 -0.16979709 -0.00429635
 -0.01616902  0.18303315  0.23562203  0.00310046  0.02361864 -0.11766751
  0.11402235 -0.23733373  0.06111672  0.07907834  0.10155942  0.04651611
  0.0297035  -0.15102851 -0.02843239  0.11229423 -0.16590692  0.00543561
  0.03613314 -0.06810834 -0.0452626  -0.00918046  0.15125868  0.13932988
 -0.10140983 -0.12218957  0.10958089 -0.10868156  0.01310045  0.07949659
 -0.1056022  -0.16757648 -0.31483835  0.02317077  0.38992688  0.04897872
 -0.1932001  -0.04352238 -0.12827989 -0.05652217  0.10884044  0.07644822
 -0.06216386 -0.01572013 -0.10788786  0.05732103  0.17890041 -0.09012765
 -0.0133378   0.24373548 -0.01304913  0.11169118  0.03063398  0.08857282
 -0.0649609   0.02298876 -0.11612257  0.02261931  0.10051216 -0.06791744
  0.01324786  0.10425917 -0.13954818  0.12627052  0.06785961  0.01059926
  0.12703907 -0.12020858 -0.06953161 -0.06569757  0.16665092 -0.2496417
  0.18806826  0.17667341 -0.03224869  0.09928234  0.06316507  0.07507234
 -0.0175299  -0.02914338 -0.18869436  0.01029738  0.06306415 -0.02370591
  0.00541369 -0.02505283]