[-9.64222699e-02  1.48400918e-01  7.46436045e-02 -4.01537446e-03
 -1.17338030e-02 -7.62514118e-03  3.61074111e-03 -1.04784623e-01
  1.74961090e-01 -3.80260288e-03  3.50283206e-01  3.95366624e-02
 -2.34721527e-01 -1.55179143e-01  3.24422121e-03  1.16245590e-01
 -2.02496082e-01 -2.75760004e-03 -1.27050072e-01  4.33975598e-03
  2.00494956e-02  1.99474227e-02  1.06375650e-01 -2.39862507e-04
 -5.59326895e-02 -3.55884135e-01 -5.53380512e-02 -1.11212805e-01
  1.10488772e-01 -1.64516747e-01 -5.35833314e-02  3.36944275e-02
 -1.41157314e-01 -1.05985001e-01 -3.32808904e-02  3.02226078e-02
 -6.18759692e-02 -8.53755102e-02  2.26983219e-01 -2.41751689e-03
 -1.45527467e-01 -4.59518284e-04 -1.88102704e-02  2.31646046e-01
  2.48820335e-01 -1.86938718e-02  2.47309413e-02 -9.77216288e-02
  1.19501866e-01 -2.64690667e-01  2.94068735e-02  9.54694152e-02
  8.31276551e-02  2.63355263e-02  1.07719563e-01 -1.83170125e-01
 -5.74728921e-02  1.00389317e-01 -1.60593346e-01  3.03601604e-02
  3.06808739e-03 -5.72084263e-02 -4.07431386e-02 -3.39964852e-02
  1.47884130e-01  1.55625850e-01 -1.00403212e-01 -1.23198509e-01
  9.24614668e-02 -1.05041243e-01 -1.32937757e-02  9.75508541e-02
 -1.04229905e-01 -1.75131544e-01 -2.86433429e-01  7.59543618e-03
  3.41637135e-01  6.54447004e-02 -2.11572036e-01 -3.37214693e-02
 -1.09722190e-01 -6.25977516e-02  9.05498788e-02  5.58764935e-02
 -7.97361061e-02 -2.22887080e-02 -1.20543413e-01  4.99054277e-03
  1.43793851e-01 -1.05621293e-02 -5.42871542e-02  2.35018298e-01
 -4.22733054e-02  6.49047419e-02  4.80147712e-02  3.64151113e-02
 -7.01925978e-02  1.30590899e-02 -1.35365278e-01 -1.45387715e-02
  8.39685947e-02 -1.10164426e-01 -4.81082592e-03  7.38826096e-02
 -1.54198766e-01  8.64818767e-02  3.47450674e-02  4.52747568e-02
  9.06081721e-02 -1.03657186e-01 -9.49253067e-02  3.15072350e-02
  1.89689741e-01 -2.59447217e-01  2.65565753e-01  1.55910611e-01
 -1.93565041e-02  1.11415409e-01  8.25575516e-02  3.81832421e-02
 -3.60942855e-02 -1.14644421e-02 -1.34048179e-01 -1.13218995e-02
  3.27921622e-02 -2.81675346e-02  4.30701077e-02 -3.65591757e-02]