[-0.0876657   0.13584614  0.05932615 -0.04114108 -0.01685934  0.01893343
  0.01269461 -0.14512153  0.17624235 -0.02238169  0.32037097  0.05045601
 -0.24353455 -0.14870098  0.06077581  0.12610161 -0.19227269 -0.03166772
 -0.11769757  0.00421256  0.02232902  0.01847181  0.09599642  0.00769574
 -0.11246401 -0.30817625 -0.09002748 -0.08257236  0.13715985 -0.14424786
 -0.061619    0.00245457 -0.20717123 -0.10532129 -0.01084514  0.06652561
 -0.08011173 -0.09697558  0.18816505 -0.01391912 -0.16478501 -0.02242501
 -0.01560386  0.19331966  0.20033629 -0.01004797  0.04637903 -0.13188586
  0.11659962 -0.23118675  0.04490959  0.08651759  0.07039373  0.0575975
  0.0256095  -0.1887259  -0.00154035  0.12870389 -0.17957619  0.04861913
  0.04745037 -0.07747425 -0.04667349  0.02660366  0.14731143  0.10755328
 -0.11024018 -0.14731753  0.09456866 -0.09243841 -0.00157236  0.10288143
 -0.10940995 -0.2111409  -0.30384848  0.01474533  0.38125569  0.0626712
 -0.21057723 -0.00388989 -0.11781124 -0.04303117  0.11319616  0.10227447
 -0.04751903  0.01320306 -0.12966384  0.06565057  0.18892874 -0.05586103
 -0.0115757   0.26943097 -0.00046255  0.10044131  0.02652101  0.08401845
 -0.0624905   0.02190211 -0.10996087 -0.01256461  0.10323351 -0.04875546
  0.01032523  0.10573464 -0.14829953  0.1694852   0.07764524  0.03992678
  0.0875919  -0.12232995 -0.07223183 -0.0334763   0.15608548 -0.26788545
  0.23617506  0.19607037 -0.01824347  0.10920926  0.08081018  0.05611862
  0.01090153 -0.02619171 -0.17654581  0.01216031  0.06406136 -0.04563946
  0.03820026 -0.02889886]