[-0.04231091  0.12316819  0.06486802 -0.01930489 -0.01101103  0.00095028
 -0.0016781  -0.11685678  0.16681264 -0.036018    0.34006587  0.00139743
 -0.28245986 -0.14298268  0.03645707  0.11725646 -0.2051632   0.00979596
 -0.15815264 -0.05700343  0.01641194  0.02254664  0.11086821 -0.01768209
 -0.08668722 -0.35897258 -0.06665554 -0.09429962  0.11977722 -0.13609628
 -0.03554706  0.04592564 -0.17126325 -0.11424738 -0.01815377  0.01409645
 -0.03149186 -0.0785655   0.2150344   0.00461364 -0.14569229  0.00348327
 -0.02323954  0.20065716  0.24151073 -0.01694228  0.01269534 -0.12592135
  0.09742787 -0.24073759  0.0172062   0.12483656  0.07842963  0.00905728
  0.07387192 -0.13397968 -0.04835984  0.10910838 -0.18630688  0.01537235
  0.05320992 -0.08894452 -0.0640487  -0.03392594  0.12305116  0.11414593
 -0.10994222 -0.09716175  0.13112514 -0.09231281  0.00853964  0.06257759
 -0.11976884 -0.18004973 -0.31201103  0.01900773  0.38343465  0.06147946
 -0.20240299 -0.02431956 -0.11436059 -0.05457572  0.10109675  0.06847977
 -0.07624207 -0.04678918 -0.06633573  0.08997956  0.12760113 -0.0397515
 -0.0353133   0.247225   -0.04149435  0.07430961  0.04698028  0.05288221
 -0.07230305 -0.00625342 -0.144824    0.01898769  0.09252564 -0.10997027
  0.02946197  0.08420491 -0.14076141  0.09148779  0.05153747 -0.01023152
  0.11675426 -0.0954102  -0.07813597 -0.01617875  0.19863844 -0.2489188
  0.22731829  0.18540709 -0.01591186  0.10613003  0.06988269  0.06668518
 -0.01928966 -0.02352042 -0.16157977 -0.02100839  0.02860307 -0.02225256
  0.0352434  -0.04806266]