[-0.10356381  0.12627551  0.07202467 -0.02052156 -0.02736216 -0.0102769
  0.02214335 -0.14978486  0.16730779 -0.03843784  0.29960352  0.01679642
 -0.24713147 -0.10476251  0.04923248  0.14596957 -0.20695522 -0.04526139
 -0.11918719  0.0145909   0.00315653  0.0251547   0.07731926  0.0166382
 -0.07018679 -0.32722166 -0.08735365 -0.08437441  0.12481379 -0.1200747
 -0.06392928  0.00478351 -0.18795484 -0.09695303  0.00688654  0.07245379
 -0.0822426  -0.0999312   0.18516274  0.00509097 -0.1837524  -0.04023321
 -0.01588452  0.21665971  0.21561496  0.00625873  0.02962411 -0.12192916
  0.11130723 -0.24793506  0.02637455  0.09309925  0.04459488  0.05196026
  0.03954352 -0.20130883  0.00302421  0.11949785 -0.17692491  0.02829833
  0.0648177  -0.07410792 -0.03470427  0.02965229  0.16246243  0.11388369
 -0.10885737 -0.14258204  0.10192513 -0.11461399 -0.01067192  0.07673705
 -0.11460582 -0.19989632 -0.29726842 -0.00726461  0.39927912  0.05119143
 -0.18725906 -0.00341106 -0.10299652 -0.03340414  0.13643074  0.11146726
 -0.03804157  0.00077688 -0.13394129  0.03350594  0.17468151 -0.04907605
 -0.01311586  0.24015379 -0.03206763  0.06594132  0.03533109  0.07392042
 -0.06560679  0.02240672 -0.12182033 -0.03625332  0.09231614 -0.04768814
  0.0028388   0.1099795  -0.16242705  0.15046354  0.06279073  0.04487396
  0.08354886 -0.12366706 -0.07427307 -0.01472049  0.15732917 -0.2587477
  0.23649278  0.19979826 -0.03967192  0.1057104   0.06542899  0.04424348
 -0.00147559 -0.01528212 -0.18958528 -0.00302456  0.04631315 -0.02403816
  0.02713412 -0.03525042]