[-1.09316818e-01  1.27180696e-01  8.32867995e-02  7.11779157e-03
  1.17245540e-02 -9.59419739e-03 -3.64371724e-02 -9.82730687e-02
  1.85231447e-01 -4.81556952e-02  3.13574344e-01  4.27084528e-02
 -2.14893848e-01 -5.91492318e-02 -2.20034388e-03  1.30201012e-01
 -2.23389342e-01  9.12307668e-03 -1.33396804e-01 -3.70163396e-02
  4.47885916e-02  2.88351532e-02  4.92203310e-02  8.84861965e-03
 -1.06232010e-01 -2.88470268e-01 -4.98543642e-02 -9.89832506e-02
  1.07586555e-01 -1.30846336e-01 -6.46967441e-02 -5.01463786e-02
 -1.69948861e-01 -1.06314600e-01 -2.01421920e-02  5.15098237e-02
 -6.09909073e-02 -6.27439544e-02  1.86859652e-01  1.60226114e-02
 -1.42888293e-01  1.39084756e-02 -3.65536101e-02  2.26736411e-01
  2.19482332e-01  2.04593707e-02 -6.43133232e-03 -1.27410635e-01
  1.03253953e-01 -2.55385965e-01  1.26970802e-02  1.12429455e-01
  5.53925522e-02  8.48887563e-02  4.44181971e-02 -1.52617201e-01
 -2.50332784e-02  8.29837248e-02 -1.50817543e-01  2.83921044e-02
  7.58110508e-02 -6.64520487e-02 -2.91203447e-02 -1.83418598e-02
  1.44281581e-01  1.30561918e-01 -9.94922295e-02 -1.33377537e-01
  8.03625062e-02 -1.10131085e-01 -3.11749969e-02  5.22087924e-02
 -8.18056837e-02 -1.87102720e-01 -2.78687090e-01  1.95145011e-02
  3.81240636e-01  8.81408975e-02 -1.86254695e-01 -5.42351604e-03
 -1.30419120e-01 -4.37335186e-02  1.25743970e-01  3.79897766e-02
 -3.87820937e-02  6.30935305e-04 -5.97258583e-02  4.94728088e-02
  1.61829352e-01 -3.41867283e-02 -1.79486033e-02  2.04051688e-01
 -3.23006324e-02  4.81305271e-02  5.05722724e-02  4.98351716e-02
 -8.80562514e-02  3.11094467e-02 -1.26476631e-01 -1.21547906e-02
  8.42671394e-02 -6.22746125e-02  6.15166984e-02  5.88522628e-02
 -1.50562629e-01  1.43878236e-01  5.79380579e-02  1.93157401e-02
  1.21630885e-01 -1.57349780e-02 -1.39219254e-01 -2.40491312e-02
  2.01571658e-01 -2.32098937e-01  2.81985044e-01  1.88367829e-01
 -6.10005118e-05  1.05183318e-01  9.18884277e-02  8.33588615e-02
 -4.15274613e-02  5.01362272e-02 -1.42475143e-01 -2.52669696e-02
  1.50255654e-02 -6.75632898e-03  6.44154772e-02 -3.43620367e-02]