[-6.34715036e-02  1.18631758e-01  6.07333481e-02 -3.08080148e-02
 -1.28756939e-02 -2.08811816e-02 -1.55768516e-02 -1.38845071e-01
  1.46500394e-01 -4.95908074e-02  3.30427706e-01 -4.26869607e-03
 -2.58501500e-01 -1.29632667e-01  3.51727866e-02  1.30346283e-01
 -2.12207466e-01 -1.83033329e-02 -1.46131426e-01 -1.42143313e-02
  3.05675901e-02  4.54987073e-03  1.02260090e-01 -7.52039580e-03
 -7.40855485e-02 -3.48831683e-01 -8.93647894e-02 -9.39506367e-02
  1.20041572e-01 -1.24615334e-01 -5.80696873e-02  2.03107740e-03
 -1.78188905e-01 -1.07958935e-01 -1.59582682e-02  3.78175229e-02
 -3.55177745e-02 -8.67464989e-02  1.82086810e-01 -3.18257138e-02
 -1.70958087e-01 -3.71508300e-04 -5.95395872e-03  1.67239890e-01
  2.56581366e-01  1.46766556e-02  1.54945524e-02 -1.30561054e-01
  9.90818441e-02 -2.14206576e-01  2.68807840e-02  7.82054067e-02
  9.68771204e-02  4.95077968e-02  2.03084331e-02 -1.35492936e-01
 -2.78896876e-02  1.22387849e-01 -1.60579294e-01 -3.63481720e-03
  6.27582148e-02 -9.32272673e-02 -4.85282950e-02  2.65965727e-03
  1.62262157e-01  1.20715141e-01 -1.28901049e-01 -1.24611400e-01
  8.45613107e-02 -1.29036099e-01 -1.98543593e-02  5.66208474e-02
 -1.06825724e-01 -1.49202749e-01 -2.99361110e-01 -8.69748462e-03
  3.78444552e-01  2.69484650e-02 -2.16230318e-01 -2.96192355e-02
 -1.16752841e-01 -3.75297107e-02  1.12121753e-01  8.78876597e-02
 -5.74251078e-02 -3.67024057e-02 -1.03411809e-01  3.10035944e-02
  1.77291542e-01 -6.36888146e-02 -1.79663245e-02  2.37546995e-01
 -4.00287099e-02  1.03525162e-01  4.46031913e-02  7.45491907e-02
 -6.87648058e-02  9.29597765e-03 -9.76511464e-02  2.34300649e-04
  8.02220255e-02 -6.44865930e-02 -2.68783863e-03  8.14521536e-02
 -1.27860487e-01  1.29779980e-01  4.15312089e-02  4.93149869e-02
  1.34881601e-01 -9.62272063e-02 -5.23769967e-02 -5.69126494e-02
  1.67943224e-01 -2.34415323e-01  2.16143712e-01  1.90505654e-01
 -2.43344437e-02  9.90360752e-02  7.52653107e-02  8.33752379e-02
 -2.01961976e-02  5.56144118e-03 -1.93304434e-01 -3.25231859e-03
  5.38917668e-02 -2.73699202e-02  4.99958955e-02 -4.83682267e-02]