[-9.13567171e-02  1.48730770e-01  8.58772323e-02  1.84008218e-02
 -9.42331832e-03 -2.02163719e-02  1.57002248e-02 -1.03648923e-01
  1.74065158e-01  2.56555551e-03  3.42117757e-01  2.99247708e-02
 -2.42088705e-01 -1.48230702e-01  1.56886112e-02  1.12834744e-01
 -1.96107417e-01  5.61721250e-03 -1.43931970e-01 -1.58516448e-02
  1.54802520e-02  2.38142945e-02  1.03865318e-01  9.69950124e-05
 -6.11974709e-02 -3.61677706e-01 -7.25735351e-02 -1.13788523e-01
  1.20956741e-01 -1.47891894e-01 -4.46104817e-02  4.36925068e-02
 -1.37588501e-01 -1.17203966e-01 -2.58906242e-02  1.30305532e-02
 -4.55152616e-02 -7.10021928e-02  2.17721730e-01  4.30946471e-03
 -1.40855297e-01 -1.03343287e-02 -2.56457515e-02  2.25185990e-01
  2.51100153e-01 -7.27538392e-03  2.00508945e-02 -8.86134207e-02
  9.69568118e-02 -2.60560066e-01  1.13445483e-02  1.07711911e-01
  7.17861280e-02  3.35018188e-02  1.05530180e-01 -1.84289500e-01
 -5.39885052e-02  8.82812366e-02 -1.78705633e-01  2.47812904e-02
  3.20367818e-03 -9.15463567e-02 -4.11422178e-02 -2.24643927e-02
  1.40542492e-01  1.56002983e-01 -8.64920542e-02 -1.25681058e-01
  1.23073220e-01 -1.20310545e-01  4.82382346e-03  8.49442631e-02
 -9.97678265e-02 -1.61020622e-01 -2.93550432e-01  4.28378955e-03
  3.52532834e-01  6.84429929e-02 -2.02996731e-01 -2.77194474e-02
 -1.28325850e-01 -5.98710962e-02  7.72155449e-02  4.40543890e-02
 -8.30937475e-02 -3.22812647e-02 -1.13640383e-01  9.73088946e-03
  1.26347572e-01 -1.09318616e-02 -3.62108126e-02  2.38713533e-01
 -5.05183712e-02  6.44939318e-02  6.00938909e-02  2.74213403e-02
 -7.93811828e-02  3.77842481e-03 -1.24720171e-01 -4.20164783e-03
  7.30805621e-02 -1.23131923e-01  1.64608695e-02  6.84328824e-02
 -1.53930619e-01  8.94590467e-02  3.38263065e-02  3.38843949e-02
  7.96409994e-02 -9.72298607e-02 -8.98958668e-02  3.13322656e-02
  2.07032830e-01 -2.55212903e-01  2.72365898e-01  1.62247896e-01
 -3.61627825e-02  1.16023280e-01  6.64292276e-02  5.34556806e-02
 -5.20469323e-02 -1.93789750e-02 -1.29621401e-01 -1.30188437e-02
  1.71494652e-02 -4.72506061e-02  2.41366457e-02 -3.19018327e-02]