[-0.06204579  0.14226912  0.08874492 -0.02013162 -0.00718191 -0.08857157
 -0.06508883 -0.07258269  0.07684399 -0.02490469  0.26286933 -0.05309468
 -0.20619307 -0.08948735 -0.11173606  0.13987808 -0.16205059 -0.06847751
 -0.10548251 -0.04065741  0.06269187  0.03553264  0.05774644  0.01651737
 -0.08221056 -0.2992028  -0.08887038 -0.10386311 -0.02969624 -0.06673366
 -0.05627603  0.01912852 -0.14654744 -0.07252037  0.01987183  0.01867124
 -0.04996642 -0.06662151  0.19922653  0.0325252  -0.13725971  0.05979306
  0.06192048  0.29574037  0.22823577  0.04830942  0.01526368 -0.08761491
  0.09207121 -0.18868606  0.04573056  0.17740719  0.09677806  0.10179055
  0.06874934 -0.11333493  0.04265807  0.0709678  -0.08931881 -0.01226677
  0.04495096 -0.05996356  0.00911459 -0.05364294  0.18470265  0.0743013
 -0.10390621 -0.09434656  0.07692356 -0.11796947 -0.04447466  0.05046942
 -0.15053688 -0.14970918 -0.25186858  0.06527198  0.37040201  0.11999448
 -0.18176813  0.02463483 -0.08098509 -0.01772018  0.10982559  0.0588665
 -0.09416901  0.01859672 -0.11960389  0.00447217  0.18626276 -0.07432706
 -0.06630754  0.16887571 -0.02204425  0.01830526  0.0767417  -0.00826239
 -0.08372643  0.03459441 -0.12389722  0.02484303  0.05335258 -0.11692009
 -0.04490412  0.0426141  -0.12463653  0.03657975  0.01814328 -0.00848156
 -0.01511476  0.00290854 -0.12909129 -0.04928689  0.13704453 -0.17779277
  0.22618604  0.14939496  0.02533672  0.11473024  0.13692214  0.09929634
 -0.05952793  0.00197657 -0.06875492 -0.07555687  0.0826287   0.07635015
  0.11875834 -0.02206204]