[-0.08463462  0.15351652  0.08373811 -0.03562586 -0.06305306 -0.05486425
 -0.08024164 -0.06154511  0.08157256 -0.0052971   0.25582644 -0.04525457
 -0.19187045 -0.08624923 -0.11094286  0.1169702  -0.18965641 -0.10913566
 -0.0631778  -0.05166508  0.06021717  0.05006569  0.05763761  0.02010591
 -0.0710529  -0.32072955 -0.07239397 -0.11565577  0.08424363 -0.09142873
 -0.06912882 -0.00337357 -0.11538102 -0.05862818  0.04245351  0.02830982
 -0.06132307 -0.09456958  0.19861238  0.04449649 -0.11939215  0.02977715
  0.07343873  0.3045488   0.2457054   0.05650014  0.03004883 -0.10129227
  0.08537456 -0.20832065  0.02329796  0.22372539  0.09877985  0.08340073
  0.0818038  -0.15917978  0.01937784  0.08913114 -0.10364745  0.06843614
  0.02853227 -0.0211103   0.04613383 -0.05653844  0.2146482   0.07269887
 -0.11808045 -0.09870147  0.07715196 -0.13281593 -0.0522062   0.05508069
 -0.1531249  -0.14056318 -0.21678118  0.01354653  0.3700231   0.11095621
 -0.15121685  0.00927411 -0.09426796 -0.03817757  0.06630473  0.06061618
 -0.16149814 -0.02925274 -0.14029732 -0.02375381  0.19417921 -0.04954563
 -0.02836888  0.17007819 -0.03447538  0.03550502  0.06593402  0.02033145
 -0.14000869  0.01724561 -0.09238016 -0.03397216  0.00853237 -0.17655571
 -0.00977051  0.08388709 -0.14671566  0.01111794 -0.0033732   0.00231451
 -0.01769859 -0.0040527  -0.10193386 -0.04371956  0.16603538 -0.16816212
  0.23265567  0.19654949  0.07032391  0.11759291  0.15266998  0.0753971
 -0.05732208 -0.0025735  -0.02701565 -0.03890982 -0.00995539  0.01635056
  0.06703513 -0.0154497 ]