[-0.06208476  0.15109131  0.08952665 -0.02492195 -0.05012945 -0.03297818
  0.02293754 -0.0209309   0.0865682   0.03010318  0.23243146 -0.02943991
 -0.24400032 -0.04476233 -0.06426116  0.06906956 -0.1407185  -0.09350945
 -0.09928524 -0.11375474  0.01857372  0.06376352 -0.01424673  0.07848061
 -0.06646805 -0.24408405  0.00274642 -0.16915202  0.09382209 -0.18080439
 -0.01440827 -0.01862847 -0.10006552 -0.0386866  -0.0227923   0.00787318
 -0.02438296 -0.11325009  0.15835273  0.01532109 -0.12027358 -0.03077001
  0.0256155   0.33094233  0.19645292  0.0304444   0.02420628 -0.04599262
  0.0744692  -0.22705849  0.03848376  0.13472693  0.11729188  0.06605572
  0.02325267 -0.20600772 -0.00163247  0.01910533 -0.16388643  0.07373662
  0.06857069 -0.06372926 -0.01867175 -0.06424349  0.23049629  0.04859529
 -0.12251681 -0.08546405  0.10886236 -0.20101269 -0.05830469  0.07446315
 -0.08518128 -0.10325742 -0.17478478  0.08237527  0.37924939  0.15817294
 -0.16643618  0.00340515 -0.16195461  0.01361136  0.05814165  0.0618372
 -0.09835516 -0.0112461  -0.13676599 -0.00794029  0.14735244 -0.03621966
 -0.04380138  0.14512721 -0.01046513 -0.02184044  0.03961123 -0.00076518
 -0.1295855   0.05805084 -0.02518554  0.00431948  0.03689389 -0.14061266
  0.02228165  0.06555972 -0.1626738   0.11692184  0.02268324 -0.00358134
  0.05669702  0.02047626 -0.07898697 -0.06531116  0.20202623 -0.23540269
  0.19986705  0.17013337  0.07966007  0.13314451  0.06153443  0.117819
 -0.01683898 -0.01763549 -0.09952231 -0.04950113  0.01090996 -0.038598
  0.04663871  0.00907185]