[-9.55940112e-02  1.78334802e-01  8.36857483e-02 -2.21244637e-02
 -4.77676950e-02 -6.28329962e-02 -9.06732455e-02 -3.65597568e-02
  1.11553133e-01  4.18445803e-02  2.24962071e-01  2.95730686e-04
 -1.74352214e-01 -1.10735849e-01 -4.11000624e-02  8.45960751e-02
 -1.87970519e-01 -7.01192021e-02 -6.29902110e-02 -3.93395275e-02
  6.55392930e-02  3.00324913e-02  4.25745882e-02  7.54491091e-02
 -1.21408418e-01 -3.28974515e-01 -7.08748028e-02 -1.27112493e-01
  1.18133565e-02 -9.46413428e-02 -5.94266653e-02  8.63061566e-03
 -1.56906813e-01 -7.68791661e-02  1.60727429e-03  6.46293983e-02
 -4.00283262e-02 -6.10043667e-02  1.58793852e-01  6.06339574e-02
 -1.34291202e-01  1.95186045e-02  1.01628592e-02  2.96042442e-01
  2.35737905e-01  6.38275668e-02  3.24592404e-02 -5.77349775e-02
  1.19173102e-01 -2.07453832e-01  7.41694346e-02  2.07649037e-01
  7.77885690e-02  8.52929875e-02  1.14073709e-01 -1.70865953e-01
  1.52565334e-02  7.78204203e-02 -1.16261639e-01  5.27491653e-03
 -2.55109258e-02 -3.64101008e-02  4.03885394e-02 -7.33352378e-02
  1.85485125e-01  1.16581105e-01 -7.66198561e-02 -7.35563040e-02
  8.57900605e-02 -9.63213369e-02 -5.75680844e-02  6.97668046e-02
 -1.28316090e-01 -1.63403064e-01 -2.70408720e-01  7.95435682e-02
  3.84573400e-01  1.41508237e-01 -2.08552048e-01 -3.61440959e-03
 -1.01721063e-01 -5.01532629e-02  9.14813802e-02  5.13957515e-02
 -1.17597044e-01  2.46599764e-02 -1.27382606e-01  2.19295826e-02
  1.69468537e-01 -2.82739680e-02 -3.16445641e-02  1.72705516e-01
 -1.31902872e-02  5.09107597e-02  7.04549775e-02  2.86265207e-03
 -1.01201378e-01  5.77267967e-02 -1.18136860e-01  4.61579853e-04
  6.69750422e-02 -1.14679888e-01 -3.21325883e-02  4.67995889e-02
 -1.69822410e-01  2.92539056e-02  7.75725171e-02 -3.87063920e-02
 -5.31612001e-02 -8.54900759e-03 -1.43594250e-01 -2.20599975e-02
  1.67165250e-01 -2.28559896e-01  2.65171498e-01  1.64761245e-01
  1.19943051e-02  1.64720997e-01  1.01186350e-01  6.94595203e-02
 -5.82744442e-02 -7.11366162e-02 -2.12088414e-02 -4.42605354e-02
  7.27195218e-02  4.73561995e-02  6.37609959e-02 -6.16654009e-03]