[-5.09014130e-02  1.34082794e-01  2.03930344e-02 -2.86919363e-02
 -6.93698600e-02  9.56103019e-03 -3.54798287e-02 -1.91862509e-01
  1.47918686e-01 -7.58171976e-02  2.84141153e-01 -3.12764719e-02
 -2.04844117e-01 -1.67404369e-01 -6.26073256e-02  2.00641140e-01
 -2.23459050e-01 -1.97042033e-01  3.12646031e-02 -2.66984999e-02
  9.69960988e-02 -1.53946774e-02 -3.62561760e-03  2.88955774e-02
 -6.17993958e-02 -2.82961249e-01 -1.02904968e-01 -6.93359300e-02
  5.05487993e-02 -4.18371968e-02 -5.48386648e-02  4.95803617e-02
 -2.03759030e-01 -4.93828692e-02  4.60645519e-02  5.42363785e-02
 -6.28813216e-03 -6.43166229e-02  1.72596261e-01 -1.87358242e-02
 -1.59247771e-01  6.20234990e-03  7.27108940e-02  2.54271477e-01
  1.61112219e-01  2.59033386e-02 -3.90419341e-03 -1.16416112e-01
  7.57941157e-02 -1.20785847e-01  2.80774869e-02  1.56769380e-01
  9.94257480e-02  4.70084399e-02 -1.33358752e-02 -2.00911626e-01
  2.95869278e-04  5.99736683e-02 -1.27973065e-01 -3.53332679e-03
  3.53906602e-02 -9.27689746e-02 -2.66688913e-02 -8.52929428e-02
  1.87730640e-01  5.46735227e-02 -5.77499457e-02 -2.39892989e-01
  1.04657553e-01 -1.26617864e-01 -1.06209174e-01  6.27701283e-02
 -1.69640303e-01 -1.48483366e-01 -3.08137029e-01 -3.69803496e-02
  3.73254985e-01  5.50591126e-02 -1.96031854e-01  7.78046995e-02
  5.70409838e-03 -3.35132070e-02  1.39010474e-01  1.21973060e-01
  1.00848004e-02  6.05413429e-02 -1.59627005e-01 -1.89913269e-02
  2.14779973e-01 -9.10673290e-02 -5.95972426e-02  1.92302138e-01
 -5.63669316e-02  6.21968992e-02  4.06089649e-02  1.19629167e-02
  7.02520227e-03  8.91884342e-02 -1.49510443e-01 -4.33535464e-02
 -1.54346144e-02 -3.06297541e-02 -4.26919796e-02  8.53979737e-02
 -1.46315038e-01  4.56480086e-02  4.00318205e-02  5.05176783e-02
 -7.48544484e-02 -6.85993358e-02 -1.25740275e-01 -2.07320880e-02
  1.49473473e-01 -2.46366665e-01  2.22855911e-01  1.84830800e-01
  5.45420237e-02  1.10920705e-01  9.98891890e-02  5.72509728e-02
 -1.68114286e-02 -7.99772814e-02 -1.91795543e-01 -2.26882920e-02
  6.35261312e-02 -4.56570350e-02  8.06595013e-02  1.50223793e-02]