[-0.05560318  0.0567985   0.03050074 -0.02254016 -0.05471769 -0.04940072
 -0.02062015 -0.14572315  0.1603611  -0.10291461  0.290775   -0.09466274
 -0.20467059 -0.15290555 -0.0621757   0.22877239 -0.2297864  -0.15794502
 -0.00631441 -0.02752397  0.07756819 -0.01561207  0.00144616  0.03992213
 -0.06537425 -0.34089047 -0.0840565  -0.101333    0.02772909 -0.04067225
 -0.06834543  0.10256231 -0.19518422 -0.08452974  0.02755718  0.0525361
  0.01038865 -0.05712641  0.16121094  0.00373521 -0.19060734 -0.03301346
  0.07045289  0.25982997  0.13995416  0.02049188  0.0061378  -0.11850084
  0.06430789 -0.14398582  0.0051899   0.09219815  0.0675163   0.04121177
 -0.01334854 -0.1698838  -0.0108254   0.06448349 -0.15434083  0.01506713
  0.03795999 -0.1178399  -0.07209125 -0.08759113  0.21880434  0.07940217
 -0.05232204 -0.20114635  0.14015971 -0.1301285  -0.07945183  0.05399307
 -0.14761704 -0.14549668 -0.32838398 -0.04795215  0.37066245  0.0029848
 -0.17829381  0.07079186  0.00247188 -0.02735982  0.16969541  0.14142576
  0.02926905  0.08196655 -0.10957954 -0.00495626  0.20327489 -0.10562334
 -0.04954198  0.16964985 -0.07030827  0.03510511  0.06737594  0.00144933
  0.01262804  0.06973305 -0.17174025 -0.02719989  0.03084461 -0.05272802
 -0.04451663  0.03263874 -0.13412814  0.0041575   0.05439962  0.01109217
 -0.00508732 -0.05460703 -0.1240288  -0.07125214  0.15752165 -0.23014687
  0.20579365  0.1903179   0.06816003  0.13469738  0.06631797  0.06891306
 -0.03195201 -0.06190076 -0.18470505  0.00711675  0.09548573 -0.00528676
  0.06237599 -0.01209133]