[-9.74105522e-02  1.20880343e-01  1.79959890e-02 -2.51021981e-02
 -6.48426935e-02 -8.13110452e-03 -1.37802109e-03 -1.82243794e-01
  1.56033635e-01 -6.61353916e-02  3.13759685e-01 -8.49260539e-02
 -2.34749421e-01 -1.56973749e-01 -3.90778482e-02  1.95792601e-01
 -2.07663998e-01 -1.67883053e-01 -2.42415536e-02 -4.59230691e-02
  8.81959200e-02 -2.97215208e-03  1.16679892e-02  2.37964634e-02
 -1.21442951e-01 -3.46649855e-01 -1.00598529e-01 -1.14122391e-01
  3.21031623e-02 -3.67393009e-02 -4.88404445e-02  6.43899366e-02
 -1.94833934e-01 -1.05771445e-01  5.45625798e-02  5.64482473e-02
  1.93359684e-02 -3.42291594e-02  1.43340498e-01 -1.23365493e-02
 -1.69693470e-01  3.81984524e-02  9.00446773e-02  2.84577608e-01
  1.39366537e-01  5.44926487e-02  2.57765856e-02 -1.13454841e-01
  4.73960005e-02 -1.29704848e-01  5.22848666e-02  1.00733355e-01
  7.59529844e-02  3.06146145e-02  5.77306338e-02 -1.90475017e-01
 -3.53675187e-02  7.61988238e-02 -1.39856458e-01  6.77095307e-03
  5.92533126e-02 -2.66940538e-02 -5.34035526e-02 -9.17667076e-02
  2.13463649e-01  9.55921635e-02 -7.93137923e-02 -1.89831302e-01
  1.23990200e-01 -1.08932905e-01 -9.69926119e-02  3.03428769e-02
 -1.67485699e-01 -1.31878003e-01 -3.21959555e-01 -8.21245462e-03
  4.00079101e-01  2.40216423e-02 -2.26169467e-01  5.80688082e-02
  1.01751881e-02  2.26753089e-03  1.65505230e-01  1.18617140e-01
  1.86680164e-02  6.20800257e-02 -1.12298407e-01 -1.71573926e-02
  1.79731011e-01 -6.42849132e-02 -5.90836667e-02  1.95383951e-01
 -5.42989932e-02  2.29392778e-02  7.84253106e-02  2.64065452e-02
 -4.21001650e-02  4.48642075e-02 -1.64032087e-01 -4.27532308e-02
  1.99795067e-02 -1.73147079e-02 -4.87691052e-02  7.76150376e-02
 -1.47492602e-01  5.11050709e-02  3.77612226e-02  3.30872908e-02
 -5.00150137e-02 -3.08017042e-02 -7.77323246e-02 -1.74479671e-02
  1.26276657e-01 -2.72798866e-01  2.10505038e-01  1.79407343e-01
  1.05916418e-03  1.21435240e-01  7.42704049e-02  3.07235755e-02
  5.76762133e-04 -1.09560788e-05 -1.98207840e-01 -5.26566319e-02
  7.05885664e-02 -4.56937067e-02  6.00523241e-02  4.30408726e-03]