[-6.95171952e-02  8.81566778e-02  8.20091274e-03 -4.02522832e-02
 -5.04230559e-02 -3.68519537e-02 -3.46877053e-02 -1.71182320e-01
  1.71272978e-01 -1.04522780e-01  3.02859187e-01 -4.43779416e-02
 -2.05991223e-01 -1.68848261e-01 -7.07932040e-02  2.11066037e-01
 -2.54850954e-01 -1.73939973e-01  2.93612340e-03 -1.88953560e-02
  9.77979749e-02 -2.56615020e-02  2.02082582e-02  1.58682670e-02
 -4.92528640e-02 -3.48807424e-01 -1.08292185e-01 -8.83356929e-02
  4.55746464e-02 -3.30259316e-02 -6.98720440e-02  3.26358378e-02
 -2.10832030e-01 -8.71947333e-02  3.54688019e-02  4.45292667e-02
 -1.08433245e-02 -4.72369790e-02  1.66157812e-01 -9.18656588e-03
 -1.80578217e-01 -2.90450151e-03  6.36157915e-02  2.52147913e-01
  1.57915860e-01  5.84781170e-02  2.00601039e-03 -1.41979843e-01
  7.79550225e-02 -1.24258697e-01  3.78871970e-02  1.24007247e-01
  9.55082104e-02  3.86052132e-02  1.32420799e-02 -1.61660895e-01
 -2.05047559e-02  7.60368630e-02 -1.31907687e-01  4.06758860e-03
  4.85754050e-02 -9.45068374e-02 -5.31510115e-02 -1.10160254e-01
  1.98045388e-01  5.56478463e-02 -7.55943954e-02 -2.09393814e-01
  1.24653660e-01 -1.26763687e-01 -9.62611586e-02  2.71799173e-02
 -1.33995265e-01 -1.70483306e-01 -3.17389816e-01 -3.83639149e-02
  3.58822316e-01  4.15836535e-02 -1.76554188e-01  8.52794871e-02
 -2.21266600e-04 -3.76302414e-02  1.50983915e-01  1.37916729e-01
  1.76422708e-02  9.20155421e-02 -1.25944659e-01 -2.49347668e-02
  1.86363280e-01 -1.06028669e-01 -3.88448201e-02  1.90545931e-01
 -8.80685225e-02  6.67546913e-02  5.52082956e-02  2.16628090e-02
 -1.73769761e-02  9.84805003e-02 -1.58471555e-01 -2.31333524e-02
  2.16997992e-02 -4.81244847e-02 -3.77546847e-02  2.97036301e-02
 -1.23784781e-01  2.11299509e-02  3.38735320e-02  4.46738489e-02
 -2.59363446e-02 -6.41646609e-02 -1.18802629e-01 -6.61429614e-02
  1.29410252e-01 -2.55615234e-01  2.36415774e-01  2.03576475e-01
  4.82743941e-02  1.47679985e-01  9.72766802e-02  6.27843142e-02
 -1.75670497e-02 -6.10193312e-02 -2.09514782e-01 -2.00137440e-02
  7.04853386e-02 -6.78597717e-03  7.55696669e-02  4.42944467e-03]