[-0.05664524  0.14027804  0.01918427 -0.02806031 -0.05893016  0.02243943
 -0.02185301 -0.18042178  0.1582257  -0.08637916  0.27987248 -0.05061076
 -0.23213883 -0.13460155 -0.05065346  0.19896713 -0.23971389 -0.18810152
  0.02533068 -0.03995017  0.11302689 -0.01142693 -0.00609859  0.0228627
 -0.06791797 -0.28923002 -0.09263703 -0.0624875   0.05601631 -0.05002782
 -0.05513742  0.02218534 -0.19418529 -0.04485983  0.03095159  0.04123729
 -0.00933911 -0.08015951  0.1732589  -0.03271048 -0.16481049  0.00452473
  0.07821472  0.25352186  0.16538759  0.02311831 -0.00855222 -0.12702127
  0.0724831  -0.14482078  0.02871993  0.14416532  0.09127371  0.05588273
 -0.01381542 -0.1972108  -0.00701243  0.07394551 -0.13543972  0.01263011
  0.04754747 -0.10330198 -0.00791593 -0.06760667  0.17308073  0.04790723
 -0.05161185 -0.24497998  0.09196609 -0.12989686 -0.11165694  0.06349528
 -0.15666658 -0.16814263 -0.32138523 -0.02526656  0.38213429  0.05668718
 -0.16930012  0.08311155  0.01201597 -0.03600013  0.15803066  0.12184506
  0.00854324  0.03385283 -0.16648379  0.01172494  0.22348623 -0.10366469
 -0.07362586  0.18740864 -0.05795595  0.04847547  0.03287746  0.0501427
 -0.00711956  0.10776663 -0.14591005 -0.03898401  0.01330842 -0.02913674
 -0.0318823   0.090917   -0.1595282   0.04718822  0.0321761   0.03157773
 -0.0605337  -0.07626083 -0.12062889 -0.00589348  0.14747319 -0.25925502
  0.21295439  0.20454159  0.05934295  0.12384293  0.08428112  0.04319672
  0.00581664 -0.07208779 -0.20316699 -0.01959351  0.05919948 -0.01125487
  0.08190876  0.02463469]