[-0.10549861  0.14035383 -0.0052522  -0.02624736 -0.04940788 -0.03181593
  0.01784786 -0.18957162  0.15861599 -0.01674582  0.31832346 -0.08114552
 -0.21108325 -0.18619674 -0.00412242  0.19096874 -0.18397148 -0.17496887
 -0.02531664 -0.05047607  0.08855736 -0.03430159  0.03383579  0.07830651
 -0.12628727 -0.33133599 -0.10739799 -0.12034453  0.04611405 -0.03914323
 -0.04389601  0.09030148 -0.20758839 -0.12097833  0.06811915  0.07152981
  0.00935472 -0.03909785  0.17692183 -0.01353059 -0.14983356  0.03066377
  0.07884878  0.28944421  0.1606603   0.03905575  0.06411958 -0.10665681
  0.04796994 -0.11477365  0.0475626   0.11402012  0.0780311   0.03379523
  0.05325361 -0.20347683 -0.02831768  0.07422977 -0.15243433  0.0020855
  0.04305455 -0.04337485 -0.06536193 -0.09389781  0.21088186  0.11308022
 -0.06428625 -0.19330807  0.13848464 -0.09897592 -0.07874402  0.06634159
 -0.18863776 -0.13888665 -0.32649809  0.00132692  0.37847933  0.03063098
 -0.22460552  0.05622451  0.00547203  0.03020952  0.15150337  0.09193613
 -0.0037806   0.05417006 -0.12727702 -0.00088821  0.17657992 -0.05532492
 -0.06748322  0.17902943 -0.0497751   0.02365173  0.08109876  0.03316319
 -0.01714239  0.04750391 -0.16413422 -0.02823857  0.0195591  -0.01713286
 -0.03274125  0.06923246 -0.15676527  0.02196633  0.03777914  0.02837848
 -0.09909566 -0.0371709  -0.09354866  0.00052607  0.12027816 -0.28420353
  0.22826706  0.18200059 -0.02505663  0.11277061  0.06149079  0.03749038
 -0.00983866 -0.02882125 -0.16172427 -0.03194436  0.08782592 -0.01919256
  0.06814422 -0.00114279]