[-0.02949075  0.12539884 -0.01800625 -0.03071956 -0.08806995 -0.02801401
 -0.03458102 -0.15197138  0.18514295 -0.07782728  0.29784796 -0.00316845
 -0.19589947 -0.17712167 -0.03959538  0.19952892 -0.23344885 -0.17453514
  0.04081752 -0.03274212  0.09054435 -0.01600709  0.01386652  0.03279908
 -0.10543921 -0.35398206 -0.08283441 -0.05405871  0.03418335 -0.05847713
 -0.03082027  0.14273165 -0.21081947 -0.07688481  0.09680629  0.07240052
 -0.00561013 -0.02198454  0.19210756 -0.01128834 -0.17370468 -0.002924
  0.08247753  0.27244848  0.17078795  0.01324348  0.03277846 -0.1268394
  0.07399925 -0.10992511  0.03595068  0.15371267  0.06914447  0.02867188
  0.01559921 -0.17044654 -0.02009647  0.07215697 -0.17050049 -0.01930444
  0.05211518 -0.09549995 -0.04176616 -0.07222591  0.17635083  0.04615633
 -0.04832662 -0.2454077   0.13776325 -0.14304717 -0.08164755  0.07860482
 -0.15569441 -0.18008764 -0.31765866 -0.03128476  0.38307381  0.07762279
 -0.14305601  0.09971648  0.01915789 -0.06081206  0.14883195  0.09938895
  0.00727312  0.04874896 -0.11163167  0.04582179  0.22033255 -0.04535902
 -0.08424638  0.17887403 -0.06177811  0.05213388  0.0541653   0.00440306
  0.00414844  0.0982255  -0.17698149 -0.03161182 -0.0217226  -0.05366627
 -0.0141489   0.10208338 -0.14584719  0.01651641  0.02382109  0.03633356
 -0.06236919 -0.0117201  -0.15147464 -0.05952438  0.1188041  -0.28293186
  0.24671744  0.17459865  0.05431414  0.12396409  0.07683041  0.04152343
  0.01552453 -0.1110137  -0.16778797 -0.01456501  0.05900688 -0.02169614
  0.10875191 -0.0135947 ]