[-0.10143272  0.14920592  0.0121096  -0.02935311 -0.09629612 -0.01957404
 -0.04800283 -0.17786233  0.11201701 -0.04718422  0.24457505 -0.07627075
 -0.23512402 -0.12821244 -0.05571598  0.20344435 -0.19935605 -0.20855932
  0.00434572 -0.0437489   0.10347704  0.00222236  0.02041085  0.05962391
 -0.13465038 -0.30266663 -0.07866909 -0.08325406  0.01690283 -0.02185008
 -0.0718179   0.06746035 -0.2288963  -0.04920591  0.0839889   0.08402393
  0.03266396 -0.05400633  0.19980173 -0.03005664 -0.1866198   0.02807166
  0.08668879  0.26943269  0.14984365 -0.00703576  0.02643059 -0.0956126
  0.09497608 -0.12395223  0.06661604  0.15734008  0.08316571  0.01044785
  0.02381808 -0.17298149 -0.01962709  0.10602281 -0.13936058  0.02138934
  0.07477196 -0.0966222  -0.05607116 -0.13778859  0.16595848  0.07395571
 -0.06618395 -0.2482266   0.11330084 -0.11916044 -0.08910491  0.0779146
 -0.1775582  -0.14004363 -0.34672925 -0.01577891  0.36089393  0.07922181
 -0.20946319  0.08426809  0.04821984 -0.00297326  0.13754655  0.11323734
 -0.00078719  0.09278437 -0.15227823  0.03879421  0.22754522 -0.05998865
 -0.07921287  0.19507307 -0.05032209  0.04351784  0.05554104  0.03009907
 -0.02786249  0.01309595 -0.15991341 -0.01289948  0.0074533  -0.02449105
 -0.04782353  0.10659301 -0.12401547  0.00606562 -0.01352336  0.03758575
 -0.126573   -0.04200429 -0.12351691 -0.01577239  0.12108248 -0.23167136
  0.20450333  0.15148477  0.01942994  0.08171675  0.09185978  0.01685633
 -0.00190571 -0.03928728 -0.18705507 -0.06427729  0.10834392 -0.03398549
  0.12219168  0.02050984]