[-4.87003587e-02  1.08635738e-01 -4.14240314e-03 -1.41148483e-02
 -8.65939185e-02 -3.66897844e-02 -3.78464870e-02 -1.44736096e-01
  1.44565776e-01 -6.46840259e-02  2.80593306e-01 -2.61324253e-02
 -2.02768609e-01 -1.64326519e-01 -1.18778357e-02  1.99756160e-01
 -2.24328279e-01 -1.37594938e-01  1.80191104e-03 -3.07197105e-02
  8.73976797e-02 -3.62249644e-04  1.02366358e-02  1.73706207e-02
 -8.05745646e-02 -3.27317953e-01 -8.87438878e-02 -6.11789599e-02
  5.13290539e-02 -4.06553671e-02 -5.77281006e-02  1.00413255e-01
 -1.90732136e-01 -1.06764905e-01  8.66475180e-02  8.24010372e-02
 -1.37822544e-02 -4.69854102e-02  1.86812550e-01 -2.46875472e-02
 -1.58414289e-01 -2.50932407e-02  8.90738145e-02  2.62910455e-01
  1.40338480e-01  3.38821895e-02  1.63811203e-02 -1.07003033e-01
  6.66834936e-02 -1.39725864e-01  4.17049564e-02  1.20269455e-01
  7.64651224e-02  5.42068779e-02  1.06977569e-02 -1.83994696e-01
  3.17982887e-03  7.01279044e-02 -1.69683322e-01 -4.55072075e-02
  5.55741973e-02 -9.66159403e-02 -4.65229899e-02 -9.27938297e-02
  2.14445502e-01  6.26109615e-02 -4.79461588e-02 -1.98487028e-01
  1.31183252e-01 -1.14380501e-01 -8.71072784e-02  3.08086462e-02
 -1.45403281e-01 -1.48883253e-01 -3.36423844e-01 -3.11308336e-02
  3.65584940e-01  6.51100427e-02 -1.71774551e-01  6.87582046e-02
  8.54895916e-03 -5.59199937e-02  1.52995259e-01  8.82997438e-02
  1.08611062e-02  6.32987469e-02 -1.06657796e-01  3.13074067e-02
  2.03179359e-01 -8.60891044e-02 -4.62357514e-02  1.61439344e-01
 -1.92108490e-02  5.56127317e-02  6.61543235e-02 -4.84997127e-03
  1.02429483e-02  6.48800731e-02 -1.90247387e-01 -3.14550637e-03
  3.45782726e-03 -5.31557985e-02 -1.14124743e-02  9.61137041e-02
 -1.49932802e-01  3.53535078e-02  6.47057816e-02 -2.56052444e-04
 -5.03557585e-02 -4.80909459e-02 -1.48539498e-01 -6.17450252e-02
  1.34094521e-01 -2.53000528e-01  2.22666219e-01  1.84547946e-01
  4.99513410e-02  1.42599300e-01  6.85057715e-02  5.87618351e-02
 -1.27344755e-02 -8.26029405e-02 -1.89293325e-01 -2.36735158e-02
  8.60918388e-02 -1.25919972e-02  7.66321644e-02  1.58444289e-02]