[-7.53907785e-02  1.62761718e-01 -1.09855672e-02 -3.25728171e-02
 -5.37186861e-02 -2.49633770e-02  2.85592047e-03 -1.93805963e-01
  1.54862940e-01 -7.62101710e-02  2.71323115e-01 -4.70493697e-02
 -2.11108729e-01 -1.58409983e-01 -5.20278886e-02  1.72911867e-01
 -2.21966982e-01 -1.88670084e-01 -8.66338890e-03 -3.46635804e-02
  9.93472189e-02  5.30227413e-03  1.80216413e-02  6.03667088e-02
 -9.99905393e-02 -3.09746981e-01 -7.98408315e-02 -7.30088353e-02
  5.46382181e-02 -3.62808220e-02 -4.52902019e-02  7.08323047e-02
 -2.25526482e-01 -7.01938868e-02  6.06240891e-02  4.92996462e-02
  4.60588327e-03 -5.22821434e-02  2.20711276e-01 -5.18881381e-02
 -1.75009608e-01  1.23486696e-02  8.44163373e-02  2.72907048e-01
  1.88236952e-01 -1.27996807e-03  8.43422022e-03 -1.15855671e-01
  9.54163298e-02 -1.22197926e-01  2.94930041e-02  1.56118318e-01
  4.08370942e-02  2.78419703e-02  5.62214118e-04 -1.81511328e-01
 -2.06551347e-02  7.25717768e-02 -1.37760088e-01 -1.01796323e-02
  7.20324442e-02 -1.23643614e-01 -5.07861450e-02 -7.45400712e-02
  1.65690646e-01  3.17197405e-02 -6.11860268e-02 -2.40258530e-01
  1.40919179e-01 -1.54301494e-01 -8.10347721e-02  5.03324755e-02
 -1.51158765e-01 -1.54876128e-01 -3.21330756e-01 -1.00441277e-04
  3.77278745e-01  9.51546952e-02 -1.61770642e-01  1.32907629e-01
  1.19085256e-02 -1.03766648e-02  1.73002377e-01  1.13934182e-01
 -9.69149172e-04  5.86318262e-02 -1.49076149e-01  4.37255986e-02
  2.16743752e-01 -3.67718302e-02 -9.34776515e-02  1.90378338e-01
 -5.95293455e-02  4.50146459e-02  7.64137134e-02  1.84283201e-02
 -2.30002981e-02  7.19076395e-02 -1.83381602e-01  2.20790058e-02
  2.42243856e-02 -2.26364974e-02 -2.51023322e-02  1.16960362e-01
 -1.19708933e-01  4.55588289e-02  1.14728054e-02  4.75594364e-02
 -7.79571757e-02 -5.79562895e-02 -1.38096035e-01 -1.14975879e-02
  1.11589245e-01 -2.43516967e-01  2.42110759e-01  1.37710735e-01
  4.32397835e-02  1.27552882e-01  1.18940212e-01  3.01125497e-02
  2.68813428e-02 -4.94284108e-02 -2.14611396e-01 -5.32956421e-02
  1.03246890e-01 -2.03770157e-02  1.45561308e-01  9.58629977e-03]