[-0.06414437  0.16215084 -0.00306445 -0.02197738 -0.04511495 -0.02593623
  0.00738955 -0.18454652  0.14674185 -0.06380652  0.29466164 -0.04296918
 -0.22890817 -0.16565797 -0.03914177  0.15912834 -0.20405427 -0.1774257
 -0.0091905  -0.01909758  0.10638719 -0.01055547  0.02993445  0.0563104
 -0.09631314 -0.31315798 -0.07844004 -0.0646171   0.06115102 -0.03639304
 -0.05232934  0.0648929  -0.21538062 -0.07454452  0.05980545  0.0497062
 -0.00084388 -0.05398875  0.23054139 -0.06001735 -0.17234173  0.00473984
  0.06598724  0.2652154   0.1833525   0.00279898  0.02842148 -0.11843089
  0.09748336 -0.13349126  0.03880783  0.1551051   0.05888367  0.02085427
  0.01342756 -0.1926274  -0.02200956  0.08318299 -0.14243113 -0.00894432
  0.05710522 -0.10327851 -0.04155833 -0.07542696  0.16121846  0.03381995
 -0.06474421 -0.23112953  0.13992582 -0.14750838 -0.06909727  0.07209914
 -0.1582054  -0.16836149 -0.32438067  0.00279221  0.38386261  0.09455213
 -0.16415595  0.11920796  0.01694241 -0.00668066  0.17401117  0.10054585
 -0.01492936  0.06193616 -0.16036966  0.04632445  0.21030524 -0.04112649
 -0.10297455  0.18575263 -0.0549909   0.0590286   0.08037069  0.02504309
 -0.00804672  0.07423014 -0.18058263  0.03210047  0.03012285 -0.03118765
 -0.02072868  0.11040556 -0.11935356  0.0320698   0.0067052   0.05161276
 -0.07656335 -0.0626459  -0.14127412 -0.0060771   0.10895368 -0.2629337
  0.2345316   0.14008783  0.03480904  0.11923992  0.10932913  0.02346769
  0.03166836 -0.05822525 -0.20838411 -0.04932441  0.09851084 -0.01717504
  0.14430526  0.00226014]