[-0.02400144  0.1635277   0.09459783 -0.05392135 -0.01921757 -0.02246969
 -0.06423267 -0.07538351  0.1378601  -0.12426335  0.28328896  0.04161989
 -0.17129527 -0.17268172 -0.00975855  0.10537415 -0.18953292 -0.08689244
 -0.05403651 -0.05439829  0.01748653  0.00706451  0.05514897 -0.0049288
 -0.1508625  -0.32049966 -0.08121349 -0.14893562  0.04059397 -0.10089699
 -0.07165305  0.06473855 -0.13308255 -0.05946106 -0.00449164  0.04298577
 -0.02127172  0.03777863  0.1608693   0.06185913 -0.13595712  0.09244879
 -0.00615525  0.29815808  0.29330277  0.04541895  0.01898294 -0.05664274
  0.17142759 -0.21073227  0.06798224  0.12222522  0.13738941  0.07557654
  0.13501583 -0.14751591 -0.01029682  0.02915722 -0.15370491 -0.01396561
 -0.00161502 -0.01510608  0.0009922  -0.02981086  0.18080394  0.06746652
 -0.10844479 -0.0680405   0.14372791 -0.12771149 -0.0169822   0.08765507
 -0.14122126 -0.12315682 -0.23180519  0.05238513  0.34769806  0.19578709
 -0.15988527  0.02293134 -0.09483998 -0.05380098  0.04153926  0.03229949
 -0.0992764   0.04601533 -0.03023279  0.03749461  0.12604545 -0.0159698
 -0.04687561  0.21443968 -0.02728973  0.09071188  0.05495187 -0.0593154
 -0.08946382 -0.00494038 -0.17312558 -0.03552283 -0.03295608 -0.11900651
 -0.01860327  0.05737938 -0.19249161  0.14071845  0.01581288  0.01579239
 -0.0510927   0.03992293 -0.09387759  0.03369923  0.14173028 -0.26130417
  0.22095354  0.17610691  0.04150202  0.1183989   0.11336539 -0.01073168
 -0.04400134 -0.06813603 -0.08890246 -0.07928696  0.05921555 -0.04226014
  0.11263897 -0.01570563]