[-0.03557063  0.19429635  0.12242029 -0.07858774 -0.03422368 -0.02725052
 -0.09957591 -0.11779519  0.09848503 -0.08147767  0.3039237  -0.0074001
 -0.19812262 -0.08027815 -0.05459142  0.11166894 -0.20113257 -0.05623512
 -0.11104751 -0.05543326  0.03357421  0.0443868   0.07531934  0.01204113
 -0.16467232 -0.30406147 -0.09880116 -0.11646112 -0.02320808 -0.12168992
 -0.0409846   0.00606319 -0.13526288 -0.01661852 -0.01446244 -0.00061615
 -0.04358202 -0.06153694  0.17934291  0.08172949 -0.14718629  0.07874021
  0.00842162  0.27987072  0.3135772   0.01853559  0.02723824 -0.09858786
  0.14960971 -0.17928436  0.07850937  0.13806069  0.14576639  0.0592602
  0.1031124  -0.13421747 -0.02471545  0.12454593 -0.14766805 -0.0527331
  0.01795582 -0.01492085  0.04058016 -0.03727224  0.18354906  0.13988236
 -0.12435839 -0.05471727  0.13501945 -0.08236701 -0.03686186  0.04597376
 -0.16300635 -0.14276271 -0.24242805  0.02351637  0.34177551  0.11133999
 -0.19692545 -0.04693535 -0.11918854 -0.0443817   0.03306032  0.03350873
 -0.13801308 -0.0085297  -0.04817578  0.04726067  0.18380587 -0.03823829
 -0.05059293  0.22498202 -0.02682314 -0.00833821  0.06328943 -0.03218345
 -0.131193    0.01408964 -0.14088321 -0.01464342 -0.06028923 -0.09766483
 -0.04341662  0.08424083 -0.20819557  0.11819263  0.04107331 -0.04166462
 -0.05989007 -0.04068578 -0.09404213  0.00597603  0.17126627 -0.23453033
  0.17529565  0.14329378  0.0438046   0.1367346   0.10189017  0.0198079
 -0.05223491 -0.04158225 -0.09287657 -0.0408056   0.09493789  0.00314443
  0.12782206 -0.01669409]