[-4.86577712e-02  1.28506333e-01  6.25677034e-02 -3.45772356e-02
 -2.87584811e-02 -6.79249316e-02 -1.70137826e-02 -1.45949885e-01
  1.33395195e-01 -9.58797708e-02  2.77655631e-01 -1.78827159e-02
 -2.08269238e-01 -1.93591878e-01  5.69084985e-03  1.31175980e-01
 -2.21897706e-01 -1.26927629e-01 -2.78678723e-02 -4.47427593e-02
  7.48499259e-02 -1.21745244e-02  4.15329151e-02  1.61943398e-02
 -1.18686870e-01 -3.30821484e-01 -1.29715666e-01 -1.27637535e-01
  5.32036982e-02 -7.70289525e-02 -7.33543932e-02  9.11585614e-02
 -1.56785533e-01 -1.02071844e-01  2.23882925e-02  7.09421947e-05
  3.59296761e-02  4.90601826e-03  1.67653993e-01 -1.21045299e-02
 -1.64935842e-01  9.79782566e-02  3.34151350e-02  2.59292811e-01
  1.97160915e-01  3.96142304e-02  1.78146493e-02 -7.53294751e-02
  1.23909764e-01 -1.08891480e-01  3.52538489e-02  1.47788137e-01
  1.52361944e-01  2.59213988e-02  6.77018017e-02 -1.49675399e-01
 -5.01032844e-02  6.10924251e-02 -1.46478698e-01  1.28216958e-02
  4.87686731e-02 -6.40800297e-02 -1.81193221e-02 -7.21746385e-02
  1.42599702e-01  3.96661945e-02 -1.01856031e-01 -1.30485073e-01
  1.34243682e-01 -1.09750293e-01 -5.14867269e-02  4.20115143e-02
 -1.87918857e-01 -1.25420496e-01 -2.70166695e-01  1.53857162e-02
  3.07613045e-01  1.02348559e-01 -1.89034939e-01  4.31094617e-02
 -8.24865028e-02 -3.68245761e-03  5.84272519e-02  6.48566335e-02
 -6.65540844e-02  5.87285720e-02 -6.91208988e-02  2.33019777e-02
  1.34651721e-01 -2.94840485e-02 -4.61856835e-02  2.12267265e-01
 -4.12872210e-02  9.36453715e-02  3.85317095e-02 -4.21460830e-02
 -5.34073003e-02 -4.48168535e-03 -1.60981074e-01  1.39109942e-03
 -1.59797762e-02 -9.12941024e-02 -3.20216976e-02  9.32699367e-02
 -1.57211542e-01  7.05910921e-02  2.53020357e-02  4.49525639e-02
 -6.57688677e-02  3.77363116e-02 -9.89322141e-02 -1.07197929e-02
  1.07409976e-01 -2.45979503e-01  2.23933131e-01  2.01289013e-01
  3.11601665e-02  8.78746063e-02  8.21354017e-02  3.67102399e-03
 -4.02842462e-02 -5.79212010e-02 -1.47711962e-01 -6.73117861e-02
  1.21655643e-01 -3.64124216e-02  9.74149629e-02 -1.67229492e-02]