[-0.1328641   0.05808872  0.05444322 -0.04192302 -0.07359106 -0.05485885
  0.01563366 -0.15811186  0.14861245 -0.12470423  0.23533355 -0.08259141
 -0.20987587 -0.10843018 -0.04686428  0.24328955 -0.17241031 -0.11968756
 -0.06866717 -0.02716212  0.01404891  0.01209318  0.00496414  0.04822018
 -0.13690397 -0.35078415 -0.10898431 -0.077425   -0.07459082 -0.01014223
 -0.03513139  0.11911428 -0.11533691 -0.03916395  0.0674172   0.08613366
 -0.00684178 -0.05160603  0.14939535 -0.00327125 -0.26103652  0.00314523
  0.13246332  0.25662887  0.20997703 -0.0151867   0.01421086 -0.13258599
  0.17701754 -0.15174806 -0.04702957  0.06230063  0.05566714  0.03598556
  0.06617945 -0.08071832  0.01853681  0.12307586 -0.11162448 -0.06206527
  0.04374928 -0.10351683 -0.05750893 -0.06677845  0.17184156  0.07705753
 -0.11150488 -0.13572662  0.1620671  -0.15048803 -0.07363872  0.05929113
 -0.16105668 -0.16184393 -0.329703   -0.05168543  0.43452081  0.07068431
 -0.16648158  0.04127195 -0.00504878  0.02468489  0.16917703  0.18459982
 -0.00371467  0.01210954 -0.067361   -0.01992873  0.24208044 -0.05153923
 -0.02291805  0.18885998  0.00097765  0.06369691  0.03151313 -0.00050993
 -0.04830156  0.01361099 -0.1504346  -0.03396673  0.01942492 -0.01133768
  0.00447608  0.08864874 -0.17527394  0.11142689  0.05052555  0.06722321
  0.03969128  0.01215383 -0.03254764 -0.02309783  0.09048644 -0.21349697
  0.11675804  0.15289499 -0.02098615  0.0947504   0.07007157  0.04472591
 -0.0541857  -0.01537958 -0.17338419 -0.01812877  0.11492639 -0.04159498
  0.08733051 -0.04676203]