[-5.33594601e-02  1.80430651e-01  1.08489312e-01 -3.43915634e-02
 -4.45949361e-02 -2.91816127e-02 -1.13680266e-01 -8.89231935e-02
  6.47701100e-02 -9.58548207e-03  3.37376028e-01  3.25656608e-02
 -1.66169912e-01 -1.83878347e-01 -1.55338331e-03  1.27547845e-01
 -2.04978153e-01 -7.79392049e-02 -7.04423040e-02 -1.31345196e-02
  3.43916416e-02  2.51579117e-02  5.50067201e-02 -3.33880670e-02
 -1.48209482e-01 -3.53297681e-01 -1.00345090e-01 -1.24240361e-01
 -1.78144881e-04 -1.23611324e-01 -9.49265435e-02  2.30796710e-02
 -1.60030544e-01 -9.23744813e-02  3.82292345e-02  5.56925312e-02
 -3.57903615e-02 -1.05110016e-02  1.64470926e-01  2.83875596e-02
 -1.44098386e-01  1.11876868e-01  5.16154282e-02  2.79644549e-01
  2.77066082e-01  3.72816697e-02  2.10033711e-02 -7.38879144e-02
  9.76122245e-02 -1.51331350e-01  9.16062370e-02  1.26367673e-01
  1.47693902e-01  8.31738636e-02  9.18546245e-02 -1.35501206e-01
 -1.22311506e-02  4.80828919e-02 -1.56505927e-01 -4.70260270e-02
  6.55209878e-03 -6.47583008e-02  4.62325988e-03 -5.28944544e-02
  1.83618888e-01  9.49867591e-02 -7.88199902e-02 -1.12708829e-01
  1.13991633e-01 -7.15418607e-02 -4.68272232e-02  6.16106875e-02
 -1.51351020e-01 -1.41232520e-01 -2.88023651e-01  3.58677171e-02
  3.46295804e-01  1.04015768e-01 -2.63589859e-01  5.43816201e-03
 -7.72172287e-02 -8.83848220e-02  6.41690418e-02  4.19951975e-02
 -5.28827198e-02  5.61286211e-02 -8.71251971e-02  4.49467413e-02
  1.83888569e-01 -5.37863635e-02 -2.38359757e-02  2.01689959e-01
  2.96224287e-04  7.33938962e-02  1.13062359e-01 -1.95313003e-02
 -4.84579578e-02  5.37087163e-03 -1.76159009e-01 -1.19171683e-02
 -3.56773101e-02 -1.11333430e-01 -4.80069108e-02  6.98407739e-02
 -1.56980738e-01  9.19927880e-02  8.02695379e-02 -1.26364231e-02
 -6.87285736e-02 -2.45200898e-02 -7.58869275e-02 -3.43926400e-02
  1.54718682e-01 -2.66033679e-01  2.33420998e-01  1.77071735e-01
  2.74916571e-02  1.27246022e-01  8.87855962e-02  2.70014834e-02
 -6.84441552e-02 -6.04288876e-02 -1.11872606e-01 -3.87345403e-02
  6.00157268e-02 -6.85771788e-03  1.14366226e-01  1.97709408e-02]