[-0.05742463  0.2029012   0.10019219 -0.03430497  0.01557241  0.01949992
 -0.01745572 -0.09735391  0.16829121 -0.07861265  0.27291715  0.05586146
 -0.17908786 -0.11971221 -0.04459114  0.11358636 -0.17632385 -0.08846693
 -0.1090465  -0.04520001 -0.00131157  0.03360088  0.01923376  0.01609171
 -0.14069016 -0.29016683 -0.03901212 -0.10990753  0.04607621 -0.10643306
 -0.07611033  0.05679307 -0.13441558 -0.05907058 -0.00351201  0.02096993
 -0.06363188 -0.01246342  0.19811754  0.06692754 -0.13498722  0.05800113
  0.01150286  0.31655678  0.28453788  0.01233258  0.00518784 -0.08011778
  0.18685529 -0.2285964   0.05289549  0.12082946  0.14847906  0.12113049
  0.09780198 -0.18253839 -0.03970594  0.07894372 -0.16041069  0.03306296
 -0.01876398 -0.07622929  0.00373808 -0.06183717  0.17521097  0.12626296
 -0.1123595  -0.09417849  0.16179132 -0.11696819 -0.02686735  0.08095532
 -0.10403436 -0.12643574 -0.24301092  0.03294615  0.30815142  0.18107921
 -0.17600861 -0.04671799 -0.10534807 -0.05063793  0.0285912   0.05036994
 -0.12528576 -0.00761518 -0.01807454 -0.00450769  0.18316506  0.04216448
 -0.07916483  0.21934409 -0.03086208  0.02904207  0.02742781 -0.02882333
 -0.11975179  0.00477066 -0.15594004 -0.03744317 -0.05139297 -0.11607835
  0.01173795  0.10918266 -0.1997827   0.16830112  0.02036572  0.05616633
  0.00492954  0.01450552 -0.08739749  0.03884272  0.16562229 -0.23926345
  0.24744181  0.1404932   0.05847064  0.10855391  0.09371854  0.00808692
 -0.04398294 -0.03738549 -0.11206092 -0.06324028  0.07796344 -0.05924342
  0.11475935  0.00126307]