[-0.01580212  0.14470659  0.07604857 -0.02761475 -0.07645785 -0.0231465
 -0.04819625 -0.0929542   0.10878865 -0.07485738  0.25174969 -0.00113353
 -0.16366731 -0.18051086  0.00800087  0.09859406 -0.16371194 -0.11538513
 -0.02502155 -0.02434181  0.05518641 -0.01172622  0.07479636 -0.00170166
 -0.14534664 -0.33262452 -0.1177434  -0.13903303  0.03178914 -0.11693539
 -0.07020669  0.08463239 -0.14718916 -0.10028107  0.01181395  0.0317545
 -0.03677083  0.01724382  0.15063964  0.00052512 -0.15795343  0.12052762
  0.03682949  0.26479867  0.24039939  0.03306556  0.00612653 -0.06726173
  0.12726845 -0.16590269  0.08154011  0.13634463  0.14412054  0.07193426
  0.1242723  -0.10388982  0.00123284  0.05252376 -0.14110647  0.00810818
  0.02646845 -0.02577564  0.00950109 -0.0601643   0.13908491  0.05324454
 -0.06376447 -0.10103097  0.10394175 -0.09725011 -0.04575375  0.08799694
 -0.15900551 -0.13819289 -0.24565454  0.0606889   0.31465754  0.15504727
 -0.175679    0.0265241  -0.0616867  -0.0257275   0.02763984  0.01336498
 -0.09444592  0.03154121 -0.06737915  0.05206802  0.12226067 -0.05343676
 -0.03081315  0.20710512 -0.01572606  0.09775903  0.07326081 -0.02796272
 -0.06487965  0.01726749 -0.19175296 -0.01218915  0.00203254 -0.12683797
 -0.03320808  0.0754405  -0.17001842  0.08890966  0.01647699  0.0032244
 -0.06221381  0.02579557 -0.11324588  0.01287958  0.12493733 -0.25319582
  0.2276998   0.17533061  0.03049155  0.08877802  0.10747099 -0.00049005
 -0.04921658 -0.07947411 -0.09652689 -0.0510945   0.11207958 -0.01974855
  0.06082046 -0.00307361]