[-5.59715107e-02  1.73946157e-01  9.33675393e-02 -4.61365171e-02
 -8.01096845e-04 -2.63923891e-02 -4.68801670e-02 -8.51148367e-02
  1.39543459e-01 -6.19368516e-02  2.96865940e-01  3.53790000e-02
 -1.93361104e-01 -1.49515703e-01 -4.38663550e-02  1.05518393e-01
 -2.03784630e-01 -6.35216758e-02 -7.33722150e-02 -3.53697054e-02
  2.29081009e-02  4.40012030e-02  5.82527481e-02 -1.14078792e-02
 -1.14040457e-01 -3.16049755e-01 -7.13553578e-02 -1.29934713e-01
  3.96386394e-03 -9.42834243e-02 -5.75812124e-02  7.69866854e-02
 -1.52531087e-01 -7.50510693e-02  9.75209568e-03 -1.76014757e-04
 -2.70214863e-02  1.71505976e-02  1.64739490e-01  5.76649569e-02
 -1.43150017e-01  6.01506643e-02  2.63128970e-02  2.84564346e-01
  2.84474671e-01  4.49395888e-02 -2.30152346e-02 -9.79698077e-02
  1.44274220e-01 -1.67330623e-01  2.74997205e-02  1.48697063e-01
  1.08386420e-01  7.18122274e-02  8.66311714e-02 -1.43251538e-01
 -2.28886046e-02  6.01142310e-02 -1.39637470e-01 -3.40069495e-02
 -2.47283460e-04 -5.83817475e-02 -9.77177080e-03 -5.05389869e-02
  1.49938971e-01  7.52567425e-02 -9.64272544e-02 -1.00615643e-01
  1.41442880e-01 -9.51667130e-02 -4.72958386e-02  8.32651779e-02
 -1.49218917e-01 -1.42469034e-01 -2.39490062e-01  3.41938026e-02
  3.13413471e-01  1.45816728e-01 -1.55760124e-01  1.35229959e-03
 -1.00641422e-01 -4.99217920e-02  4.52553928e-02  4.30881828e-02
 -1.12877741e-01  1.87650882e-02 -3.94046493e-02  1.75268315e-02
  1.42338306e-01  6.77386124e-04 -5.89045659e-02  2.04485044e-01
 -5.28698526e-02  6.37280867e-02  4.82525341e-02 -4.29441035e-02
 -8.95154998e-02  2.78198253e-02 -2.02130988e-01 -4.93133254e-02
 -1.62751507e-02 -9.77350846e-02 -1.12872897e-02  9.91932675e-02
 -1.75197721e-01  8.86039510e-02  3.86691615e-02  1.91236418e-02
 -1.95477549e-02 -6.07965095e-03 -7.28268847e-02  2.00055670e-02
  1.36117622e-01 -2.16947272e-01  2.46372089e-01  1.49168745e-01
  5.94359450e-02  1.08773135e-01  1.20710872e-01  2.43798154e-03
 -6.34895191e-02 -6.22065365e-02 -1.24013901e-01 -5.56906722e-02
  9.88461152e-02 -8.43697879e-03  1.22351311e-01 -3.77503149e-02]