[ 0.01682539  0.12380659  0.05703065 -0.02814992 -0.08626045 -0.00830365
 -0.05437871 -0.08179343  0.10629576 -0.07302853  0.25278273 -0.00070603
 -0.17436408 -0.16139135  0.00751728  0.10618602 -0.15762147 -0.12257472
 -0.01910476 -0.01008206  0.0518461   0.00185224  0.05827785 -0.01090355
 -0.15395397 -0.32673714 -0.12734471 -0.12534772  0.03964164 -0.11407881
 -0.07699566  0.10408739 -0.14774249 -0.10194051  0.05108396  0.03541799
 -0.02856726  0.00365987  0.15978853  0.01555231 -0.16358928  0.13001083
  0.03307438  0.26155517  0.23904613  0.03920082  0.00616556 -0.08146913
  0.11965676 -0.16032979  0.07924613  0.14079347  0.14065319  0.07238521
  0.10503314 -0.10306455  0.00749205  0.05733117 -0.15721558 -0.00803686
  0.03039208 -0.02605365  0.02992324 -0.06794882  0.12828077  0.02951052
 -0.06142822 -0.117466    0.10041397 -0.10975073 -0.0479867   0.08691689
 -0.16451998 -0.14131804 -0.24840625  0.05752502  0.32364333  0.15474091
 -0.17368917  0.04114243 -0.0282599  -0.04469072  0.0397602   0.0159436
 -0.07663041  0.01524844 -0.05421754  0.05152893  0.15702356 -0.06052303
 -0.02764751  0.19311294 -0.03082489  0.09950122  0.08120284 -0.02203461
 -0.05291947  0.02216032 -0.17922004  0.0013459  -0.02025023 -0.12200395
 -0.02902247  0.09588923 -0.15959515  0.08434367 -0.00082558 -0.01433875
 -0.06792004  0.01717879 -0.1191991   0.00534989  0.13274126 -0.26012304
  0.22598718  0.17379978  0.02853302  0.07601487  0.1023561   0.00552968
 -0.04600752 -0.07223376 -0.1193162  -0.06215262  0.11555894 -0.0259716
  0.07199114 -0.01943469]