[-0.12617354  0.01331014  0.05898451 -0.03813464 -0.11798747 -0.07826493
 -0.03163877 -0.17762814  0.08617247 -0.11491369  0.1863343  -0.07467052
 -0.17323723 -0.08354329 -0.04079166  0.22972791 -0.1721341  -0.17010842
 -0.07989    -0.07360205  0.0163061   0.02333963  0.00569478  0.00501498
 -0.19690664 -0.27976224 -0.0891847  -0.05324709 -0.05173848 -0.00606334
 -0.05655295  0.099733   -0.16702376 -0.02129504  0.11116906  0.11201172
  0.03899213 -0.07949428  0.14319168  0.01406114 -0.26522836  0.00685702
  0.13722509  0.24100359  0.2033696   0.01026464 -0.01476405 -0.1066129
  0.1797289  -0.16588631 -0.02541312  0.07405121  0.04078446  0.00321599
  0.0482028  -0.1007808   0.04920116  0.12434757 -0.13546382 -0.0775196
  0.0656445  -0.11859864 -0.06207302 -0.09456586  0.172291    0.09568541
 -0.10252279 -0.12793484  0.12975995 -0.1130197  -0.07651976  0.03929653
 -0.16453448 -0.13506158 -0.35169861 -0.07679471  0.45550424  0.06696224
 -0.18697692  0.03639465  0.03272623  0.05980878  0.19097273  0.14842217
 -0.01402877  0.03940916 -0.0893492   0.00792641  0.25230059 -0.0629256
 -0.03864157  0.13133004 -0.00913804  0.04013333  0.02902978  0.02758107
 -0.0697488  -0.00767138 -0.13265763 -0.04476375  0.04665114  0.02294685
  0.02008893  0.13162899 -0.14669655  0.08370011  0.02981935  0.01812429
 -0.01700405 -0.02181935 -0.00967728 -0.02334461  0.04186548 -0.20792866
  0.11790078  0.17405367 -0.05848994  0.0989719   0.05367365  0.02338569
 -0.07182614  0.02924438 -0.15866999 -0.07163302  0.09093348 -0.02619678
  0.1323884  -0.02448515]