[-0.05334023  0.11342036  0.08516615 -0.01433383 -0.04747724 -0.0760513
 -0.02209387 -0.13853066  0.12888557 -0.07492163  0.26901785 -0.01528137
 -0.17714322 -0.18359952  0.01828605  0.14834112 -0.20957819 -0.1054235
 -0.03298117 -0.07369655  0.06460358 -0.00941247  0.05163678  0.00995494
 -0.13220678 -0.32754162 -0.12233951 -0.16872798  0.03293714 -0.06927231
 -0.06502709  0.07730054 -0.16094743 -0.11375177  0.02730916 -0.01875149
  0.01175553  0.01008134  0.15670756 -0.02637149 -0.13447157  0.06799993
  0.06588046  0.2330278   0.21343271  0.04146564  0.0218984  -0.06812835
  0.09856119 -0.11128795  0.03089997  0.1054863   0.13797282  0.05473055
  0.07311218 -0.13383083 -0.01825675  0.02004853 -0.16490498  0.00321561
  0.05923257 -0.06350052 -0.06408635 -0.03413307  0.18152958  0.03989599
 -0.07912087 -0.13361956  0.12524211 -0.10892614 -0.0457641   0.04410766
 -0.18543778 -0.12621649 -0.27215883  0.01552632  0.32528093  0.09973627
 -0.19379665  0.0461396  -0.0971099  -0.0024683   0.0645629   0.03056481
 -0.04241428  0.04805415 -0.05983217  0.042503    0.11513036 -0.06330443
 -0.03376586  0.2059768  -0.02429038  0.07731688  0.03751902 -0.05055247
 -0.04129477  0.00855445 -0.16731705 -0.01548787  0.008256   -0.04604698
 -0.00744883  0.065471   -0.16411416  0.06970965  0.03556246  0.01953824
 -0.06686716  0.02060873 -0.13022576 -0.02112779  0.11985429 -0.23887248
  0.21516089  0.19245879  0.02660319  0.09244614  0.06512322 -0.00036903
 -0.04497226 -0.05227249 -0.14224628 -0.03250838  0.12570439 -0.03634643
  0.08470824 -0.00471702]