[-4.63059358e-02  1.83963522e-01  7.43782222e-02 -7.47373998e-02
 -3.79112065e-02 -6.97316453e-02 -1.08242713e-01 -1.02479160e-01
  1.00018635e-01 -3.68511537e-03  3.15890729e-01  3.42647247e-02
 -1.72689661e-01 -2.08830938e-01  8.32641218e-03  1.21827997e-01
 -2.24233493e-01 -8.80921558e-02 -5.65787964e-02 -3.23831253e-02
  4.94133458e-02  3.31747942e-02  6.66721389e-02 -6.16233144e-03
 -1.44653782e-01 -3.67229402e-01 -1.14281692e-01 -1.33720800e-01
  4.54430090e-04 -9.97769609e-02 -8.98952559e-02  4.59993370e-02
 -1.89139649e-01 -1.08710766e-01  4.28569466e-02  4.56472449e-02
 -3.35851572e-02  1.80790573e-03  1.53366089e-01  4.13078517e-02
 -1.38279542e-01  7.76852816e-02  4.98151258e-02  2.72900909e-01
  2.60967731e-01  4.81360108e-02  2.05516480e-02 -7.44861811e-02
  1.13564312e-01 -1.42004982e-01  1.05492190e-01  1.41316310e-01
  1.48092791e-01  7.55621344e-02  8.78344923e-02 -1.48674548e-01
 -1.38017377e-02  7.64958188e-02 -1.70157567e-01 -3.90044153e-02
  2.36986135e-03 -7.75785148e-02 -3.66025418e-02 -5.58599904e-02
  2.04874113e-01  1.17906094e-01 -9.25780386e-02 -1.15043618e-01
  1.05979823e-01 -6.54559731e-02 -4.63323183e-02  6.06134422e-02
 -1.63214788e-01 -1.30243942e-01 -2.97174752e-01  3.47369388e-02
  3.12438071e-01  8.09622630e-02 -2.52892315e-01 -3.27685173e-03
 -9.45557207e-02 -5.22159301e-02  6.58419356e-02  3.09146103e-02
 -8.54223445e-02  6.48878813e-02 -9.74614024e-02  4.50288504e-02
  1.61363989e-01 -5.97305298e-02 -2.93002781e-02  2.20442340e-01
 -2.48835236e-02  1.12570487e-01  8.81699920e-02 -1.86887328e-02
 -6.50613457e-02  8.27354204e-04 -1.68194801e-01 -1.68228354e-02
  1.02073047e-02 -9.64954123e-02 -6.24924190e-02  8.32850933e-02
 -1.55789837e-01  6.25324398e-02  8.41063112e-02  4.05363753e-05
 -6.38938919e-02 -3.98612991e-02 -7.79241845e-02 -7.18729571e-02
  1.32423565e-01 -2.49728993e-01  2.56291419e-01  1.73122942e-01
  1.25492681e-02  1.34593830e-01  7.93600902e-02  9.80274845e-03
 -8.00050646e-02 -9.48095545e-02 -1.17284693e-01 -1.40660927e-02
  1.07413985e-01  4.30634944e-03  9.87469107e-02 -7.82187190e-03]