[-0.06077477  0.16463189  0.08797698 -0.02793421 -0.03128482 -0.00945792
 -0.04660771 -0.10803244  0.14477801 -0.0545102   0.28484604  0.04931741
 -0.18332864 -0.18853371 -0.0027262   0.10403512 -0.18337975 -0.11239318
 -0.0637294  -0.00611042  0.02395581  0.00692142  0.05486816 -0.00154419
 -0.16310887 -0.34877497 -0.0861926  -0.11836123  0.00617027 -0.0794583
 -0.12260889  0.07387557 -0.17809816 -0.10049772  0.02541032  0.04779587
 -0.04116505  0.01520497  0.1687986   0.02237589 -0.15308408  0.07204794
  0.03386777  0.25944814  0.26925692  0.03769728  0.02028021 -0.11269765
  0.14977308 -0.16389555  0.08336248  0.14908977  0.13063596  0.08924615
  0.10785031 -0.17972647 -0.02401888  0.06375994 -0.12451156 -0.0331147
 -0.02925257 -0.04366337  0.00112413 -0.05744304  0.1633772   0.08110644
 -0.05944315 -0.12901734  0.13840368 -0.08799248 -0.03861568  0.08380503
 -0.15636392 -0.15211397 -0.29314607  0.03455994  0.31506056  0.14509676
 -0.19936387  0.02217148 -0.10360445 -0.05480137  0.05374133  0.02266241
 -0.10406592  0.05215706 -0.07441337  0.03457419  0.17827429 -0.01397142
 -0.03851916  0.19814155 -0.01224017  0.08397238  0.07912837 -0.03589525
 -0.07383677  0.029547   -0.20346735 -0.02929241 -0.00269262 -0.08619542
 -0.01306815  0.10227922 -0.20170651  0.07952832  0.04815026  0.014943
 -0.04318503 -0.02719964 -0.10111026 -0.00071011  0.1287746  -0.26899531
  0.2459691   0.15411761  0.03858058  0.12827353  0.10274302 -0.0054072
 -0.06455146 -0.068037   -0.12262354 -0.02498614  0.12387136 -0.01594646
  0.10616783  0.00641942]