[-0.03929402  0.1342105   0.06588458 -0.03337959 -0.02396256 -0.06702919
 -0.00943063 -0.13277893  0.13288556 -0.09881965  0.2756353  -0.00096424
 -0.20657447 -0.19321719  0.01075752  0.11924493 -0.19668755 -0.10327031
 -0.02698742 -0.05980419  0.05128476 -0.00455261  0.04505502  0.02663452
 -0.12609644 -0.30607364 -0.13262647 -0.12538005  0.04394929 -0.09122452
 -0.08496028  0.1110694  -0.14441007 -0.10388108  0.02446865  0.00386286
  0.03223836  0.0102035   0.16252746 -0.00159456 -0.13509005  0.07752503
  0.03109964  0.27437422  0.18556322  0.01754424  0.02125237 -0.05326381
  0.1373881  -0.11777502  0.03000799  0.12767731  0.15904319  0.02663747
  0.08515929 -0.15205114 -0.05062894  0.06655713 -0.14586376  0.02001498
  0.02462364 -0.07057609 -0.03224494 -0.06254831  0.14562891  0.05945143
 -0.09518727 -0.11944306  0.15564549 -0.09414103 -0.03559793  0.05290681
 -0.17957009 -0.11826241 -0.25062752  0.0286643   0.29333436  0.11704054
 -0.17636451  0.03864142 -0.09514698 -0.00139148  0.03716264  0.03305016
 -0.09263172  0.06918266 -0.06339961  0.04713021  0.12944131 -0.0228792
 -0.05028537  0.20292225 -0.04130125  0.09129202  0.04749187 -0.05334454
 -0.05814585 -0.01402332 -0.17390752  0.00445333  0.00480777 -0.12620117
 -0.02345697  0.09633362 -0.17341487  0.06437918  0.03060897  0.02769789
 -0.06614412  0.04852179 -0.11861753  0.00916403  0.1128652  -0.25599414
  0.22899781  0.18199748  0.02152363  0.08917012  0.07364475 -0.00532019
 -0.04053679 -0.08385153 -0.11002278 -0.08077691  0.13400958 -0.03561237
  0.09533415 -0.02429612]