[-1.32818654e-01  3.82794999e-02  5.25027923e-02 -2.97748297e-02
 -7.20292926e-02 -5.59737384e-02  2.19310969e-02 -1.42227039e-01
  1.15993522e-01 -8.26236904e-02  2.35329539e-01 -1.00749783e-01
 -2.12184057e-01 -1.18232489e-01 -2.05657333e-02  2.32949778e-01
 -1.65464938e-01 -1.01111583e-01 -5.99007122e-02 -1.94033720e-02
  5.92125617e-02  3.27838361e-02  7.60083040e-03  4.79483977e-02
 -1.26937777e-01 -3.57775003e-01 -1.13205753e-01 -6.04011007e-02
 -4.70170863e-02  1.33347725e-02 -5.25924265e-02  8.08727443e-02
 -1.36799678e-01 -6.94115683e-02  9.69599113e-02  7.78790191e-02
  9.29498300e-03 -1.07608818e-01  1.55642748e-01  8.17664433e-03
 -2.51137733e-01  2.27604061e-04  1.41559869e-01  2.42004901e-01
  1.77405640e-01  2.11040732e-02  2.78329048e-02 -1.20478086e-01
  1.31481573e-01 -1.51198104e-01 -1.38615090e-02  8.18912983e-02
  2.50269659e-02  3.20944749e-02  4.37408127e-02 -1.15159966e-01
  2.60822419e-02  9.35903564e-02 -1.25137895e-01 -7.59049803e-02
  5.54979555e-02 -7.28329495e-02 -4.13104221e-02 -7.92208537e-02
  1.70575261e-01  7.74854049e-02 -1.02240041e-01 -1.58418521e-01
  1.25513032e-01 -1.47026554e-01 -6.84839487e-02  4.95758019e-02
 -1.76931128e-01 -1.58142790e-01 -3.23100537e-01 -3.66353244e-02
  4.51290518e-01  6.99346513e-02 -1.89921349e-01  3.74896042e-02
 -2.47481968e-02  2.82256883e-02  2.06118926e-01  1.79611161e-01
  5.18079177e-02  2.30459850e-02 -7.90518522e-02 -3.29699479e-02
  2.45742127e-01 -6.02925308e-02 -4.49484996e-02  1.85526893e-01
  1.59877390e-02  2.82455981e-02  5.24762161e-02  1.33807901e-02
 -3.87932062e-02  1.83566101e-02 -1.22855440e-01 -3.03367972e-02
  3.81714664e-02 -8.58949404e-03  4.27459320e-03  1.01099983e-01
 -1.98706999e-01  1.11083291e-01  5.35020828e-02  3.27181146e-02
  3.48536819e-02 -1.97796058e-02 -5.14611192e-02 -1.98765490e-02
  7.83298612e-02 -2.23440811e-01  1.28712654e-01  1.64548680e-01
 -2.05101129e-02  1.22655965e-01  5.66258617e-02  7.48111233e-02
 -4.39058580e-02 -8.13025224e-04 -1.65551513e-01 -4.89993207e-02
  8.95409808e-02 -1.18660731e-02  1.02461457e-01 -4.02445495e-02]