[-0.04075541  0.15823929  0.07237393 -0.05152386 -0.06099615 -0.02486998
 -0.03618792 -0.10747593  0.10343277 -0.08011168  0.26245677  0.01247095
 -0.22236522 -0.16828422  0.01567304  0.12104508 -0.16449563 -0.12442219
 -0.07373325 -0.06633523  0.03704147 -0.00340639  0.03065287  0.0063993
 -0.13867582 -0.29752305 -0.09841001 -0.11751268  0.00935258 -0.07265395
 -0.08421472  0.09393197 -0.12021872 -0.08710698  0.04910749  0.02414905
  0.0038323   0.01126533  0.15136254  0.00735224 -0.16214164  0.07972229
  0.06568281  0.26399723  0.25877622  0.04298349  0.03711596 -0.07041145
  0.16305195 -0.15746212  0.0644516   0.1474534   0.16590977  0.05541068
  0.10569229 -0.15429266 -0.0222206   0.08378026 -0.1352127  -0.01318556
  0.02265087 -0.06467646 -0.03043442 -0.07072538  0.14971989  0.07663748
 -0.09166002 -0.12194832  0.14259104 -0.11752804 -0.07544651  0.06005681
 -0.19589935 -0.11668805 -0.27219906  0.03004083  0.31689903  0.15214756
 -0.17420737  0.03984858 -0.05576333  0.00419337  0.04088364  0.0452301
 -0.11964762  0.04106198 -0.04643698  0.01928197  0.16438423 -0.03417845
 -0.0424647   0.20030127 -0.01353698  0.07183097  0.06758693 -0.04379483
 -0.04693003 -0.02877093 -0.17539488 -0.02999021 -0.01737256 -0.12788761
 -0.01163151  0.0806561  -0.20364602  0.07072438  0.00268026  0.04615226
 -0.07238343  0.01334483 -0.07463932  0.0120828   0.12819207 -0.23496497
  0.19701055  0.19198988  0.02406241  0.08327191  0.11072649  0.00230665
 -0.03124404 -0.06778767 -0.10101767 -0.07653382  0.12431777 -0.02845165
  0.0975659  -0.00668649]