[-0.02644842  0.16704194  0.11736723 -0.05614518 -0.04307514 -0.00608679
 -0.11906403 -0.07262869  0.08389717 -0.05817766  0.33102328  0.0178115
 -0.17483829 -0.09468742 -0.06846999  0.13042907 -0.16054401 -0.08625073
 -0.09241605 -0.01481377  0.03034222  0.06601504  0.03128527 -0.02456588
 -0.12024897 -0.28459793 -0.08642647 -0.09566423  0.00712058 -0.12967835
 -0.09517526  0.02402457 -0.15398626 -0.05283114  0.04670596  0.0402887
 -0.03277504 -0.0235127   0.16743134  0.05918447 -0.16912593  0.13065057
  0.05293013  0.27448758  0.29397449  0.05763333 -0.01013951 -0.1213776
  0.12647389 -0.19241898  0.11279284  0.15099174  0.15711455  0.08353307
  0.07568823 -0.12702087 -0.03417936  0.08964044 -0.13832781 -0.02575295
  0.05728506 -0.00881328  0.01299616 -0.09748914  0.17188595  0.14024395
 -0.11498099 -0.13408063  0.12671433 -0.10355826 -0.08848959  0.08361483
 -0.15533657 -0.11590805 -0.24907194  0.03247919  0.35827073  0.12748247
 -0.20526455 -0.0114566  -0.07547428 -0.0488111   0.03714781  0.01922306
 -0.09014259 -0.00385306 -0.0363832   0.01576897  0.2242132  -0.02015924
 -0.0546926   0.1722139  -0.03307183  0.0493301   0.06719106 -0.00833582
 -0.06328324 -0.00618909 -0.17994963 -0.02722166 -0.0959572  -0.08464558
 -0.0412842   0.11299878 -0.15721446  0.11798941  0.02197432 -0.00069055
 -0.03067691  0.02351892 -0.07433065  0.00220572  0.15272206 -0.22766247
  0.24761295  0.11898303  0.07223355  0.07230283  0.12893771  0.0577853
 -0.05092734 -0.04048931 -0.139091   -0.084257    0.0688106  -0.01998977
  0.14477299  0.00428299]