[-0.01909735  0.18368314  0.09709959 -0.03933438 -0.01484028  0.00805586
 -0.08735425 -0.12547569  0.13368283 -0.09406234  0.31790563  0.03055726
 -0.21252899 -0.15505937 -0.0494387   0.12695538 -0.2276845  -0.0912606
 -0.09351554 -0.01140664  0.04565421  0.04302457  0.04754301 -0.04682215
 -0.12721951 -0.37816143 -0.09368201 -0.10136801 -0.01207721 -0.0913837
 -0.0758594   0.02650932 -0.15402375 -0.04021652  0.01853902  0.03926359
 -0.030511    0.00049853  0.14765257  0.04879699 -0.1677697   0.08163406
  0.0206395   0.27182212  0.2773599   0.03745681  0.00073708 -0.14503005
  0.13354781 -0.16365729  0.07133622  0.14997704  0.1673684   0.07116494
  0.08186112 -0.14530431 -0.03756223  0.0815162  -0.13284743 -0.05136335
  0.02113673 -0.04516948 -0.02311275 -0.05709374  0.18337196  0.11303436
 -0.11996596 -0.13037293  0.1230458  -0.1131169  -0.05038326  0.05234801
 -0.14421298 -0.14613762 -0.26459074 -0.01111409  0.36052069  0.07861866
 -0.25471735 -0.03428079 -0.11518736 -0.04347166  0.0895654   0.05841918
 -0.09233142  0.0272     -0.07626759  0.00814813  0.20333157 -0.05414781
 -0.0460488   0.21170489 -0.02784866  0.06501355  0.07716271 -0.04333838
 -0.07399519  0.02547175 -0.18414938 -0.03660617 -0.05192714 -0.10272258
 -0.06744181  0.07113753 -0.17940523  0.12550931  0.06837109  0.01219701
  0.02487492 -0.04698211 -0.09767499 -0.03922677  0.18786024 -0.26362547
  0.22104509  0.16097818  0.04613803  0.13727872  0.10105479  0.05567113
 -0.07768327 -0.05726763 -0.16523917 -0.02998716  0.07592043 -0.03290474
  0.08958322 -0.04769716]