[-0.12479305  0.04607699  0.04479606 -0.02936153 -0.07706665 -0.05951145
  0.02857797 -0.14348532  0.11239196 -0.07249588  0.24192956 -0.10473348
 -0.2070498  -0.12073022 -0.02136756  0.22459136 -0.15396655 -0.08572014
 -0.07303477 -0.02746282  0.0725005   0.02772346  0.01284715  0.04598239
 -0.12420427 -0.34915629 -0.10849457 -0.06093842 -0.03740611  0.00716079
 -0.03649917  0.08162262 -0.14533783 -0.07368369  0.09305808  0.07451711
  0.00988211 -0.10093216  0.15945177  0.01048076 -0.23949333  0.01364216
  0.12571947  0.24121638  0.16876769  0.03295868  0.03514515 -0.12065663
  0.13834134 -0.14389214  0.00130266  0.07887825  0.0251024   0.02327799
  0.05034227 -0.10817721  0.02295682  0.09651198 -0.12956016 -0.0705418
  0.05974151 -0.06410743 -0.05554218 -0.08878278  0.16889614  0.08166166
 -0.10411289 -0.15050739  0.12271519 -0.14093852 -0.0692302   0.05129082
 -0.17261337 -0.14790075 -0.3192853  -0.02652012  0.45533738  0.06694331
 -0.20660685  0.02124171 -0.02248583  0.03159023  0.21124581  0.17692353
  0.05287799  0.02258834 -0.07889091 -0.03320283  0.23782468 -0.06478598
 -0.052793    0.20012732  0.01932247  0.02452612  0.04072029  0.00722881
 -0.04578306  0.01076438 -0.11413745 -0.04124202  0.05511113 -0.00087097
 -0.00590104  0.0964618  -0.19693783  0.11756581  0.04393169  0.03890682
  0.03117967 -0.02961898 -0.05134559 -0.01354855  0.0770032  -0.21925668
  0.13144316  0.1557039  -0.03020365  0.11397113  0.05870797  0.07191493
 -0.0323702   0.00096563 -0.16598152 -0.05913974  0.09425836 -0.00897866
  0.1005068  -0.04646168]