[-0.11468668  0.08146725  0.09389278 -0.05416093 -0.14438228 -0.05851808
 -0.00526733 -0.14590746  0.07801694 -0.07281334  0.22819257 -0.10512751
 -0.19778979 -0.05570442 -0.04085184  0.21903053 -0.13021709 -0.11804429
 -0.0973804  -0.02235797  0.08273663  0.00405269  0.01177876  0.00728518
 -0.14446391 -0.28271586 -0.05324068 -0.05188692  0.01480964 -0.01714958
 -0.06303425  0.04131518 -0.17251664 -0.08045342  0.08801118  0.0813727
 -0.01417057 -0.09757327  0.15917496 -0.01232197 -0.29785845  0.01724203
  0.11703161  0.24667923  0.21281682  0.02322355  0.02036991 -0.13345571
  0.16813593 -0.21367262 -0.03684567  0.0730144   0.03994229 -0.00236747
  0.04205616 -0.12342753  0.05251018  0.12754606 -0.15935671 -0.05190242
  0.10276627 -0.07363787 -0.05163919 -0.1092351   0.20239268  0.05911095
 -0.12864865 -0.13292316  0.11751753 -0.10105312 -0.05141293  0.06373719
 -0.17192371 -0.14196987 -0.35744792 -0.04813121  0.47921315  0.07619069
 -0.18557523  0.02369456 -0.0305841   0.0840658   0.17607783  0.14796953
 -0.00090065  0.04287285 -0.09380689 -0.00404281  0.22106861 -0.12414608
 -0.01184043  0.19143608  0.0220912   0.04170788 -0.00788134  0.04689716
 -0.11041109  0.00096492 -0.15083955 -0.05039821  0.05649126  0.01960578
  0.05862806  0.16841185 -0.19455849  0.08128924  0.0051896   0.04863369
  0.01948921 -0.04945527 -0.01832457 -0.05148751  0.05371252 -0.19581376
  0.09291037  0.20116071 -0.01966188  0.04846137  0.12282578 -0.00741026
 -0.0050949   0.04674001 -0.18273032 -0.030153    0.09152886 -0.03913621
  0.08101676 -0.02887267]