[-1.24867797e-01  7.93942735e-02  8.29302669e-02 -4.83522229e-02
 -1.45003065e-01 -4.45038304e-02 -5.65437088e-03 -1.30188048e-01
  6.53093159e-02 -7.03899041e-02  2.25172594e-01 -9.95905995e-02
 -1.92401916e-01 -7.85447136e-02 -3.81112657e-02  2.25640416e-01
 -1.22200184e-01 -1.27473876e-01 -7.41338357e-02 -7.56311743e-03
  7.72210434e-02  1.39600430e-02  1.28643503e-02  1.05361333e-02
 -1.25406116e-01 -2.96580523e-01 -4.94844876e-02 -4.40468378e-02
  1.93532705e-02 -3.06185074e-02 -5.49747609e-02  4.73121777e-02
 -1.65940955e-01 -5.94259314e-02  8.94677415e-02  8.38113055e-02
  1.99557850e-04 -9.30004641e-02  1.54392973e-01 -8.43540952e-03
 -3.02445263e-01 -4.14520223e-03  1.19989350e-01  2.53661722e-01
  2.03334138e-01  3.39919217e-02  1.10616824e-02 -1.38237432e-01
  1.62678018e-01 -2.15885311e-01 -3.11674010e-02  5.96860908e-02
  2.35129632e-02 -9.83546861e-03  3.67012955e-02 -1.26422495e-01
  5.60568348e-02  1.09129108e-01 -1.64642662e-01 -6.32799193e-02
  8.21066126e-02 -6.87147975e-02 -5.06385341e-02 -1.18574597e-01
  2.04012915e-01  5.15873842e-02 -1.23115540e-01 -1.31326959e-01
  1.24458171e-01 -1.12393342e-01 -5.89463003e-02  6.60461187e-02
 -1.50906786e-01 -1.45117149e-01 -3.69299501e-01 -4.33935486e-02
  4.66962159e-01  1.00117408e-01 -1.82345390e-01  3.11907176e-02
  6.34087657e-04  8.04811046e-02  1.80182263e-01  1.65481672e-01
 -1.52280005e-02  5.15315495e-02 -9.65187103e-02 -1.09941280e-02
  2.13124901e-01 -1.07550018e-01 -1.61852930e-02  1.83786437e-01
  2.22676247e-02  5.85758165e-02  2.35402584e-03  5.62183224e-02
 -9.22428146e-02  5.10575017e-03 -1.59802854e-01 -5.23113608e-02
  5.61263859e-02  2.14772280e-02  6.30613938e-02  1.80362925e-01
 -1.91086590e-01  8.79093930e-02  5.31222252e-03  3.67228538e-02
  1.62415747e-02 -4.16128710e-02 -8.03360343e-03 -4.30681780e-02
  3.68414633e-02 -1.95553228e-01  8.94503668e-02  1.97458297e-01
 -7.26610003e-03  6.73549250e-02  1.30521551e-01  5.91821130e-03
 -1.09060053e-02  2.42004152e-02 -1.81820959e-01 -3.16779763e-02
  9.58451331e-02 -4.60850373e-02  8.61039236e-02 -2.25351267e-02]