[-0.12702791  0.07649752  0.07600948 -0.0516424  -0.13670048 -0.04867057
 -0.00683618 -0.12941991  0.06977793 -0.07537251  0.22402249 -0.10657044
 -0.18968865 -0.07777887 -0.03864969  0.22851041 -0.13303059 -0.12626982
 -0.07894468 -0.01038802  0.08698359  0.01258864  0.01095566  0.01466027
 -0.12716955 -0.29503536 -0.0446472  -0.04297959  0.01334918 -0.02912444
 -0.05344939  0.03698283 -0.1714491  -0.06081253  0.08790381  0.08237169
 -0.00737171 -0.09715053  0.158774   -0.00842764 -0.30010742 -0.00183439
  0.12579846  0.24672563  0.20542763  0.03837755  0.00265433 -0.13960885
  0.17161082 -0.22059248 -0.03756138  0.06267943  0.0279111  -0.00696909
  0.03514591 -0.12001316  0.06031218  0.11157842 -0.16674475 -0.05877057
  0.08516684 -0.07653806 -0.05663642 -0.11608251  0.20340379  0.05263542
 -0.12443743 -0.13175993  0.12811695 -0.11034248 -0.06280749  0.06387269
 -0.14366023 -0.15355782 -0.36204949 -0.04504032  0.46489224  0.09578898
 -0.18162641  0.03370948  0.00500242  0.07981405  0.1811711   0.16707306
 -0.01489612  0.04692569 -0.09570763 -0.0117903   0.21622844 -0.10665854
 -0.01426297  0.1893227   0.02258217  0.05846189  0.00394436  0.05169451
 -0.09391566  0.01054084 -0.159252   -0.04999983  0.06476989  0.0186999
  0.06215171  0.17234732 -0.18720487  0.08964095  0.00268559  0.0373723
  0.02134687 -0.04145134 -0.01311391 -0.0430984   0.03383138 -0.19283772
  0.09300553  0.19599627 -0.00135258  0.068354    0.13158284  0.00896286
 -0.00515886  0.03139173 -0.19138192 -0.03464424  0.09584619 -0.04197874
  0.08850079 -0.02302815]