[-0.12805836  0.04813957  0.05339592 -0.03907095 -0.07850748 -0.05460088
  0.0195678  -0.15401392  0.14702402 -0.12358617  0.24004483 -0.09283558
 -0.21730562 -0.09844714 -0.05401741  0.24123195 -0.17588304 -0.10845017
 -0.06905235 -0.02053127  0.03794757  0.01669184 -0.00217954  0.04580163
 -0.13561057 -0.34688389 -0.1132447  -0.0679993  -0.06480654 -0.00930292
 -0.04141587  0.10145569 -0.1151362  -0.05283069  0.06398094  0.08204204
  0.00135945 -0.06510278  0.15870956 -0.00820563 -0.26325333  0.01410536
  0.13993621  0.25818741  0.19208167 -0.00130065  0.01613486 -0.14748971
  0.1758423  -0.13950764 -0.0401424   0.06354288  0.06560982  0.03793479
  0.05735457 -0.08522366  0.01233373  0.1299181  -0.10587972 -0.05880904
  0.05276688 -0.08605902 -0.04804794 -0.08375124  0.17478667  0.06683298
 -0.11465766 -0.1384355   0.15128338 -0.1454412  -0.08740792  0.05299636
 -0.17029133 -0.15606014 -0.34220445 -0.05289724  0.43286681  0.0607546
 -0.17782168  0.03210983 -0.00400498  0.02999599  0.18622898  0.19045584
  0.00903045  0.01503919 -0.06796976 -0.01714191  0.24788992 -0.06364005
 -0.02666344  0.18061697  0.01378354  0.06125842  0.02479449  0.008951
 -0.05434545  0.02137115 -0.14855954 -0.02478619  0.03860068  0.0034174
  0.01082711  0.0986128  -0.17547809  0.10952695  0.05338477  0.06066457
  0.05035183  0.00946606 -0.04228292 -0.02624488  0.09371477 -0.21053205
  0.11816722  0.15383787 -0.02417669  0.08860108  0.07098973  0.0547784
 -0.05636104 -0.00071221 -0.18628852 -0.02045358  0.11914068 -0.03577257
  0.10114699 -0.04730184]