[-0.02514018  0.15520331  0.08677392 -0.04465788 -0.05257284 -0.0207515
 -0.03714209 -0.11415314  0.09053509 -0.07200374  0.26644576  0.02056977
 -0.22324193 -0.15450267  0.01006192  0.10666015 -0.17854857 -0.10678335
 -0.07987323 -0.05311342  0.03278825  0.01078401  0.06955625 -0.00684012
 -0.14223835 -0.29575115 -0.09627163 -0.11547778  0.00704971 -0.09853994
 -0.07351368  0.10644677 -0.12138587 -0.08083808  0.0453278   0.02217713
 -0.00619032  0.01180544  0.16687016  0.01040297 -0.16403055  0.08551222
  0.06741669  0.27505544  0.27087289  0.02767006  0.02151563 -0.0554545
  0.15770876 -0.17055461  0.06569366  0.13841085  0.15829313  0.06983141
  0.11024936 -0.15022008 -0.02517976  0.08668417 -0.11553776 -0.00568616
  0.03429691 -0.07517683  0.00032487 -0.06696023  0.13453735  0.05516149
 -0.09781457 -0.10037535  0.11149006 -0.09593087 -0.07198634  0.07089251
 -0.19970307 -0.11862915 -0.26861909  0.02376566  0.30355343  0.14695679
 -0.17047331  0.01804661 -0.05851065  0.00197309  0.02796565  0.03788946
 -0.11386033  0.04850246 -0.04653787  0.03645371  0.15702534 -0.03252233
 -0.06042118  0.20482908 -0.02457391  0.07383658  0.07173034 -0.03623213
 -0.0476037  -0.02913486 -0.20249274 -0.01436493 -0.03952707 -0.1354865
 -0.01974509  0.07952691 -0.19114669  0.07933543  0.01187172  0.03757228
 -0.07628677  0.00721359 -0.08815854  0.03150532  0.1306901  -0.24996801
  0.20921758  0.19808775  0.03375848  0.08274287  0.1070549  -0.00869989
 -0.04227788 -0.0569719  -0.08664098 -0.07998706  0.12843232 -0.01241501
  0.10715538 -0.01136112]