[-1.24996044e-01  8.36232305e-02  9.12566110e-02 -4.64089625e-02
 -1.45450979e-01 -5.90381399e-02 -1.76703301e-03 -1.47741780e-01
  7.57338926e-02 -7.04252571e-02  2.25306347e-01 -1.05195999e-01
 -1.92907214e-01 -6.47704303e-02 -4.42968272e-02  2.17989326e-01
 -1.35358885e-01 -1.13865487e-01 -9.84723717e-02 -1.43886255e-02
  8.39282721e-02  1.91593845e-03  1.45366434e-02  1.08679179e-02
 -1.40796766e-01 -2.98265666e-01 -5.04219830e-02 -5.75143360e-02
  1.57313403e-02 -1.70296542e-02 -6.40280768e-02  3.76053117e-02
 -1.76687703e-01 -8.10583755e-02  8.31639990e-02  8.06408152e-02
 -1.92111935e-02 -1.00098170e-01  1.56802461e-01 -1.23875141e-02
 -2.99982458e-01  6.09333301e-03  1.16478123e-01  2.43066117e-01
  2.09112689e-01  2.74920017e-02  2.01881211e-02 -1.32323906e-01
  1.67708024e-01 -2.08800942e-01 -3.74431536e-02  6.95338771e-02
  3.37267630e-02  9.41728067e-04  4.39830981e-02 -1.22482494e-01
  5.24780415e-02  1.18756466e-01 -1.63315475e-01 -5.90524971e-02
  9.52332392e-02 -7.58886039e-02 -5.30529507e-02 -1.13318443e-01
  2.01486826e-01  6.25942275e-02 -1.19822599e-01 -1.31440729e-01
  1.22729875e-01 -1.08175837e-01 -4.63322364e-02  6.19408377e-02
 -1.63259432e-01 -1.45821482e-01 -3.55842561e-01 -4.71551232e-02
  4.78869110e-01  8.65100771e-02 -1.75068721e-01  1.64182913e-02
 -3.02157104e-02  7.42182359e-02  1.76083758e-01  1.51829556e-01
 -5.50691038e-05  4.79937494e-02 -8.66580680e-02 -1.44823641e-03
  2.15561703e-01 -1.19949780e-01 -1.15301060e-02  1.89243868e-01
  1.93818416e-02  3.70919518e-02 -8.25469103e-03  3.49018425e-02
 -1.10935725e-01  1.10131297e-02 -1.45227939e-01 -4.65541705e-02
  5.84814437e-02  1.82521548e-02  6.40606880e-02  1.61887512e-01
 -1.91482827e-01  7.46699721e-02  7.33353198e-03  4.39510755e-02
  2.36268789e-02 -5.39104007e-02 -2.58815438e-02 -5.28714731e-02
  5.08396290e-02 -1.95787773e-01  1.02324322e-01  1.99596077e-01
 -1.56210605e-02  5.70775829e-02  1.19363047e-01 -5.71880164e-03
 -5.14343986e-03  4.19707596e-02 -1.82184651e-01 -2.74004769e-02
  9.96837392e-02 -4.07864265e-02  8.17639902e-02 -3.44062261e-02]