[-3.19572203e-02  1.66368112e-01  5.40761538e-02 -6.76136315e-02
 -2.04478651e-02 -3.55304666e-02 -7.23259524e-02 -9.83144939e-02
  1.00072958e-01 -7.32600540e-02  3.05015713e-01 -1.21414624e-02
 -1.97351709e-01 -1.21410146e-01 -6.87449723e-02  1.41588852e-01
 -1.65733919e-01 -8.53370726e-02 -1.33678719e-01 -7.77923092e-02
  1.27712712e-02  1.93575360e-02  4.71464135e-02  1.75782833e-02
 -1.33338243e-01 -3.07111561e-01 -1.02896273e-01 -1.32057101e-01
 -5.76639585e-02 -1.23760462e-01 -4.84656505e-02  1.39660807e-02
 -1.42698199e-01 -6.59696832e-02  5.88504970e-03  3.46612942e-04
 -3.24712656e-02 -2.59781089e-02  1.70871392e-01  4.93289046e-02
 -1.20032787e-01  1.23630002e-01  5.70020191e-02  3.05230170e-01
  2.65076309e-01  3.92225869e-02  1.10655883e-02 -8.06623250e-02
  1.40387684e-01 -1.67521313e-01  8.15124288e-02  1.05060495e-01
  1.44347832e-01  7.72203207e-02  1.00112669e-01 -1.11385919e-01
 -1.81223359e-02  8.25847834e-02 -1.30715534e-01 -5.22245765e-02
  1.50840748e-02 -1.19990949e-02 -2.68713329e-02 -6.98366091e-02
  1.95563167e-01  1.39739826e-01 -1.11575484e-01 -8.02852511e-02
  1.37838528e-01 -9.97807756e-02 -3.87090221e-02  1.93531998e-02
 -1.54034480e-01 -1.24984995e-01 -2.45330215e-01  6.33253008e-02
  3.50238502e-01  1.29537210e-01 -1.98870599e-01 -2.59324978e-03
 -8.98368657e-02 -1.15628811e-02  4.98825014e-02  2.35648896e-03
 -1.11730300e-01  2.00465303e-02 -5.17287552e-02  4.25995439e-02
  1.69463187e-01 -4.00696062e-02 -6.80612177e-02  1.89134195e-01
 -2.56140865e-02  2.83466820e-02  9.18508545e-02 -3.18131074e-02
 -9.58496407e-02  8.32301285e-03 -1.65502474e-01  2.08010748e-02
 -2.81989370e-02 -9.64047611e-02 -3.65578718e-02  4.46673110e-02
 -1.46544039e-01  9.47104916e-02  4.00588885e-02 -5.95901860e-03
 -5.64536862e-02  5.26691340e-02 -1.05065249e-01 -2.46016104e-02
  1.39199719e-01 -2.30856612e-01  2.09108979e-01  1.30882308e-01
  2.62848921e-02  1.16118468e-01  1.10533670e-01  4.34003286e-02
 -6.02700599e-02 -1.95095185e-02 -1.11095302e-01 -7.25056678e-02
  9.84878838e-02  2.98435688e-02  1.32825062e-01  4.83685732e-03]