[-0.12737998  0.0420544   0.08313663 -0.03225946 -0.12307101 -0.05743833
 -0.04018613 -0.18930186  0.09059206 -0.11018403  0.18604694 -0.09438969
 -0.17525494 -0.07161487 -0.05459816  0.23528945 -0.13200955 -0.15024619
 -0.0790652  -0.04113152  0.03428716  0.02826145  0.00117193  0.00418111
 -0.16064237 -0.29061085 -0.10268444 -0.0368449  -0.04056657 -0.02314373
 -0.08031847  0.06047921 -0.17268944 -0.03825031  0.09993451  0.10451759
  0.01412669 -0.09349702  0.12503807 -0.00661466 -0.28110215  0.01631284
  0.14808208  0.22382382  0.19874972  0.03370221 -0.00885953 -0.13444237
  0.17963789 -0.17296961 -0.0186809   0.0655387   0.03221125  0.01534294
  0.04757217 -0.10547592  0.02745562  0.13908891 -0.12726736 -0.05300957
  0.07525786 -0.08936445 -0.07241346 -0.10660747  0.18603197  0.11247423
 -0.11823825 -0.14597037  0.12778237 -0.12211231 -0.07446757  0.04708526
 -0.15602377 -0.14312562 -0.35446998 -0.06439854  0.46666589  0.06151673
 -0.19299917  0.02166997  0.01416628  0.07853051  0.18106179  0.15326916
  0.00097964  0.03621815 -0.07621904 -0.01584621  0.26726478 -0.07655572
 -0.0264596   0.15164253 -0.00643202  0.04759983  0.0012842   0.05249101
 -0.07514826 -0.01135705 -0.1387759  -0.05341849  0.05067965  0.0331055
  0.02070471  0.14953601 -0.16796505  0.10402031  0.03204092  0.03480607
  0.01556257 -0.02201449 -0.01793821 -0.02341161  0.05189462 -0.21873735
  0.12956938  0.16991381 -0.04741883  0.08322542  0.0704115   0.04019715
 -0.04131696  0.02676964 -0.16482045 -0.07392585  0.1007053  -0.03603157
  0.10313224 -0.02390948]