[-4.12154607e-02  1.46235630e-01  9.71515179e-02 -1.94902364e-02
 -1.33414194e-01  5.53417718e-03 -4.03114446e-02 -1.41161665e-01
  1.52763292e-01 -1.28775582e-01  2.47277737e-01 -2.86086928e-02
 -2.33663782e-01 -1.13438681e-01  9.72780120e-03  1.88385189e-01
 -1.85585499e-01 -1.81585565e-01 -5.17365662e-03  1.46182996e-04
  7.89533034e-02 -5.76704880e-03 -1.97479874e-02  8.19529667e-02
 -1.41398624e-01 -4.17620033e-01 -1.07733607e-01 -6.65312037e-02
 -1.97782908e-02 -1.01047687e-01 -9.22227129e-02  6.16049059e-02
 -1.40716523e-01 -5.05743735e-02  7.03911260e-02  1.22498251e-01
 -3.01713236e-02 -9.95885283e-02  1.19540252e-01  1.98705215e-02
 -2.39220127e-01  6.94176406e-02  9.97502580e-02  2.77744323e-01
  2.15014026e-01  3.17371301e-02  5.69646657e-02 -8.68513584e-02
  1.82600766e-01 -2.32756957e-01  6.63784742e-02  1.26536354e-01
  1.37997329e-01  3.81298847e-02  1.04450405e-01 -2.04298541e-01
 -3.07894386e-02  1.16674237e-01 -1.63697168e-01 -6.34722551e-03
  2.33654864e-02 -6.78484440e-02  1.79122691e-03 -5.70136793e-02
  2.02778369e-01  1.35990530e-01 -9.50967818e-02 -1.44666240e-01
  1.57518893e-01 -1.52837023e-01 -8.62181336e-02  2.35876795e-02
 -1.70032963e-01 -1.42691821e-01 -2.87730455e-01 -4.21653781e-03
  4.76526082e-01  1.14338376e-01 -2.00056598e-01  4.36126404e-02
 -6.53716400e-02  9.18132253e-03  3.22792716e-02  1.40981540e-01
 -3.14246379e-02  2.66175307e-02 -1.21767871e-01  2.69952621e-02
  2.16794729e-01 -2.87245568e-02  1.26904165e-02  2.38142967e-01
  2.43098452e-03  5.90547137e-02  6.38196915e-02 -2.39281543e-02
 -1.23215370e-01 -6.28048205e-04 -1.57249987e-01 -1.11389592e-01
 -4.92489152e-02 -6.09473102e-02 -1.74604263e-02  1.35174662e-01
 -2.85872191e-01  1.31427959e-01  1.11017097e-02  1.44156190e-02
  9.61338729e-03  2.29150057e-02 -6.58099800e-02 -1.85727794e-02
  1.05659500e-01 -3.00423324e-01  1.40756369e-01  1.78024635e-01
  3.73576432e-02  1.43606856e-01  4.55393381e-02  3.01699787e-02
  9.52249765e-03 -9.83317941e-02 -1.66007310e-01 -4.45241220e-02
  5.97952567e-02 -4.92040925e-02  2.48012822e-02 -3.64609738e-03]