[-6.44053444e-02  9.23282728e-02  4.40002531e-02 -9.80446711e-02
 -1.09947100e-01  4.24101874e-02  2.84287930e-02 -1.25575349e-01
  1.96506307e-01 -9.50741768e-02  2.19175443e-01 -4.20252681e-02
 -2.32262567e-01 -5.42005002e-02  1.39910653e-02  1.44823655e-01
 -1.32666394e-01 -7.24846050e-02 -5.51749673e-03  1.91018600e-02
  5.68794385e-02  2.90509816e-02 -4.14720783e-03  8.47475678e-02
 -6.48400486e-02 -3.68439168e-01 -1.10061340e-01 -8.27728733e-02
  4.94155362e-02 -1.12469725e-01 -5.52665479e-02  7.70605952e-02
 -1.19336002e-01 -6.17447905e-02  3.36327814e-02  8.04436654e-02
 -8.46967027e-02 -5.66880666e-02  1.49695098e-01  6.74596056e-02
 -1.79312259e-01  6.26501590e-02  4.49538988e-04  2.76035219e-01
  1.78618833e-01  8.16190168e-02  7.18168393e-02 -1.76732525e-01
  1.50717631e-01 -2.31565982e-01  2.02307571e-02  1.00703023e-01
  4.25626349e-04  1.75168328e-02  4.77211662e-02 -1.92541882e-01
  1.72478787e-03  3.22807208e-02 -2.28918388e-01  4.62803096e-02
  6.42298684e-02 -3.27675901e-02 -5.68882041e-02 -2.50142161e-02
  1.76461622e-01  1.06047951e-01 -7.61390328e-02 -1.57159090e-01
  1.83778465e-01 -1.63523898e-01 -4.89785001e-02  6.69969469e-02
 -1.46909460e-01 -1.77288458e-01 -1.91317022e-01  2.30917074e-02
  4.39184189e-01  1.16597116e-01 -1.48704991e-01  3.40504982e-02
 -8.63176808e-02 -8.36026575e-03  1.21016636e-01  1.13606744e-01
 -2.69544171e-03 -3.10811438e-02 -6.62712157e-02  3.93525884e-02
  1.82003796e-01 -7.03927055e-02  2.55725514e-02  2.44154125e-01
  4.56989035e-02  7.09821731e-02  3.59209590e-02  4.29047793e-02
 -1.07787304e-01  5.43766096e-02 -1.70155302e-01 -9.68395099e-02
  4.04991806e-02 -3.08126267e-02  5.14705889e-02  1.37560606e-01
 -2.69666404e-01  2.40170464e-01  1.19244512e-02 -3.26477960e-02
  3.64134386e-02 -4.73312289e-02 -5.75407743e-02  2.24618409e-02
  1.48012921e-01 -2.66204685e-01  1.66981742e-01  1.87895283e-01
  5.32289706e-02  1.15490355e-01  2.87010465e-02  3.42582203e-02
  2.98201591e-02 -6.09184168e-02 -2.06327230e-01 -1.78756695e-02
  5.55872992e-02 -1.60900336e-02 -1.80229377e-02 -3.32556032e-02]