[-0.05131174  0.08556455  0.06655523 -0.03997319 -0.07908733  0.04156077
  0.0089189  -0.13479999  0.1881157  -0.1235367   0.23736775 -0.02634191
 -0.20454235 -0.06440858  0.0040255   0.17309342 -0.15483288 -0.09670637
  0.01825367  0.0160354   0.06451162 -0.00216059 -0.00128276  0.0538515
 -0.11471339 -0.38175517 -0.11249214 -0.08721089  0.05556126 -0.06796804
 -0.10126317  0.07234056 -0.11436798 -0.04041542  0.03383045  0.08863931
 -0.07417871 -0.05693848  0.14184099  0.0729714  -0.19972478  0.05374066
 -0.01300239  0.28441021  0.17849807  0.0522387   0.07618047 -0.14524305
  0.12303972 -0.23321553  0.01178925  0.09396192  0.03882726  0.04651725
  0.0234392  -0.1792476  -0.01787168  0.05233038 -0.2004613   0.02577511
  0.03669159 -0.03036102 -0.02815037 -0.02968539  0.19901252  0.11649606
 -0.1009592  -0.12934527  0.16350169 -0.14981489 -0.03389467  0.0374906
 -0.15766501 -0.19611754 -0.21968098  0.0183829   0.44908604  0.11444445
 -0.14573525  0.0277577  -0.08738988 -0.00209472  0.1214      0.13664842
  0.00410537  0.00579576 -0.04480087  0.0293641   0.18774782 -0.08802655
  0.01757911  0.2348756   0.01293561  0.08737274  0.01758853  0.03232356
 -0.0799659   0.06094288 -0.14743924 -0.08377304 -0.00217228 -0.03291286
  0.05460206  0.13466494 -0.26909769  0.20502129  0.0283749  -0.00645937
  0.07342785 -0.00841498 -0.06835113 -0.02429347  0.13321243 -0.28430516
  0.14345692  0.23350511  0.05335143  0.12576365  0.03787297  0.02297171
  0.02230935 -0.05285927 -0.21143679  0.01504557  0.05723264 -0.03310835
 -0.03934228 -0.0345567 ]