[-0.0733493   0.16446362  0.08335809 -0.07222543 -0.15146904  0.0039241
 -0.0717761  -0.14342561  0.15038994 -0.08483715  0.25593966 -0.08924004
 -0.23302065 -0.10292834 -0.05113668  0.22589622 -0.19704653 -0.10224452
  0.02115882  0.04495308  0.08812327  0.03909142  0.02466433  0.06349985
 -0.08389552 -0.43513533 -0.07665909 -0.0665295  -0.02039102 -0.1147481
 -0.10485261  0.09367787 -0.13281117 -0.06011103  0.07822637  0.10181935
 -0.07284073 -0.06644263  0.1297881   0.00828411 -0.23100321  0.01628668
  0.07912133  0.25068757  0.19337024  0.03536163  0.05454154 -0.1674577
  0.13886327 -0.23419021  0.0219888   0.14149635  0.02251435  0.04864984
  0.02585377 -0.17578952 -0.01223461  0.05827704 -0.17136171 -0.02985295
  0.08164963 -0.07751959 -0.04904462 -0.05596774  0.21510182  0.1112687
 -0.09543323 -0.18206884  0.12466963 -0.12881158 -0.05196042  0.04017129
 -0.15377788 -0.17262912 -0.25076267 -0.03120624  0.41786391  0.09214452
 -0.17174637  0.05092168 -0.11019798 -0.01111052  0.05329424  0.13270512
  0.00202898  0.05225822 -0.09797338  0.04135108  0.18000044 -0.12122734
  0.04319728  0.27163982  0.02147513  0.09971326  0.05537711  0.02123464
 -0.11632501  0.03498847 -0.15643863 -0.09729464  0.00915672 -0.04389678
  0.02581083  0.13397165 -0.25123468  0.17516807  0.01306624  0.02785827
  0.04989913 -0.04494376 -0.03928814 -0.06905698  0.12879358 -0.23960622
  0.15381558  0.16340864  0.07785978  0.15432906  0.07300431  0.05886994
  0.00220907 -0.08637228 -0.15606576  0.01271999  0.07807393 -0.01548503
 -0.0075989  -0.0242479 ]