[-6.98989928e-02  1.78028673e-01  8.65888596e-02 -5.22664599e-02
 -1.44129932e-01 -3.61323217e-03 -5.86142056e-02 -1.37936816e-01
  1.56449601e-01 -8.49975273e-02  2.50449568e-01 -9.33972374e-02
 -2.22145602e-01 -8.69778842e-02 -5.33759482e-02  2.06277758e-01
 -1.72667980e-01 -1.12922385e-01  2.45454200e-02  2.81628910e-02
  1.19843833e-01  3.73568572e-02  5.02663711e-03  4.68503311e-02
 -8.23263302e-02 -3.94763529e-01 -7.75176585e-02 -5.51222041e-02
  2.97279153e-02 -1.06122211e-01 -8.52432474e-02  8.02996382e-02
 -1.39511451e-01 -7.15375692e-02  6.86137453e-02  7.04355240e-02
 -4.46623527e-02 -8.59507844e-02  1.33962557e-01  1.92477871e-02
 -2.47777775e-01  3.70920524e-02  5.01538031e-02  2.54761338e-01
  1.71269342e-01  4.47811261e-02  3.85020822e-02 -1.75775751e-01
  1.28029093e-01 -2.03636006e-01  2.68366188e-03  1.49132475e-01
  7.75985463e-05  3.45593840e-02  3.65483686e-02 -1.86986297e-01
 -4.61408403e-03  4.93294969e-02 -1.97859928e-01 -4.27583307e-02
  5.83888479e-02 -6.71906695e-02 -2.94429511e-02 -7.96944574e-02
  1.75102577e-01  9.97996554e-02 -6.63433000e-02 -1.98853612e-01
  1.32291749e-01 -1.26468882e-01 -4.91522439e-02  8.36770013e-02
 -1.48345023e-01 -1.57717392e-01 -2.47364953e-01 -3.13067101e-02
  4.19919968e-01  8.90087560e-02 -1.51663333e-01  5.85318096e-02
 -6.78523406e-02 -2.02273484e-02  8.70757625e-02  1.48068458e-01
  2.54935119e-02  3.63985226e-02 -7.82007799e-02  3.37117389e-02
  1.67826682e-01 -1.11925557e-01  1.02498857e-02  2.46286556e-01
  6.94533763e-03  8.26255679e-02  3.01667452e-02  3.48608270e-02
 -1.19466029e-01  5.63636534e-02 -1.34878576e-01 -9.95519757e-02
  2.27777977e-02 -1.00764660e-02  1.83912124e-02  1.45442471e-01
 -2.38235340e-01  1.42421827e-01  1.21578760e-02  1.88189726e-02
  1.69968382e-02 -6.18842132e-02 -1.39402067e-02 -2.30538640e-02
  1.09924734e-01 -2.53648371e-01  1.72681689e-01  1.71039939e-01
  4.80515771e-02  1.29008427e-01  6.07056618e-02  1.88345443e-02
  2.06954461e-02 -9.39536765e-02 -1.72730044e-01 -1.00283790e-02
  6.59578666e-02 -3.01755201e-02 -6.68894639e-03 -4.00577150e-02]