[-0.08005121  0.1150676   0.05446003 -0.0658346  -0.1115218   0.05323477
 -0.00272676 -0.13091038  0.20911978 -0.11417905  0.24677363 -0.02453501
 -0.20967066 -0.08592155 -0.00521255  0.16749232 -0.15655339 -0.10699471
  0.02452472  0.00080923  0.05582952 -0.00161846 -0.0059554   0.07299938
 -0.11024008 -0.40597397 -0.10794944 -0.09735522  0.03957246 -0.10702874
 -0.10887264  0.09580989 -0.10948036 -0.06707566  0.03674037  0.11679132
 -0.08091998 -0.04715944  0.13814621  0.08148586 -0.18954027  0.04677417
  0.0080624   0.30948198  0.22119646  0.04979067  0.06557167 -0.12774479
  0.15976994 -0.22951356  0.02342675  0.11013144  0.06065164  0.04722441
  0.03955178 -0.1853572  -0.01685332  0.05173266 -0.21256624  0.01643667
  0.04710013 -0.06872829 -0.04107093 -0.02157107  0.21054354  0.13964464
 -0.08771152 -0.15176359  0.19230729 -0.13490787 -0.04536522  0.04147769
 -0.17797768 -0.17708789 -0.21609063  0.03577047  0.46121833  0.12545532
 -0.13029063  0.03417804 -0.10159516 -0.00989314  0.07770837  0.12931652
 -0.01577412 -0.0092898  -0.05948147  0.03543158  0.16655335 -0.0583412
  0.00554683  0.2253309   0.00855586  0.09617966  0.04432023  0.03292055
 -0.11592472  0.06176985 -0.16087234 -0.11064352 -0.00477275 -0.05717039
  0.06029838  0.14008826 -0.27330014  0.21475735  0.01529122  0.0139413
  0.04383631 -0.02600286 -0.05105139  0.0058254   0.13700852 -0.28908721
  0.15921393  0.20303009  0.07116862  0.14404808  0.05158885  0.01382608
  0.02791434 -0.0710127  -0.19929712  0.00770464  0.04727378 -0.02961822
 -0.01836584 -0.01601207]