[-0.1009738   0.11806893  0.05135674 -0.08086077 -0.1725325  -0.04124155
 -0.0668745  -0.12255923  0.16924474 -0.09091564  0.24905609 -0.04402838
 -0.16951256 -0.1311911  -0.00162257  0.18654273 -0.19065194 -0.11279099
  0.02165742 -0.01594559  0.06784635 -0.00565706  0.01207625  0.0920819
 -0.09125026 -0.38745132 -0.07993668 -0.11663624  0.02485777 -0.09134759
 -0.07270253  0.10214888 -0.1190266  -0.0964165   0.05066628  0.12760122
 -0.00788352 -0.00452984  0.1210601   0.02392941 -0.21174569  0.07791857
  0.06372844  0.26547089  0.22961891  0.05290544  0.06652264 -0.12293027
  0.15462533 -0.19415574  0.04285436  0.12359965  0.09994499 -0.00344645
  0.05981569 -0.18244047 -0.01112844  0.0449641  -0.19070661  0.00451821
  0.08299847 -0.00204042 -0.04097561 -0.0306444   0.23912533  0.12913822
 -0.10713711 -0.14842227  0.1513568  -0.12581621 -0.09239062  0.03692818
 -0.19665657 -0.13475214 -0.26167271 -0.00336353  0.46799237  0.07787172
 -0.20109653  0.04214107 -0.10656203 -0.0214008   0.05563883  0.11818375
 -0.0140618  -0.00899633 -0.08188652  0.01546928  0.15776628 -0.05383907
  0.00967964  0.20861354  0.04810771  0.11456596  0.03580954  0.01340429
 -0.10165273  0.02615086 -0.1750837  -0.10456239 -0.0352551  -0.04224179
  0.00385382  0.107725   -0.24932395  0.17863367  0.03550633  0.02165586
 -0.02704534  0.03550277 -0.05171171 -0.01010079  0.13141397 -0.22592314
  0.19648993  0.1900938   0.09006282  0.1330293   0.08152082  0.01443446
  0.02734473 -0.05561794 -0.13644491 -0.01127865  0.02876755 -0.07848991
  0.02798572  0.02388375]