[-6.76304176e-02  1.52251616e-01  1.06323652e-01 -6.08587936e-02
 -1.35329530e-01  5.95395966e-03 -3.23193856e-02 -1.23290375e-01
  2.00528532e-01 -1.39375106e-01  2.43754253e-01 -4.02378701e-02
 -2.16017038e-01 -1.05804674e-01  1.66426980e-04  1.82100415e-01
 -1.72147036e-01 -1.19297348e-01  8.48175026e-03 -7.42530404e-03
  8.08430538e-02  8.13272502e-03  5.75630087e-03  6.72991425e-02
 -1.14036158e-01 -4.05862302e-01 -1.03651941e-01 -6.31512776e-02
  3.20689171e-03 -9.53089595e-02 -6.96750730e-02  6.98481500e-02
 -1.23397842e-01 -7.83865824e-02  3.29804309e-02  1.09874047e-01
 -3.16591971e-02 -7.05262646e-02  1.00162588e-01  2.08494198e-02
 -2.33671114e-01  5.49176149e-02  6.13835566e-02  2.53084660e-01
  1.64796457e-01  4.85640839e-02  4.81039658e-02 -1.27719626e-01
  1.78791150e-01 -2.15317652e-01  4.35033292e-02  1.09700516e-01
  6.29272833e-02  2.91975271e-02  9.21649858e-02 -1.72480330e-01
 -1.53815476e-02  8.90257955e-02 -1.77672133e-01 -2.46291468e-03
  4.70949262e-02 -5.09758890e-02 -2.19321605e-02 -7.14416280e-02
  1.78996906e-01  1.34461388e-01 -8.17312226e-02 -1.54366165e-01
  1.44813970e-01 -1.35522380e-01 -6.64636940e-02  7.33725056e-02
 -1.58435643e-01 -1.47355244e-01 -2.58720756e-01  1.06188422e-02
  4.67177957e-01  1.28662750e-01 -1.48899585e-01  1.55906128e-02
 -7.27358535e-02 -4.27542208e-03  5.55186756e-02  1.57042250e-01
 -7.02960044e-03  2.99151428e-02 -7.36372024e-02  3.57531831e-02
  1.69465885e-01 -4.65508066e-02 -3.93840158e-03  2.47152805e-01
  2.82368045e-02  1.12711839e-01  1.82368588e-02 -1.09741585e-02
 -1.24485038e-01  2.61655934e-02 -1.61980018e-01 -1.00314476e-01
 -1.16608171e-02 -2.36415025e-02 -1.38257747e-03  1.13309048e-01
 -2.48145565e-01  1.62974760e-01  2.46690959e-02  1.04800062e-02
  2.12809276e-02  2.42768116e-02 -3.89613621e-02 -1.59977525e-02
  1.12153493e-01 -2.62653589e-01  1.43519193e-01  1.84411958e-01
  6.02116957e-02  1.40429869e-01  5.45224808e-02  2.67221965e-02
  2.36148704e-02 -9.46713239e-02 -1.46752626e-01 -2.16978062e-02
  6.21242821e-02 -6.39969483e-02  1.67114586e-02 -2.35359948e-02]