[-1.00721411e-01  1.40723556e-01  7.50113353e-02 -5.85708730e-02
 -1.49248108e-01 -2.07377374e-02 -4.97033112e-02 -1.48061022e-01
  1.49393559e-01 -8.38530138e-02  2.44701535e-01 -6.45024329e-02
 -2.31247663e-01 -1.16060629e-01 -3.45205255e-02  2.09773779e-01
 -1.91879138e-01 -9.15894508e-02  7.43090501e-03  3.22485827e-02
  9.04488340e-02  2.45995577e-02  3.76643203e-02  7.54912719e-02
 -7.41458461e-02 -4.21138138e-01 -7.66096115e-02 -7.87878782e-02
 -1.74344219e-02 -9.21275243e-02 -1.06817685e-01  7.96132907e-02
 -1.46318153e-01 -8.63696784e-02  8.22253525e-02  1.11967824e-01
 -7.91989639e-02 -6.36640415e-02  1.29699826e-01 -6.09234674e-03
 -2.13922426e-01  1.68892450e-03  8.67010057e-02  2.25666806e-01
  1.94540575e-01  4.60264944e-02  5.45248985e-02 -1.56805351e-01
  1.32685333e-01 -2.42988035e-01  1.96969248e-02  1.36803553e-01
  2.25895699e-02  4.72357459e-02  4.03122865e-02 -1.93719506e-01
 -9.53845665e-05  5.30626960e-02 -1.76687986e-01 -2.92642303e-02
  6.82107732e-02 -6.86843768e-02 -6.40370026e-02 -2.68033631e-02
  2.05123052e-01  1.20973922e-01 -9.18744877e-02 -1.71848819e-01
  1.26194939e-01 -1.48623198e-01 -3.10587436e-02  4.83685248e-02
 -1.46658033e-01 -1.89439401e-01 -2.27370605e-01 -2.52082441e-02
  4.22000408e-01  9.96355414e-02 -1.60686240e-01  3.92859764e-02
 -1.20402865e-01 -1.03013711e-02  6.59138188e-02  1.10718191e-01
  4.78224643e-03  4.21319120e-02 -1.00124732e-01  4.04961780e-02
  1.60633102e-01 -1.09330907e-01  4.97110486e-02  2.75779098e-01
  3.43756340e-02  8.33393559e-02  6.32388368e-02  2.30462812e-02
 -1.05976775e-01  3.85784991e-02 -1.59226164e-01 -8.97130519e-02
  2.74994019e-02 -5.76159023e-02  3.19467001e-02  1.04285419e-01
 -2.51615793e-01  1.40295193e-01  7.98349828e-03  1.70475338e-02
  4.21632342e-02 -6.45156875e-02 -6.51641563e-02 -6.35110885e-02
  1.18628465e-01 -2.42427379e-01  1.73642650e-01  1.79662362e-01
  4.78656814e-02  1.65380165e-01  6.45232871e-02  5.34489937e-02
  1.83542483e-02 -9.60995853e-02 -1.37202621e-01  6.06918195e-03
  7.44407848e-02 -1.49724577e-02 -1.41463578e-02 -3.84448133e-02]