[-0.09169225  0.17303735  0.09663551 -0.02965698 -0.15805654 -0.00111928
 -0.04128827 -0.12195331  0.13411871 -0.07324234  0.23584281 -0.08104452
 -0.22695099 -0.09167957 -0.03764072  0.18790495 -0.14316325 -0.09375869
  0.01250091  0.0302536   0.11010929  0.03957586  0.02765363  0.05355854
 -0.07434125 -0.39689398 -0.0664391  -0.06249323  0.02854398 -0.10977221
 -0.09052715  0.05496968 -0.14427036 -0.07125389  0.06539299  0.09693579
 -0.07166591 -0.07873775  0.13588898  0.03579844 -0.22872975  0.00843191
  0.03571834  0.24604939  0.18743901  0.06136912  0.0510481  -0.15902738
  0.14468051 -0.23508635  0.01281397  0.14031036 -0.00391856  0.03626156
  0.06224076 -0.19055457 -0.00264201  0.05816343 -0.2083147  -0.02585007
  0.04095895 -0.05693975 -0.03777904 -0.06609371  0.18523242  0.10756953
 -0.06974792 -0.17148371  0.15016912 -0.13910566 -0.03470111  0.1004881
 -0.12903856 -0.17344408 -0.22716597 -0.00590761  0.4366478   0.11197829
 -0.13799815  0.0294423  -0.06796535 -0.02220427  0.07738435  0.13659801
  0.01462921  0.03752103 -0.08097287  0.03639802  0.15293863 -0.10354181
  0.01613014  0.25137135  0.01110982  0.08240791  0.04101916  0.03338984
 -0.12095266  0.050995   -0.13464563 -0.10730376  0.0356434  -0.04577554
  0.03195158  0.11624318 -0.23854776  0.14070873 -0.00823434  0.00474042
  0.00222758 -0.09226618 -0.03763219  0.01081561  0.1138266  -0.26806974
  0.19100699  0.16916376  0.0226192   0.14246173  0.05796375  0.02031841
  0.03405593 -0.10672724 -0.14278798 -0.02688558  0.06103339 -0.02899635
 -0.00672067 -0.04707623]