[-0.10208944  0.14769863  0.0516219  -0.06910689 -0.16506745 -0.01515315
 -0.07085764 -0.15424806  0.14190559 -0.07667643  0.25802153 -0.08179229
 -0.21798174 -0.1116401  -0.04316815  0.22451177 -0.19456176 -0.11392843
  0.00563692  0.02784873  0.08565719  0.03475194 -0.00851577  0.05738065
 -0.07294629 -0.40991947 -0.06282469 -0.08470148 -0.02451542 -0.1029428
 -0.09646965  0.08935069 -0.14098069 -0.08526191  0.06420127  0.10124075
 -0.06141357 -0.03323768  0.11449512  0.00245227 -0.24633852  0.01905605
  0.10024911  0.24308713  0.20020644  0.05115888  0.05150232 -0.17782623
  0.12014456 -0.15887859  0.00902397  0.11724725  0.05931315  0.03400478
  0.01470372 -0.1882529  -0.02763345  0.07544157 -0.15107296 -0.04155792
  0.09634308 -0.06690209 -0.06716211 -0.06672577  0.24774781  0.09302612
 -0.09021654 -0.18041252  0.1377136  -0.11324006 -0.10016908  0.0368667
 -0.16094404 -0.15881841 -0.26460069 -0.03603041  0.39714265  0.0404034
 -0.18918301  0.04608405 -0.07915802 -0.00578272  0.09500645  0.13797335
  0.01313996  0.03542695 -0.0827326   0.00147956  0.19075553 -0.10097831
  0.04486132  0.21392761  0.01763212  0.0847999   0.04793273  0.01010564
 -0.09570324  0.05893149 -0.16046217 -0.10407821  0.00263056 -0.03344096
  0.01357485  0.12062676 -0.22608791  0.14717589  0.03965374  0.05329197
  0.03444912 -0.04539185 -0.02884509 -0.06435447  0.13222697 -0.22441244
  0.18164356  0.16341063  0.07098048  0.13729937  0.08773566  0.0536133
 -0.00577811 -0.0611895  -0.2108687   0.02783564  0.10476953 -0.04496276
  0.02285853 -0.01423791]