[-0.05917168  0.1591424   0.10809936 -0.04062045 -0.13947335  0.01548631
 -0.03201463 -0.11307519  0.18427508 -0.12551622  0.22443736 -0.03176362
 -0.2389605  -0.1021735   0.01659966  0.18014771 -0.15466498 -0.12860149
  0.01560227  0.01116124  0.07449805  0.02178921  0.01040078  0.07371292
 -0.1137976  -0.40772167 -0.09477662 -0.05327345 -0.0122147  -0.10666104
 -0.08411396  0.06538503 -0.11598642 -0.07751451  0.04295696  0.10259694
 -0.04024215 -0.0798075   0.11154146  0.04655618 -0.22938369  0.04666066
  0.06311685  0.2626141   0.1743331   0.04592545  0.05818209 -0.12102211
  0.16309667 -0.25556871  0.04302061  0.11180136  0.04998234  0.03400427
  0.09350175 -0.185921   -0.02310512  0.07838365 -0.17845789  0.01268465
  0.0423     -0.04354664 -0.01989343 -0.06822422  0.19330688  0.13739197
 -0.08418681 -0.15676481  0.13172024 -0.15203303 -0.08720532  0.07282164
 -0.14408337 -0.14494415 -0.2609008   0.00951015  0.46753341  0.14371057
 -0.16172348  0.01442451 -0.07896863 -0.00954606  0.04640817  0.15749383
 -0.00287165  0.02646299 -0.07766879  0.02571162  0.17778908 -0.03208526
 -0.00543822  0.25601956  0.04127818  0.1167706   0.03656584 -0.00420776
 -0.12173086  0.01161591 -0.16387993 -0.11198719 -0.02109603 -0.03453526
  0.01123385  0.13290064 -0.25851968  0.17648301  0.01257647  0.00085669
  0.02957517  0.03027818 -0.04467439 -0.00873306  0.10593265 -0.27548862
  0.13485216  0.18220161  0.05714086  0.13222133  0.04584537  0.03526093
  0.02075071 -0.08182793 -0.13810961 -0.03267896  0.04978309 -0.06156395
  0.0115231  -0.01714663]