[-0.05275345  0.20041871  0.06844782 -0.02793282  0.02260229 -0.06211776
 -0.01609527 -0.1697489   0.13649946 -0.03259879  0.21341062 -0.05961236
 -0.24599372 -0.0800782  -0.00723862  0.14980318 -0.23681842 -0.12425023
 -0.0557242  -0.02294814  0.08002977 -0.00240338  0.02340776  0.03351117
 -0.12599483 -0.29662606 -0.13000892 -0.10473569  0.05636553 -0.05132087
 -0.08967523  0.00478316 -0.16934794 -0.11086583  0.03642778  0.01170878
 -0.00816714 -0.05165664  0.15830472  0.02892208 -0.16792606  0.10312187
 -0.00918576  0.29076347  0.20141469  0.04235457  0.04076963 -0.11460456
  0.06569427 -0.18580586  0.07278216  0.14623354  0.11994797  0.07833245
  0.01368928 -0.19282167 -0.01422152  0.07491206 -0.16428731  0.05239531
  0.14564888 -0.08068224  0.01460882 -0.02552793  0.14519839  0.09934132
 -0.11201657 -0.13489585  0.12317958 -0.11119244 -0.04667089 -0.02619017
 -0.14032567 -0.14014664 -0.31379637  0.03496414  0.352676    0.09417374
 -0.22283299 -0.00247647 -0.11898539  0.06684839  0.11754102  0.05513457
 -0.084998    0.00265871 -0.096201    0.00803833  0.17739728 -0.04743617
 -0.07549671  0.18513601 -0.03289522  0.04179     0.06114996  0.03346375
 -0.06975599  0.00839434 -0.14187728  0.04346078 -0.01872912 -0.0985482
 -0.04380188  0.14985573 -0.18118232  0.12202894  0.05092467 -0.00700087
 -0.04074921  0.03287992 -0.12896828 -0.02869722  0.14929168 -0.2426322
  0.24337588  0.25010985  0.0211558   0.09465956  0.07011015  0.04543371
 -0.01977271  0.0015611  -0.1664215  -0.07597858  0.09765712  0.01779465
  0.05727374  0.01855884]