[-8.05708393e-02  1.47585139e-01  1.05801545e-01 -2.94200424e-02
 -1.28567470e-02  8.29175301e-03 -3.37337889e-02 -4.64410111e-02
  1.17506586e-01 -1.90535001e-02  2.51014918e-01  4.04422767e-02
 -2.66234547e-01 -1.44748241e-01  3.22341137e-02  1.14300370e-01
 -1.47292763e-01 -1.13591753e-01 -1.23489670e-01 -8.07737857e-02
  3.59989218e-02  7.11663142e-02  3.23788710e-02 -3.35909538e-02
 -1.67461365e-01 -2.89022058e-01 -4.73883525e-02 -8.34466666e-02
  1.14154421e-01 -1.53215855e-01 -9.45912600e-02  4.30908380e-03
 -1.68703750e-01 -1.14846937e-01  5.88307157e-02  7.75402933e-02
 -2.32303571e-02 -4.91475202e-02  2.34567389e-01  1.31287193e-02
 -1.51377410e-01  5.30066788e-02  3.92394364e-02  2.87780285e-01
  1.85192525e-01  2.04443932e-05  2.29919199e-02 -2.88356431e-02
  1.36371717e-01 -2.16176555e-01  9.38577726e-02  1.42359897e-01
  1.50085837e-01  8.02256241e-02  9.82546434e-02 -1.92450523e-01
 -5.23613580e-02  1.31111190e-01 -1.84811994e-01  9.40603241e-02
  4.80422638e-02 -1.22674227e-01 -8.54115412e-02 -8.73948634e-02
  1.40532538e-01  6.49564043e-02 -1.41225204e-01 -1.80108964e-01
  1.36804745e-01 -8.65152031e-02 -2.74642110e-02  8.31140578e-02
 -9.70222354e-02 -8.46905932e-02 -2.83328712e-01  3.68839167e-02
  3.08012187e-01  7.51823634e-02 -2.55110770e-01  3.62466201e-02
 -6.99358508e-02 -3.58964764e-02  2.54719853e-02  6.16099201e-02
 -6.91619664e-02  7.97914192e-02 -5.79188727e-02  1.66102778e-02
  1.48777917e-01  2.56951135e-02 -4.46575135e-02  1.96508646e-01
  1.12571416e-03  7.43728131e-02  9.09269378e-02  4.03211042e-02
 -1.00824170e-01 -7.95146152e-02 -1.19394556e-01  1.11876270e-02
  4.14423458e-02 -1.81080669e-01 -4.18146048e-03  9.28812698e-02
 -1.46213144e-01  1.74083233e-01  3.23346145e-02  6.11864813e-02
  8.43136944e-03  1.69066768e-02 -9.21142027e-02 -5.08045871e-03
  1.65221289e-01 -3.19256157e-01  2.49659166e-01  1.91804275e-01
 -1.60587430e-02  8.80248770e-02  9.91995409e-02  4.89343330e-02
 -4.06501722e-03  3.63564603e-02 -1.49898782e-01 -1.33870244e-01
  2.17986088e-02 -6.65875897e-02  8.69723037e-02  4.65612784e-02]