[-7.29904100e-02  9.43545327e-02  4.48669605e-02 -4.34805639e-02
 -4.89130914e-02 -9.13090929e-02 -3.71138081e-02 -1.04485847e-01
  1.30499721e-01 -5.00495508e-02  2.27342039e-01 -2.94770207e-02
 -1.80371866e-01 -7.20786229e-02 -1.80433281e-02  1.46301910e-01
 -1.63323790e-01 -8.18259791e-02 -3.10531594e-02  8.59477650e-03
  1.23378493e-01  4.85978834e-02  3.30784507e-02 -9.22791380e-03
 -1.10393301e-01 -3.45564812e-01 -1.39025703e-01 -8.13438892e-02
  8.29203874e-02 -5.00110947e-02 -6.55665770e-02  1.13569917e-02
 -1.75701633e-01 -1.03216842e-01  5.78215085e-02  8.18260387e-02
 -4.09297235e-02 -4.29057032e-02  1.53691992e-01  9.54815298e-02
 -1.83085755e-01  6.19482808e-02 -2.33485736e-02  2.85296589e-01
  2.05962181e-01  9.83045325e-02  6.05846755e-02 -1.78290516e-01
  6.94830790e-02 -1.43567443e-01  6.70847297e-02  1.18692212e-01
  6.59653917e-02  6.23873174e-02  2.12120377e-02 -1.11316599e-01
  4.30550389e-02  6.53233677e-02 -2.16060594e-01  1.72139928e-02
  1.21462777e-01 -2.19805967e-02  2.13818625e-04 -2.89294329e-02
  1.91170976e-01  3.54362503e-02 -8.59695897e-02 -1.11004345e-01
  1.91556126e-01 -1.26208305e-01 -6.32845163e-02  5.89169702e-03
 -1.41735777e-01 -1.67498469e-01 -2.74039239e-01  2.30917968e-02
  4.20711190e-01  8.39197636e-02 -1.74879178e-01  3.34317051e-02
 -8.13599527e-02 -1.22611765e-02  1.60314426e-01  7.57121891e-02
 -2.34075431e-02  1.03902526e-03 -7.59598613e-02  2.66952757e-02
  2.23974496e-01 -8.87443125e-02 -1.74571909e-02  1.85874864e-01
  6.95261871e-03  6.91420808e-02  6.59046620e-02  3.53596993e-02
 -6.43976778e-02  5.86138368e-02 -1.34175226e-01 -2.91347783e-02
  3.07987221e-02 -8.89824405e-02  5.64623857e-03  1.50134549e-01
 -1.71265304e-01  1.45765111e-01  5.45506664e-02 -2.74556428e-02
  1.10373674e-02 -5.86143520e-04 -1.20581530e-01 -8.22348371e-02
  1.25928685e-01 -2.04683185e-01  2.35629424e-01  2.35309035e-01
  4.47058566e-02  9.81821939e-02  6.95418939e-02  7.38077387e-02
 -6.99504325e-03 -1.78802647e-02 -2.06400871e-01 -2.93009486e-02
  5.08720167e-02  3.08869388e-02  4.66815792e-02  1.60896908e-02]