[-0.04892114  0.19463272  0.05308462 -0.05363612  0.0052184  -0.07226115
 -0.02110719 -0.15984172  0.13852859 -0.02801148  0.20956285 -0.05359969
 -0.21218072 -0.11778229  0.00658492  0.13721143 -0.22025776 -0.12130699
 -0.04116598 -0.01447457  0.08613997 -0.01426016  0.03505042  0.03970139
 -0.15734985 -0.27573246 -0.14682305 -0.09343409  0.03544175 -0.06524126
 -0.07515593  0.02291223 -0.1877162  -0.12030925  0.03135879  0.02791511
 -0.00681146 -0.05452899  0.14973016  0.02548965 -0.16097338  0.10564151
 -0.00201443  0.26868859  0.21846643  0.02904773  0.03605588 -0.10015698
  0.06769054 -0.16513638  0.07878942  0.12844388  0.11428782  0.07015315
  0.02065839 -0.17325155  0.00256207  0.08101545 -0.17554431  0.0201633
  0.11488979 -0.09533738  0.0173997  -0.01865013  0.11637741  0.10334509
 -0.07374724 -0.13717264  0.14169247 -0.11063799 -0.03823512 -0.00631136
 -0.12989782 -0.13718648 -0.32219335  0.0264847   0.32991904  0.11772424
 -0.21570805  0.01003537 -0.11132474  0.06319731  0.10085837  0.02375063
 -0.08328517  0.01029206 -0.10508244  0.02227144  0.18058454 -0.04361274
 -0.0729429   0.18489783 -0.01184057  0.03644447  0.08103792  0.00625063
 -0.04996219  0.01085803 -0.14457858  0.05020248 -0.02486734 -0.11368164
 -0.0479921   0.14719181 -0.18956546  0.11051922  0.06478672 -0.03171952
 -0.08303864  0.02771292 -0.1273623  -0.0186029   0.13679387 -0.24910806
  0.23161076  0.23554547  0.00971415  0.11391022  0.06952389  0.0505898
 -0.03052506 -0.02927417 -0.12941645 -0.07212488  0.09724265  0.02962694
  0.08801491  0.0359921 ]