[-0.07898586  0.14528874  0.05979634 -0.03446999 -0.09998743  0.01307959
  0.01270675 -0.18021168  0.11561924 -0.10940526  0.27953479 -0.11771081
 -0.23815894 -0.05320108 -0.0525605   0.22911    -0.1520882  -0.16905932
 -0.07570478 -0.0250541   0.05692813 -0.00233008 -0.02573499  0.02212752
 -0.06577616 -0.33782527 -0.11298455 -0.01166211  0.07662644 -0.03608566
 -0.0592218   0.06489233 -0.14992544 -0.0550154   0.04445276  0.03951317
 -0.03735003 -0.06916478  0.16477416  0.00114542 -0.22669259  0.04298579
  0.09150691  0.28230339  0.21249858  0.06944769  0.03779811 -0.15926673
  0.05265828 -0.16140601  0.01901906  0.10189752  0.09879958  0.06886786
 -0.00855693 -0.16943181 -0.02496956  0.09038732 -0.15410046 -0.01211287
  0.06998875 -0.07822915 -0.03133447 -0.0953613   0.22018659  0.09754419
 -0.1044145  -0.19311145  0.16645277 -0.15408666 -0.11529817  0.02189721
 -0.15006201 -0.12640218 -0.3460919  -0.01939029  0.45452529  0.08380052
 -0.18897508  0.04306315  0.01309905  0.01012231  0.14856905  0.16270906
 -0.05061173 -0.01192826 -0.08813567 -0.01820748  0.21580826 -0.0797854
 -0.081957    0.17217322 -0.01365393  0.04536138  0.03705136  0.0757193
 -0.0552706   0.03720191 -0.14999667 -0.07774983 -0.00314524  0.00173351
  0.00752394  0.1496383  -0.16187277  0.17431048  0.01168305  0.0623631
 -0.00316749 -0.00383741 -0.03715478 -0.01175576  0.12347861 -0.23719811
  0.14051287  0.20146413  0.00915278  0.092337    0.12394428  0.06921747
  0.01671072  0.00472931 -0.2203372  -0.04768503  0.08329306 -0.04251634
  0.10064658  0.03897561]