[-0.10764179  0.12440898  0.08784334 -0.04063229 -0.06731727 -0.01088577
 -0.03338285 -0.13170573  0.09833091 -0.04662527  0.2309763   0.00367255
 -0.12332161 -0.19377665  0.03229477  0.19028521 -0.18091755 -0.19147554
 -0.05207595 -0.06919415  0.05344964  0.05418947 -0.02604141 -0.0014746
 -0.18087374 -0.29883495 -0.0701804  -0.10610173  0.10118828 -0.09058688
 -0.09496547  0.02218848 -0.15372907 -0.09758969  0.08259755  0.114818
 -0.05858492 -0.06010869  0.20706952 -0.03191959 -0.21195772  0.05980848
  0.08507811  0.28660011  0.22359851 -0.01444521  0.04530719 -0.05200052
  0.15133287 -0.17051613  0.06569165  0.11767681  0.09757284  0.09795755
  0.02419914 -0.11193883 -0.00706868  0.07558589 -0.21838291  0.02125052
  0.08230598 -0.17957698 -0.06288283 -0.04552126  0.12348739  0.05743563
 -0.0809504  -0.22438283  0.12060513 -0.13959278 -0.10348663  0.039202
 -0.11709514 -0.10203028 -0.35985705 -0.00340181  0.39625403  0.09411924
 -0.19698191  0.09943365 -0.00476663 -0.04118584  0.10455988  0.11953536
 -0.00674942  0.08199327 -0.08816551  0.0528102   0.19187032 -0.03595968
 -0.03049101  0.16028118  0.01680391  0.08218168  0.0748115   0.08712268
 -0.05111231  0.0122689  -0.09452691 -0.00943078  0.05142623 -0.03661699
  0.05767224  0.12520246 -0.14066669  0.23945208  0.03077948  0.08755998
 -0.04096539 -0.02552674 -0.05262842 -0.00652317  0.11591484 -0.22662811
  0.18149427  0.19578128 -0.0010911   0.10897715  0.1072407   0.00453326
 -0.02023817 -0.01770538 -0.21494751 -0.06521644  0.04038847 -0.02886363
  0.13033465  0.08927452]