[-1.46297693e-01  1.14930153e-01  8.99621323e-02 -2.35094666e-03
 -5.54235540e-02 -8.69233683e-02  6.45198524e-02 -1.92101285e-01
  1.38780698e-01 -8.91834423e-02  2.73537487e-01 -2.69224402e-02
 -2.39541054e-01 -1.10962011e-01 -3.06889303e-02  1.87762842e-01
 -1.24209307e-01 -1.60583824e-01 -8.33526403e-02 -3.99142243e-02
  8.95410702e-02 -4.66702171e-02 -1.68147648e-03  2.66013630e-02
 -9.23292264e-02 -2.94010043e-01 -1.14206485e-01 -3.02381646e-02
  6.02373146e-02 -3.16938870e-02 -5.45120910e-02  1.01721920e-01
 -1.91291913e-01 -1.15658455e-01  2.63589974e-02  7.43343011e-02
  2.22805925e-02  2.75700241e-02  1.48025900e-01  1.90536119e-02
 -2.14182049e-01  1.76492240e-02  5.77645190e-02  2.60522544e-01
  1.82568088e-01  6.62953854e-02  4.25832830e-02 -1.26814410e-01
  6.02573641e-02 -1.74991190e-01  8.04807898e-03  8.20864141e-02
  1.61129341e-01  5.74574582e-02  1.66583862e-02 -1.85915858e-01
 -5.54327434e-03  4.07848768e-02 -1.66433096e-01  2.68650781e-02
  4.17479128e-02 -1.38137490e-01 -5.56810312e-02 -4.49918024e-02
  1.83710769e-01  6.04962371e-02 -8.80343318e-02 -1.29877254e-01
  1.70754120e-01 -1.46171421e-01 -7.38793910e-02  6.24198318e-02
 -1.23585738e-01 -1.24919884e-01 -3.50513130e-01 -1.45851346e-02
  4.44344729e-01  8.08326229e-02 -2.05734596e-01  4.92144339e-02
 -7.47817084e-02  2.43400526e-03  8.81418660e-02  1.03085637e-01
 -6.59909174e-02  8.02848712e-02 -1.04088619e-01 -9.81340185e-03
  1.90970525e-01 -5.06902747e-02 -5.27263656e-02  2.04870775e-01
  3.05614923e-03  9.48740244e-02  4.15512808e-02  3.48906741e-02
 -3.63690071e-02 -1.83852371e-02 -1.46415472e-01 -9.85020325e-02
  5.18640329e-04 -4.98186275e-02  1.06574846e-02  7.32308105e-02
 -1.93352133e-01  1.27354324e-01  2.32079178e-02  5.72500303e-02
 -4.48698103e-02  8.41926970e-03 -6.25761077e-02 -1.90422963e-02
  9.91127640e-02 -2.36182675e-01  1.90633222e-01  2.49489307e-01
 -3.34501378e-02  8.29452723e-02  9.54303071e-02  2.16416772e-02
 -3.86730215e-04 -1.89647414e-02 -1.13963298e-01 -5.06690219e-02
  1.11765698e-01 -8.24623480e-02  1.05843581e-01  1.89897958e-02]