[-0.10573045  0.13532744  0.12999256 -0.05558843 -0.05432334 -0.00187543
 -0.02952041 -0.09427331  0.11861914 -0.02466418  0.2384311   0.04935369
 -0.20693092 -0.14817643  0.0228715   0.14902823 -0.19112623 -0.13830499
 -0.04483715 -0.09480844  0.07823163  0.09347308  0.00128631 -0.01184668
 -0.18330543 -0.28671071 -0.0669803  -0.09071198  0.10647737 -0.08503909
 -0.10363519  0.0271101  -0.15637605 -0.09118719  0.06537939  0.12128847
 -0.020696   -0.05756728  0.19259587 -0.00873118 -0.17433982  0.08233161
  0.07546781  0.26588401  0.22177945 -0.00744953  0.04546818 -0.03285038
  0.135949   -0.20055354  0.06950814  0.1433261   0.11138473  0.06522629
  0.06693419 -0.15407251 -0.06491476  0.09599457 -0.19479531  0.08009458
  0.05898556 -0.16048929 -0.06268407 -0.08139429  0.11373812  0.06634326
 -0.11774131 -0.20353289  0.13835441 -0.13753609 -0.11805744  0.05262352
 -0.12968384 -0.07824587 -0.33067203  0.01355384  0.35091966  0.0778831
 -0.21867549  0.09287744 -0.02611347 -0.03582781  0.05636179  0.11019401
 -0.02224661  0.09029774 -0.08234877  0.04118878  0.19187367 -0.00090774
 -0.03563641  0.21717727  0.00789822  0.10480755  0.07793696  0.08111194
 -0.06451418 -0.05067763 -0.12265696 -0.01163162  0.04978476 -0.10943235
  0.01709577  0.1252431  -0.15615055  0.18733567  0.00553086  0.07144732
 -0.03114363 -0.02015888 -0.07691512  0.02539062  0.16150264 -0.25643682
  0.22397101  0.21100877 -0.01941424  0.08789793  0.10441753  0.00543559
 -0.00237527 -0.01198443 -0.18006796 -0.11168394  0.02830264 -0.08199402
  0.11242081  0.07924404]