[-0.1195763   0.12185063  0.08927643 -0.04024064 -0.07773557 -0.07704803
  0.01220342 -0.15366483  0.08982724 -0.06973934  0.25707576 -0.11319542
 -0.22847109 -0.087598   -0.04160764  0.20763798 -0.18429768 -0.10434478
 -0.06446308 -0.07329842  0.03040655  0.00085469  0.00359678  0.03293465
 -0.10597748 -0.34631425 -0.05068943 -0.03649681  0.02406854  0.00303058
 -0.03304506  0.12654768 -0.18220922 -0.06545142  0.03870041  0.09231432
 -0.02219542 -0.02938239  0.1649003   0.03849304 -0.20862241  0.00254758
  0.10321762  0.2969721   0.19733565  0.03072923  0.03681891 -0.08673453
  0.0796242  -0.2028029   0.01335304  0.09746873  0.11314887  0.03904254
  0.04654294 -0.16122861 -0.00549974  0.08610035 -0.14619398 -0.01627311
  0.07208218 -0.09278878 -0.01654716 -0.09271447  0.24558523  0.10892569
 -0.09845538 -0.09073671  0.1476444  -0.10736562 -0.07405414  0.03305508
 -0.11779588 -0.107031   -0.34082264  0.00092218  0.4177568   0.08463483
 -0.17316008  0.00454807 -0.04503923 -0.00693185  0.14375642  0.11800859
 -0.07214563  0.0208199  -0.06485061  0.0035894   0.19580291 -0.04363634
 -0.06541909  0.16981457 -0.01427156  0.02856054  0.01766057 -0.01551185
 -0.08764122  0.01807845 -0.14077649 -0.06490439  0.01324751 -0.07652631
  0.02067927  0.1165288  -0.22284961  0.10869519  0.02989648  0.01913433
  0.01390469  0.01588235 -0.04511309 -0.00834628  0.10625728 -0.23039117
  0.18144678  0.19116764 -0.01000247  0.11845765  0.09540243  0.03257193
 -0.01784163 -0.00709866 -0.11621524 -0.0494172   0.09718796 -0.04571455
  0.11796601  0.01651977]