[-0.1415094   0.14695105  0.07731133  0.01239712 -0.06656803 -0.10033543
  0.03936171 -0.22759882  0.09907119 -0.07373478  0.21600147 -0.03249121
 -0.23316248 -0.12032137 -0.00413607  0.16864225 -0.12019738 -0.17324661
 -0.10260347 -0.05005447  0.0902241  -0.03175233  0.03500023  0.03406217
 -0.10657243 -0.28691059 -0.10152816 -0.02741176  0.04721485 -0.0229214
 -0.05630382  0.0711981  -0.19806539 -0.12502207  0.03818336  0.07508024
 -0.03867    -0.02509885  0.19284774 -0.02790388 -0.21663435  0.02350065
  0.09041506  0.26317596  0.18863532  0.02282727  0.05397389 -0.09022579
  0.08008521 -0.16422117  0.01639219  0.10905498  0.14123668  0.07767949
  0.01679259 -0.1669209  -0.00131157  0.06660766 -0.1449912   0.04918989
  0.0903314  -0.17555635 -0.0658668  -0.05244515  0.16024971  0.07069372
 -0.08330526 -0.15199117  0.13628809 -0.13893537 -0.09459176  0.04018551
 -0.15059514 -0.13490959 -0.35754567 -0.01401423  0.39271897  0.09392612
 -0.17846456  0.03089394 -0.03998771  0.03806472  0.09765483  0.10948237
 -0.05383772  0.06002445 -0.10355323  0.04489761  0.1982315  -0.05775288
 -0.0966548   0.19585387  0.01882378  0.08474814  0.02729718  0.03677649
 -0.03381125 -0.00224864 -0.16246712 -0.01840625  0.03911154 -0.03805303
  0.03121106  0.09105054 -0.13880479  0.11137383  0.03011995  0.08156699
 -0.05264213 -0.00577652 -0.12561363 -0.01447878  0.0789535  -0.20455928
  0.23248039  0.24338643 -0.01414783  0.0640256   0.11975173 -0.0036288
  0.03764601 -0.00112765 -0.13103759 -0.06530494  0.13162665 -0.02816629
  0.12166762  0.04076179]