[-0.12232094  0.1475447   0.08447366 -0.04397421 -0.03782186 -0.12415122
 -0.05360978 -0.17396653  0.13089024 -0.05792928  0.28044328 -0.02706291
 -0.22421001 -0.12064465 -0.0361992   0.20428751 -0.236697   -0.13110091
 -0.00135862  0.02188706  0.08064846 -0.02445829  0.0842691   0.02832824
 -0.0315018  -0.34531659 -0.16232339 -0.12007722  0.06592997 -0.02279706
 -0.08894455 -0.01003695 -0.18362252 -0.10995679  0.02207707  0.03689227
 -0.02666194 -0.04881084  0.18629058 -0.0071355  -0.16804753  0.05659478
  0.01681413  0.25573117  0.1898791   0.08260878  0.1074881  -0.18364044
  0.06824942 -0.11901323  0.04884763  0.12485351  0.11365882  0.06361517
 -0.01779955 -0.1773219   0.02061964  0.04961192 -0.14190184  0.03538632
  0.12951565 -0.03280303 -0.01922796 -0.03135202  0.2546089   0.05662347
 -0.12358656 -0.14442965  0.14700161 -0.11729944 -0.06574564  0.02574646
 -0.19764738 -0.15038365 -0.31204674 -0.00719411  0.38880238  0.04438477
 -0.17567204  0.03677927 -0.12052625  0.0304137   0.09436071  0.13048884
 -0.05521636  0.04683921 -0.13210566 -0.00691118  0.19243875 -0.11433696
 -0.03321425  0.18385614  0.01441237  0.11658483  0.03760369  0.04873814
 -0.01911363  0.01961456 -0.13534291  0.00874264 -0.01734033 -0.04873427
 -0.03753841  0.08924168 -0.13402218  0.06524833  0.04357734  0.03235417
 -0.05043316  0.01924998 -0.09770303 -0.10406057  0.10052351 -0.21457009
  0.24228843  0.25652134  0.03195718  0.10221104  0.07783919  0.10079169
 -0.04619937 -0.02011234 -0.15583955 -0.01703942  0.08619866  0.03915068
  0.08471657  0.0294104 ]