[-1.24732770e-01  1.47037476e-01  6.63360655e-02 -1.88389421e-02
 -1.22606710e-01 -9.36004445e-02  3.94899286e-02 -1.57238692e-01
  9.76192281e-02 -2.09218469e-02  2.85151333e-01 -4.79681715e-02
 -2.91186929e-01 -6.20076656e-02 -9.58786234e-02  1.73799768e-01
 -1.27760336e-01 -1.27878860e-01 -1.41707465e-01 -8.35835114e-02
  4.97783534e-02  4.16292809e-02  2.60735657e-02  2.70086229e-02
 -4.93803434e-02 -3.37755889e-01 -5.32207303e-02 -1.85509510e-02
  6.97002709e-02 -6.23349845e-02 -3.31630162e-03  1.17021397e-01
 -1.52706459e-01 -1.07008219e-01  7.46991262e-02  5.75472414e-02
 -4.86557893e-02 -1.75915081e-02  1.97742149e-01  4.33923565e-02
 -2.02461764e-01  7.61076668e-03  7.85882026e-02  3.46500188e-01
  2.30946422e-01  6.20872676e-02  5.52546792e-02 -9.04961750e-02
  6.01224490e-02 -2.32552245e-01  2.00454276e-02  1.31878346e-01
  1.38288140e-01  3.85492705e-02  9.31190774e-02 -1.88506201e-01
 -3.80402617e-02  1.24824442e-01 -1.50647908e-01  2.39550993e-02
  7.33752772e-02 -1.07815817e-01 -3.56225930e-02 -1.12092070e-01
  1.99387193e-01  7.03267530e-02 -1.34816930e-01 -8.05198252e-02
  1.58441767e-01 -1.56882212e-01 -8.99227113e-02  5.59630953e-02
 -1.23647809e-01 -1.17087938e-01 -3.30871761e-01 -4.97083506e-03
  4.51961815e-01  1.13451920e-01 -1.85375854e-01 -3.09272613e-02
 -3.19188903e-03  3.77896354e-02  1.09814800e-01  8.65100771e-02
 -1.17559932e-01 -1.80984370e-03 -1.07138984e-01 -1.97548475e-02
  1.53249830e-01 -1.03027485e-02 -1.06185786e-01  1.95634708e-01
 -1.12846307e-02  3.77152301e-02  5.25985137e-02  5.53058162e-02
 -8.47327411e-02 -2.75358148e-02 -1.34046540e-01 -5.05595207e-02
 -1.81879848e-04 -9.73163471e-02  2.37174090e-02  9.99149829e-02
 -1.31459028e-01  1.05095170e-01 -2.28862464e-02  7.82910734e-02
 -4.45341840e-02 -6.65474683e-03 -3.80885266e-02  9.47175920e-03
  1.13916814e-01 -2.37268120e-01  2.14296088e-01  2.18799278e-01
 -5.55008054e-02  9.25478861e-02  8.55950192e-02  5.81416907e-03
 -7.53689278e-03 -1.19969165e-02 -9.70031992e-02 -1.10231534e-01
  5.34371622e-02 -6.47281334e-02  1.15881838e-01 -5.69876283e-04]