[-0.04515072  0.17800272  0.06269651 -0.02388022  0.02595174 -0.04286306
 -0.03627675 -0.15384114  0.10942043 -0.06620687  0.25298753 -0.05764106
 -0.23154174 -0.09326928  0.00358946  0.15618807 -0.20299609 -0.13592677
 -0.0588742  -0.00765973  0.05739285 -0.03174976  0.01701437 -0.00179368
 -0.10241546 -0.2681548  -0.13273092 -0.07284161  0.05051462 -0.0824992
 -0.08774729 -0.0262013  -0.18838185 -0.11057957  0.04375465  0.02715044
 -0.01209198 -0.06906714  0.16685395 -0.02540444 -0.16560492  0.10854129
  0.02956142  0.23885994  0.20583053  0.04720524  0.01770835 -0.15504582
  0.06256918 -0.15446873  0.06102286  0.10890626  0.1149418   0.09389313
 -0.01193478 -0.1792544   0.00117222  0.06468125 -0.14248012  0.01259123
  0.11190243 -0.0870427   0.00810351 -0.04116083  0.14169821  0.08275291
 -0.08270463 -0.19534086  0.14907022 -0.11884125 -0.07107387  0.01564057
 -0.12359246 -0.13571708 -0.3257629   0.01739222  0.3616212   0.09397353
 -0.2052217   0.03322683 -0.07809768  0.01909038  0.09817465  0.07612204
 -0.0471383  -0.00804153 -0.08301952  0.01260993  0.22364359 -0.05398541
 -0.09203786  0.11235835 -0.03122742  0.06868696  0.06833162  0.03237612
 -0.03897628  0.0266345  -0.16623504  0.03411372 -0.04959712 -0.07172219
 -0.0489891   0.16003817 -0.15071972  0.1267906   0.0501969  -0.0255552
 -0.0464832   0.05117235 -0.09017095 -0.01322706  0.12325766 -0.26302326
  0.25272775  0.24032703  0.05208407  0.08582451  0.08348309  0.07597207
 -0.00042327  0.02001959 -0.20810544 -0.08981679  0.05930908  0.02842396
  0.10194276  0.03755009]