[-1.18888557e-01  1.68103725e-01  1.24008022e-01 -5.78064704e-03
 -2.99419146e-02 -1.23492293e-01 -2.80968435e-02 -1.90950483e-01
  1.17134787e-01 -3.90512608e-02  2.94426084e-01 -3.73106636e-02
 -2.18733296e-01 -9.03003439e-02 -3.43364440e-02  1.92916900e-01
 -1.91346854e-01 -1.02081731e-01 -1.24048172e-02 -7.71772524e-04
  8.45081955e-02 -2.05984563e-02  8.65497813e-02  1.37020079e-02
 -9.08625647e-02 -3.00197989e-01 -1.42862618e-01 -9.13908780e-02
  5.08468151e-02  4.24521565e-02 -6.71541616e-02  8.53087939e-03
 -1.85435861e-01 -1.10943370e-01  4.93367612e-02  5.02276085e-02
 -9.17928852e-03 -3.18728499e-02  1.96165487e-01  1.11519145e-02
 -1.65753573e-01  2.85250135e-02 -3.54081183e-03  2.68101007e-01
  1.67551026e-01  6.68101311e-02  8.38540718e-02 -1.56176761e-01
  3.78355198e-02 -1.74340442e-01  3.53381298e-02  1.17084377e-01
  8.67991596e-02  4.75866720e-02 -1.90465655e-02 -1.78073898e-01
  4.20065336e-02  6.95934892e-02 -1.53745770e-01 -6.35640696e-03
  1.24925219e-01 -5.98108061e-02  5.07451070e-04 -1.91641059e-02
  2.50044674e-01  7.29604363e-02 -1.32762730e-01 -7.48111904e-02
  1.31149322e-01 -7.46074542e-02 -2.78537404e-02  3.85095854e-03
 -1.74064040e-01 -1.47749707e-01 -3.52862656e-01  1.65150370e-02
  4.58242029e-01  5.15161343e-02 -1.92090496e-01  2.95999285e-04
 -1.34681299e-01  6.23427406e-02  1.23288445e-01  8.41621757e-02
 -7.72339851e-02  2.54994072e-02 -1.29788935e-01 -3.46774235e-04
  1.77215919e-01 -1.14910774e-01 -3.32723223e-02  2.00164422e-01
  9.55171138e-03  1.06410459e-01  2.98306383e-02  5.32468222e-02
 -2.76377741e-02  1.19703962e-02 -1.33614630e-01  3.30096744e-02
 -1.30086085e-02 -4.74734642e-02  2.91934842e-03  1.27343163e-01
 -1.97052002e-01  4.69180122e-02  5.64591698e-02 -9.90596227e-03
 -2.80104019e-02  1.22536337e-02 -1.09052591e-01 -9.90941301e-02
  1.02252223e-01 -2.19577149e-01  1.97927579e-01  2.57982790e-01
 -9.84239019e-03  1.20468616e-01  9.98544842e-02  6.60554469e-02
 -4.18956578e-02 -1.16076237e-02 -1.27313748e-01 -2.44670585e-02
  8.83501470e-02  1.59528870e-02  7.02951625e-02  2.61615403e-02]