[-0.1054239   0.12986121  0.08385664 -0.04555055 -0.07598557 -0.1057241
  0.02719875 -0.18842331  0.10030605 -0.01966483  0.27671239 -0.09093195
 -0.21110244 -0.13209949  0.00499602  0.15660208 -0.08379759 -0.11032275
 -0.11083554 -0.02803302  0.12573741 -0.02944577  0.04167415  0.04992432
 -0.11476588 -0.2948122  -0.12064403 -0.06986686  0.05881887 -0.08356272
 -0.07202396  0.08915634 -0.16194837 -0.16333352  0.03503155  0.04342365
 -0.01109573 -0.01198815  0.146448    0.0046702  -0.22509842  0.03992546
  0.05265919  0.25991234  0.2274289   0.04327305  0.08450355 -0.1221888
  0.05194873 -0.14660457  0.07047822  0.07303677  0.16532287  0.05748484
  0.03864723 -0.13552976 -0.00516528  0.05674183 -0.17289613  0.04110901
  0.11006905 -0.12380414 -0.08520439 -0.04771453  0.15675445  0.06993672
 -0.08805137 -0.13821235  0.12108624 -0.10413139 -0.08242881  0.0816505
 -0.18242769 -0.12949415 -0.34534964  0.01792725  0.42501473  0.08117008
 -0.25815424  0.01632433 -0.07502155  0.05158814  0.10653462  0.09910388
 -0.03278644  0.06685869 -0.09248083  0.03784942  0.13831815 -0.11273231
 -0.07260146  0.22123967  0.02604869  0.07495665  0.04943329  0.05872597
 -0.03623622 -0.00342102 -0.12794115 -0.07476401  0.07974034 -0.01010275
  0.02079928  0.08504552 -0.16351281  0.14739557  0.03281089  0.06052593
 -0.03236832 -0.03850355 -0.04465256 -0.04438202  0.09890018 -0.20914058
  0.14723144  0.22628836 -0.01145188  0.05400894  0.08252232  0.02069535
  0.03994808 -0.00403835 -0.10588989 -0.0082455   0.13711232 -0.00991378
  0.08834767  0.01148908]