[-7.71263391e-02  1.51032761e-01  5.72431795e-02 -2.60000024e-02
 -1.12988509e-01 -4.49796347e-03  3.50819491e-02 -1.94354415e-01
  1.13818109e-01 -7.80168548e-02  2.60000437e-01 -1.21836700e-01
 -2.42722422e-01 -5.12259118e-02 -3.45246680e-02  2.14744404e-01
 -1.33058235e-01 -1.63373560e-01 -9.58593860e-02 -4.51536216e-02
  6.09481744e-02  8.49169027e-03 -3.87574285e-02  6.07784651e-02
 -6.76849559e-02 -3.34584802e-01 -1.23971440e-01 -2.44994964e-02
  5.74498884e-02 -5.41530661e-02 -4.21840101e-02  7.34721646e-02
 -1.41417041e-01 -6.99993446e-02  5.13003133e-02  3.52629088e-02
 -4.68583107e-02 -5.61265312e-02  1.62557870e-01  1.98232178e-02
 -2.03914240e-01  4.84847501e-02  9.63095576e-02  3.05314600e-01
  1.97616801e-01  7.37231746e-02  5.18677123e-02 -1.34676844e-01
  4.36362401e-02 -1.64547354e-01  3.39695141e-02  1.02516703e-01
  1.25834465e-01  6.35312647e-02  2.07569599e-02 -1.72437951e-01
 -3.93005461e-02  8.60691294e-02 -1.80173367e-01  2.21861303e-02
  8.13756362e-02 -9.58563462e-02 -6.30516782e-02 -1.00325696e-01
  2.15891749e-01  1.10496931e-01 -1.05802454e-01 -1.71843812e-01
  1.59038574e-01 -1.63514838e-01 -1.25822008e-01  1.81320999e-02
 -1.46255657e-01 -1.22029148e-01 -3.51634353e-01 -7.69329909e-03
  4.75238860e-01  9.31188539e-02 -2.19814777e-01  1.19162267e-02
  2.40592705e-03  2.18540411e-02  1.32903144e-01  1.38812646e-01
 -6.38017058e-02 -9.49613471e-03 -9.35610458e-02  4.86430340e-03
  1.82118133e-01 -6.49909154e-02 -7.66107589e-02  1.88949242e-01
  1.55359844e-03  3.14267501e-02  3.20793539e-02  6.23546652e-02
 -5.98336719e-02  1.03547294e-02 -1.39517382e-01 -8.73465687e-02
  3.61680309e-03  1.79487769e-03  1.72263198e-02  1.33018240e-01
 -1.74470842e-01  1.86893567e-01  1.91872399e-02  4.12754677e-02
 -3.06174308e-02  1.38890592e-03 -6.40300065e-02 -2.71165365e-04
  1.40255854e-01 -2.50570983e-01  1.23677455e-01  1.96317375e-01
 -1.54915033e-02  8.59886035e-02  8.52992162e-02  6.22483306e-02
  7.55041419e-03 -1.32207545e-02 -1.98286846e-01 -5.14889620e-02
  9.53742713e-02 -4.31139618e-02  9.48466212e-02  3.62015106e-02]