[-1.27098307e-01  8.37836191e-02  8.84476081e-02 -2.14948654e-02
 -7.13505372e-02 -5.48562221e-02  5.66127785e-02 -1.80957422e-01
  1.41178131e-01 -9.23430547e-02  2.74621278e-01 -3.13473418e-02
 -2.33591825e-01 -7.98825249e-02 -1.48646999e-02  1.77007794e-01
 -8.41927379e-02 -1.53545856e-01 -1.10887341e-01 -6.84531778e-02
  6.09873720e-02 -5.05497716e-02 -9.74004623e-03  4.24714945e-02
 -1.05647229e-01 -2.96513379e-01 -9.65147018e-02 -2.90451888e-02
  6.84161782e-02 -5.95160089e-02 -5.54783642e-02  1.15287445e-01
 -1.89301416e-01 -1.11745499e-01  2.96962559e-02  8.64370689e-02
 -1.54374111e-02  6.75843656e-03  1.56440124e-01  1.92511212e-02
 -2.33663425e-01  4.53155003e-02  7.46712163e-02  2.62680024e-01
  2.10623816e-01  6.37886152e-02  3.85791473e-02 -1.22267269e-01
  6.89230487e-02 -2.15959072e-01  3.76062281e-02  9.05978009e-02
  1.63441584e-01  5.67384772e-02  4.76320535e-02 -1.88307971e-01
 -1.17848329e-02  3.87694426e-02 -1.56561524e-01  2.83725020e-02
  4.46769334e-02 -1.12454191e-01 -4.85807844e-02 -6.36028498e-02
  1.64239585e-01  8.55967179e-02 -9.70028192e-02 -1.06841914e-01
  1.61478966e-01 -1.43186554e-01 -7.78655037e-02  5.93655780e-02
 -1.33676589e-01 -1.35978580e-01 -3.61338228e-01  2.78768246e-03
  4.66432720e-01  9.56720859e-02 -2.01349244e-01  4.89827916e-02
 -6.28673434e-02  4.45113098e-03  8.12124610e-02  9.29955468e-02
 -6.94065318e-02  2.65283640e-02 -6.34546429e-02  8.79540574e-03
  1.89218745e-01 -4.06451598e-02 -5.20345457e-02  1.85613647e-01
  3.52860981e-04  7.43426979e-02  2.68767662e-02  7.35208541e-02
 -5.69566749e-02 -1.80897433e-02 -1.53732345e-01 -9.07231122e-02
 -4.29528160e-03 -4.04255129e-02  3.01673114e-02  9.03250575e-02
 -2.36439154e-01  1.62043080e-01  2.69968361e-02  3.87111865e-02
 -1.16285142e-02  3.22816409e-02 -5.76022267e-02 -3.47109890e-04
  9.81990471e-02 -2.56912202e-01  1.88309744e-01  2.56793976e-01
 -2.38853954e-02  7.80482888e-02  1.05882742e-01  9.07861907e-03
  2.44647861e-02 -4.97111399e-03 -1.27672642e-01 -6.36687651e-02
  8.77984762e-02 -7.32371882e-02  7.59583265e-02  3.79067250e-02]