[-1.43637255e-01  1.31713107e-01  1.20411634e-01 -3.45191918e-02
 -5.47378920e-02 -1.09162688e-01 -6.86470345e-02 -1.46173492e-01
  1.09956704e-01 -4.51121740e-02  2.50331014e-01 -4.15814035e-02
 -2.10196689e-01 -1.03292838e-01 -4.24193852e-02  1.78701580e-01
 -1.89192072e-01 -9.16762725e-02  1.99634451e-02  1.78106956e-03
  1.02764897e-01 -7.50124315e-03  5.98424934e-02  2.17689737e-03
 -8.73908550e-02 -3.69526327e-01 -1.24171935e-01 -9.95698050e-02
  1.17544399e-03  2.95298919e-03 -6.16047159e-02  3.91585194e-02
 -1.70939833e-01 -8.32687765e-02  4.97260410e-03  7.67600536e-02
 -2.06905212e-02 -2.24049464e-02  1.48076683e-01  2.71972306e-02
 -1.88250229e-01  3.76861207e-02 -1.40915755e-02  2.58142471e-01
  1.84705064e-01  8.59294087e-02  8.21418017e-02 -1.34509698e-01
  7.16570541e-02 -1.61929920e-01  1.92033146e-02  1.23975746e-01
  7.21452832e-02  3.01409662e-02 -2.06051059e-02 -1.47476554e-01
  4.19493243e-02  3.55562568e-02 -1.86819926e-01 -1.30271388e-03
  1.12680331e-01 -8.85798857e-02 -9.98738315e-03 -2.12297328e-02
  2.18491480e-01  7.98706785e-02 -1.05968647e-01 -7.32665733e-02
  1.61853269e-01 -8.91844332e-02 -3.12081166e-02  7.09761912e-03
 -1.76658526e-01 -1.80094004e-01 -3.19328517e-01  3.49165574e-02
  4.21505362e-01  5.86416610e-02 -1.63780019e-01 -2.79729458e-04
 -1.04465187e-01  5.42222373e-02  1.28102645e-01  8.64978060e-02
 -6.21283352e-02  1.64074097e-02 -1.21259749e-01  5.37372287e-03
  1.85515165e-01 -1.02039456e-01 -3.79274748e-02  1.81949541e-01
  2.15571802e-02  1.05156302e-01  4.43134345e-02  5.88422529e-02
 -2.73267962e-02  3.82351168e-02 -1.41430393e-01  2.93163005e-02
  8.59809574e-03 -8.91512707e-02 -1.08962776e-02  9.74701047e-02
 -1.69005260e-01  7.56587759e-02  5.41511662e-02 -1.14979213e-02
 -3.62294689e-02  4.21258528e-03 -1.13686301e-01 -8.66152346e-02
  1.08556442e-01 -1.92642495e-01  2.11877853e-01  2.62050211e-01
  3.53994779e-02  1.53196797e-01  9.41768736e-02  6.71008676e-02
 -5.02534471e-02 -4.39970009e-02 -1.34437546e-01 -3.57299708e-02
  9.17166993e-02  4.62456532e-02  6.57393038e-02  2.99432222e-02]