[-0.10670517  0.13579953  0.10646193 -0.00229753 -0.05496982 -0.01386336
 -0.01958323 -0.13399385  0.09384369 -0.03684602  0.26265323  0.01004717
 -0.17790733 -0.1766914   0.02844633  0.18235673 -0.19171773 -0.14831056
 -0.10961965 -0.03414063  0.0640821   0.05969071  0.03409366 -0.01932724
 -0.14777508 -0.33763921 -0.07731494 -0.09703642  0.14372614 -0.11748765
 -0.10677961 -0.01662345 -0.15088049 -0.12020399  0.07561892  0.0835046
 -0.04585176 -0.0703138   0.20597015 -0.00296686 -0.22282235  0.07435818
  0.08165466  0.27161115  0.22415452  0.00533304  0.04070353 -0.06353289
  0.11846732 -0.16945343  0.07528791  0.09903998  0.1378919   0.09547109
  0.0658012  -0.12770572 -0.02256862  0.09621097 -0.19728139  0.06118456
  0.09655654 -0.14865786 -0.03339614 -0.01865114  0.11922175  0.04412716
 -0.09646331 -0.20377612  0.1054997  -0.12741767 -0.08120994  0.04039873
 -0.09696966 -0.09565417 -0.32109725 -0.00784325  0.38920051  0.06450128
 -0.23801903  0.04603694 -0.0300453  -0.07208144  0.07607005  0.12833117
 -0.01743353  0.06492154 -0.10006036  0.01786545  0.17997953 -0.02303435
 -0.00466532  0.21667965  0.01084953  0.06240359  0.08620301  0.074673
 -0.101377   -0.00412578 -0.09291686 -0.04125039  0.03854042 -0.08500347
  0.03162719  0.09300732 -0.14131704  0.21378568  0.02353421  0.08002682
  0.00744547 -0.02827376 -0.05853329 -0.01556287  0.12662116 -0.23429652
  0.21208878  0.21802567  0.01045292  0.07989616  0.10500532  0.01825877
  0.00613344  0.02523354 -0.18385492 -0.07611927  0.02510775 -0.07420325
  0.09747579  0.05909822]