[-0.10843468  0.14966716  0.07857653 -0.02686315 -0.03252406 -0.10345829
 -0.06475293 -0.17224209  0.12818287 -0.0698822   0.27004477 -0.03819424
 -0.21721223 -0.11288861 -0.03318029  0.20244172 -0.24962263 -0.12622307
 -0.00168447  0.0407682   0.0817393  -0.03689344  0.07404485  0.01958393
 -0.03993914 -0.34980813 -0.15941392 -0.11797887  0.06753315 -0.01759103
 -0.09486864 -0.00325911 -0.16114347 -0.1002419   0.02458555  0.03158627
 -0.01867883 -0.04944726  0.18239278 -0.02235026 -0.18082415  0.05602746
  0.01510097  0.25072306  0.20700264  0.08538225  0.10243167 -0.18367092
  0.06588878 -0.13455677  0.03718481  0.12533347  0.10460764  0.0787597
 -0.02636452 -0.17575291  0.01655003  0.04753498 -0.13368274  0.0362723
  0.12523274 -0.0424489  -0.00206553 -0.02373514  0.24927564  0.06049736
 -0.12649433 -0.14699964  0.14363979 -0.12544303 -0.06846972  0.01687378
 -0.19599456 -0.16640599 -0.31424326 -0.0179185   0.38884231  0.05757121
 -0.17268947  0.03637498 -0.10973914  0.02722784  0.10942592  0.14605311
 -0.04041467  0.02401093 -0.11174132 -0.00498144  0.21006837 -0.12291115
 -0.0367141   0.17997801  0.00549139  0.11058481  0.02732128  0.05240557
  0.0016492   0.03604539 -0.13412629  0.02426196 -0.01409183 -0.04347898
 -0.0282439   0.09403097 -0.13607819  0.06950146  0.04463768  0.03984443
 -0.02784453  0.01359011 -0.1005545  -0.08875673  0.11809474 -0.22174442
  0.24866167  0.26795897  0.04401213  0.1034684   0.07937338  0.09988227
 -0.025502   -0.02170053 -0.16667871 -0.0152652   0.08226827  0.03872785
  0.0717616   0.02596181]