[-9.73968133e-02  1.75854132e-01  5.18766157e-02  8.28992482e-03
 -1.02274613e-02 -2.42647715e-02 -5.23191094e-02 -1.09002702e-01
  7.42852911e-02 -1.50998412e-02  2.72494644e-01 -3.25961225e-02
 -1.88442364e-01 -1.19799517e-01 -1.14414124e-02  1.61992535e-01
 -2.08353311e-01 -1.05079018e-01 -1.03718974e-01 -4.51851264e-02
  1.74222048e-02 -2.87341187e-03  6.18181042e-02 -2.22913828e-02
 -1.05322056e-01 -2.85272390e-01 -6.08182810e-02 -9.28811729e-02
  1.59676194e-01 -1.09331705e-01 -8.32034126e-02 -3.26577127e-02
 -1.80805489e-01 -1.03812613e-01  7.05398843e-02  3.56693752e-02
 -5.33872247e-02 -4.45513353e-02  2.58096457e-01 -4.40920293e-02
 -1.93279922e-01  9.19210836e-02  8.19501430e-02  2.47831702e-01
  2.14205891e-01  2.62784604e-02  1.44720227e-02 -1.07791021e-01
  1.15139417e-01 -1.35885119e-01  4.93256003e-02  1.67049438e-01
  1.54634476e-01  8.66529867e-02  4.51386236e-02 -1.20912433e-01
 -7.12893554e-04  8.75074789e-02 -1.26993582e-01  5.39216176e-02
  1.05326392e-01 -6.48485273e-02  2.75280862e-03 -4.68538664e-02
  1.19893588e-01  1.31938746e-02 -8.32426473e-02 -2.18924910e-01
  1.32892638e-01 -1.03903867e-01 -5.28690629e-02  9.59132537e-02
 -7.86363408e-02 -1.52447864e-01 -2.67718226e-01  1.71374530e-04
  3.27001333e-01  9.97728482e-02 -1.81812853e-01  7.52880424e-02
 -4.73147519e-02 -1.10892370e-01  4.72721420e-02  9.61670130e-02
 -6.88339844e-02  2.21761875e-02 -7.03749061e-02  1.81553140e-03
  2.13476613e-01 -3.25978883e-02 -2.60330383e-02  1.55319676e-01
 -1.79972593e-02  5.62133566e-02  3.93199027e-02  4.57413234e-02
 -1.09736562e-01  2.56902259e-02 -1.09383643e-01 -2.35646013e-02
  2.90799774e-02 -1.18096925e-01  1.13017755e-02  9.96192917e-02
 -1.55415401e-01  1.63362995e-01  5.69056673e-03  6.53009042e-02
 -2.16721790e-03  4.92583923e-02 -5.23415506e-02  6.63224608e-03
  1.40827283e-01 -2.42719322e-01  2.83227324e-01  2.08755374e-01
  3.37116234e-02  3.92126106e-02  1.45301908e-01  4.76963036e-02
  2.79245228e-02  4.89898212e-02 -1.80300549e-01 -1.18142426e-01
  6.86786789e-03 -6.40358850e-02  1.02345191e-01  4.86046486e-02]