[-0.10838585  0.16813786  0.13349384 -0.01677107 -0.02270746 -0.12913768
 -0.01907614 -0.19149803  0.13136113 -0.04838683  0.29291958 -0.03574933
 -0.218182   -0.08622514 -0.02551802  0.19361651 -0.20273073 -0.10009517
  0.0009372  -0.00918475  0.07177646 -0.01608945  0.08707124  0.02671257
 -0.08284135 -0.3072609  -0.1481721  -0.10254639  0.0528579   0.03048174
 -0.06396934  0.02184653 -0.18046105 -0.09986185  0.04199686  0.04748493
 -0.00910056 -0.03228959  0.19495648  0.02463779 -0.15088671  0.02722796
 -0.01953976  0.26978716  0.16674672  0.06317923  0.09367748 -0.14449209
  0.02515632 -0.1665753   0.03212672  0.11739788  0.08492946  0.03838499
 -0.01811954 -0.20018902  0.02778964  0.05083702 -0.15296011  0.00902906
  0.12263074 -0.06593578  0.00562269 -0.00218343  0.25729099  0.06752312
 -0.13189968 -0.06692221  0.14204623 -0.07654234 -0.02198328 -0.01010442
 -0.18545625 -0.1466728  -0.33802354  0.02376219  0.44259062  0.05244095
 -0.18883875  0.00625514 -0.14718352  0.06565332  0.10681536  0.08735332
 -0.08297227  0.02823296 -0.12941252  0.00481192  0.16280213 -0.10970062
 -0.03853802  0.20017849 -0.00937755  0.10332935  0.02603687  0.02867662
 -0.03061133  0.0091304  -0.13369726  0.02489849 -0.02203104 -0.05946852
 -0.0050409   0.13270505 -0.20828651  0.04358413  0.05174055 -0.0270811
 -0.04283857  0.02957456 -0.12404609 -0.09692832  0.1159985  -0.21788542
  0.20826085  0.27186137 -0.0024753   0.13136885  0.09553521  0.06770284
 -0.0375962  -0.01480639 -0.11497388 -0.01991608  0.08613454  0.022126
  0.07205259  0.02807685]