[-9.77252945e-02  1.68850347e-01  1.26472309e-01 -3.58347930e-02
 -1.17096998e-01 -4.66320962e-02  6.60567218e-03 -1.32775098e-01
  1.47461772e-01 -9.89179164e-02  2.34387323e-01 -2.41920333e-02
 -2.14981154e-01 -2.95445677e-02 -9.62651744e-02  1.53538808e-01
 -1.07173860e-01 -1.54040575e-01 -9.01327208e-02 -3.95891704e-02
  9.93513390e-02 -5.33274002e-03 -2.88565047e-02  1.96103286e-02
 -8.96522924e-02 -2.96896487e-01 -5.66752031e-02 -1.41653570e-03
  9.70403254e-02 -5.94778843e-02 -5.56134842e-02  5.34511469e-02
 -1.92820698e-01 -1.13951080e-01  2.99433414e-02  9.37122852e-02
 -5.36618344e-02 -1.97524880e-03  1.63118139e-01  3.37913409e-02
 -2.59129226e-01  4.71034572e-02  2.61576120e-02  3.30661148e-01
  2.21928701e-01  6.37050122e-02  2.65609510e-02 -1.05683148e-01
  9.99955460e-02 -2.29372725e-01  3.08335721e-02  1.49070129e-01
  1.56888410e-01  8.88630971e-02  3.25000063e-02 -1.58678517e-01
  9.05950030e-04  7.89895728e-02 -1.51207805e-01  2.31446866e-02
  8.56630430e-02 -1.33617237e-01  1.97828691e-02 -8.80368724e-02
  2.11551532e-01  6.42982274e-02 -9.67852473e-02 -1.07375540e-01
  1.63389474e-01 -1.48498043e-01 -5.42606302e-02  6.39073029e-02
 -1.10146821e-01 -9.75861251e-02 -2.78263777e-01  6.37010485e-03
  4.74649996e-01  1.48926675e-01 -1.73060730e-01  1.39055997e-02
 -8.55572969e-02  2.43199766e-02  8.24752972e-02  1.08107589e-01
 -7.43850619e-02  7.70023391e-02 -5.84971569e-02  2.11218167e-02
  1.97632626e-01 -6.12540022e-02 -5.75219803e-02  1.99174121e-01
  2.11138781e-02  5.67591190e-02  3.84683982e-02  1.17985634e-02
 -1.02664270e-01  1.04750696e-04 -1.43487632e-01 -8.00866857e-02
 -1.74236130e-02 -6.13235347e-02  5.90309463e-02  1.14356831e-01
 -1.87467024e-01  1.75140038e-01 -2.42131879e-03  7.56285042e-02
 -5.21432841e-03  3.28484289e-02 -3.66303138e-02 -4.15336415e-02
  1.23169422e-01 -2.07939699e-01  2.18479633e-01  2.08701879e-01
 -5.96066331e-03  8.37717652e-02  1.14535473e-01  2.17215475e-02
  2.15356480e-02 -2.05250494e-02 -8.41688290e-02 -6.85354993e-02
  7.00012669e-02 -7.64179155e-02  1.35705560e-01  9.94501077e-03]