[-1.22735582e-01  1.67502493e-01  1.28386304e-01 -9.25632473e-03
 -2.33578291e-02 -1.32664189e-01 -2.95442976e-02 -1.83709502e-01
  1.15917467e-01 -3.46295759e-02  3.10624689e-01 -2.37618070e-02
 -2.01056942e-01 -1.16182938e-01 -1.74625386e-02  1.85231999e-01
 -1.85095325e-01 -8.85268077e-02 -8.03849753e-03 -6.46806462e-03
  8.80204216e-02 -2.37618033e-02  1.02598310e-01 -2.43813987e-03
 -8.89319703e-02 -3.13162804e-01 -1.49014786e-01 -1.09145522e-01
  5.69622703e-02  3.41242552e-02 -4.42239903e-02 -4.16995579e-04
 -1.84055805e-01 -1.09766364e-01  4.18880694e-02  3.09715010e-02
 -1.30294040e-02 -1.91917028e-02  2.00166464e-01  2.67649535e-02
 -1.56117156e-01  1.84097476e-02 -1.59263574e-02  2.69352525e-01
  1.70448452e-01  7.18909726e-02  8.33232328e-02 -1.47232771e-01
  4.70214561e-02 -1.69866562e-01  4.49040942e-02  1.13833584e-01
  9.18382630e-02  4.47900817e-02  1.03558041e-03 -1.57228872e-01
  5.62286377e-02  6.55750707e-02 -1.74331725e-01 -3.77526064e-03
  1.21646456e-01 -4.98159155e-02 -1.80309340e-02 -5.40923467e-03
  2.47337967e-01  7.51467273e-02 -1.28796116e-01 -6.24028407e-02
  1.36713147e-01 -5.83578423e-02 -1.76783893e-02  1.23546645e-02
 -1.78744912e-01 -1.55595973e-01 -3.40638697e-01  2.06338894e-02
  4.30130810e-01  5.70130721e-02 -1.99808702e-01 -1.66722983e-02
 -1.42903417e-01  6.74344525e-02  1.19946741e-01  6.81982934e-02
 -7.61052892e-02  1.94632933e-02 -1.27993986e-01 -8.61805491e-03
  1.51034608e-01 -1.19322851e-01 -2.76705306e-02  2.19430879e-01
  7.51746586e-03  1.03528552e-01  2.22189780e-02  4.86188233e-02
 -3.24973688e-02  5.50114596e-03 -1.34286091e-01  9.72174574e-03
  3.49627598e-03 -4.54967991e-02  1.07991032e-03  1.19103909e-01
 -2.10495546e-01  5.51634841e-02  5.86144924e-02 -8.23119748e-03
 -3.03745158e-02 -1.88784231e-03 -9.80175659e-02 -9.58474427e-02
  9.36632976e-02 -2.07060143e-01  2.06066877e-01  2.61266142e-01
 -1.57283023e-02  1.19466640e-01  9.45525020e-02  5.07019460e-02
 -5.34218550e-02 -3.22708599e-02 -1.20009951e-01 -2.05346700e-02
  7.48999193e-02  2.21852101e-02  4.93246578e-02  1.60581768e-02]