[-1.11803494e-01  1.75477251e-01  1.22884646e-01 -6.90891594e-03
 -1.57438572e-02 -1.14393711e-01 -2.48752739e-02 -1.83079928e-01
  1.24581777e-01 -4.37584296e-02  2.83405334e-01 -4.23187539e-02
 -2.15448499e-01 -8.66227895e-02 -3.56445387e-02  1.80883154e-01
 -1.85522735e-01 -9.60256904e-02 -9.97035671e-03 -9.13105253e-03
  1.00890391e-01 -1.68973245e-02  7.86942542e-02  1.94048916e-03
 -8.01857337e-02 -3.00875992e-01 -1.41885132e-01 -9.86219496e-02
  5.13064042e-02  3.44055183e-02 -4.99007963e-02  1.18932724e-02
 -1.74996987e-01 -1.08712614e-01  3.87979336e-02  4.33409996e-02
 -1.08227571e-02 -2.41682287e-02  1.86407253e-01  1.32668763e-02
 -1.49233684e-01  2.29445845e-02 -1.37951076e-02  2.73521632e-01
  1.62861511e-01  7.30854496e-02  8.26636925e-02 -1.49616256e-01
  3.54684032e-02 -1.70754626e-01  2.40661334e-02  1.19113229e-01
  7.34591037e-02  5.12494631e-02 -9.75160580e-03 -1.75567970e-01
  4.00583558e-02  5.80925830e-02 -1.48837298e-01  3.47217242e-03
  1.27229974e-01 -6.21174350e-02 -1.15259737e-02 -2.13709399e-02
  2.52470046e-01  6.29713461e-02 -1.35565907e-01 -7.18405396e-02
  1.34770185e-01 -6.93218037e-02 -2.75078602e-02 -3.72267881e-04
 -1.76614732e-01 -1.39265493e-01 -3.32260340e-01  2.01210957e-02
  4.44255918e-01  3.99836078e-02 -1.87203094e-01 -1.21736305e-03
 -1.34887487e-01  6.72040880e-02  1.19830802e-01  8.36975053e-02
 -7.38327429e-02  2.53638271e-02 -1.22652821e-01 -6.87341904e-03
  1.67468026e-01 -1.13399722e-01 -3.68730836e-02  1.94946796e-01
 -4.22919309e-03  9.90535468e-02  2.58925892e-02  4.61373404e-02
 -3.39043774e-02  8.90173763e-03 -1.40303046e-01  2.32659634e-02
 -7.81761482e-03 -5.82072847e-02 -1.38131035e-02  1.26776263e-01
 -1.93089038e-01  5.63975573e-02  5.03015816e-02 -5.52468328e-03
 -3.21674645e-02  8.12755548e-04 -1.15562133e-01 -8.14941600e-02
  1.16466083e-01 -2.06775665e-01  1.94534913e-01  2.57613271e-01
 -1.05049543e-03  1.17004968e-01  1.01733737e-01  6.49316832e-02
 -4.07665484e-02 -7.73702562e-03 -1.41851828e-01 -2.86955032e-02
  8.12030956e-02  2.07646750e-02  4.83123027e-02  1.46850226e-02]