[-0.08911854  0.14816874  0.09395089 -0.0247213  -0.04681207 -0.08995987
 -0.06402402 -0.17686635  0.12805599 -0.08628847  0.25447634 -0.02951222
 -0.21625371 -0.08911347 -0.03606043  0.20701468 -0.24114051 -0.13241231
 -0.01065593  0.0122658   0.07599519 -0.01932255  0.05020752  0.02006983
 -0.03330376 -0.32802612 -0.14895706 -0.10824727  0.06651916 -0.01277842
 -0.10398115 -0.00474226 -0.17710787 -0.09562346  0.02865799  0.02031722
 -0.00962547 -0.0328385   0.16552247 -0.0085875  -0.16200863  0.06227553
 -0.00049752  0.23563789  0.17999481  0.08736179  0.09409627 -0.18287042
  0.05071169 -0.14288525  0.02486665  0.13868234  0.09951609  0.06651893
 -0.03598895 -0.18991338 -0.00312613  0.0455796  -0.12035749  0.05227376
  0.12824138 -0.03613882 -0.03258169 -0.03697509  0.2629436   0.0651155
 -0.13835047 -0.14880046  0.14989394 -0.11504459 -0.07170825 -0.00948524
 -0.18336855 -0.1525788  -0.28445852 -0.00695836  0.40382048  0.04529137
 -0.20981298  0.03303222 -0.12643485  0.03650685  0.10538825  0.13895997
 -0.04092177  0.03641991 -0.09384585 -0.00442491  0.19258535 -0.11681595
 -0.01443436  0.19823159  0.00321145  0.12090085  0.02595138  0.03968847
 -0.00381353  0.02663384 -0.13702573  0.01918271 -0.01810714 -0.04262553
 -0.0298603   0.10433821 -0.13070798  0.08381765  0.03310205  0.03660357
 -0.0206107   0.03210706 -0.10709343 -0.10547836  0.13034655 -0.21476257
  0.23921247  0.26830065  0.02501627  0.09750598  0.0803778   0.11555135
 -0.01513177 -0.01077661 -0.18423125 -0.02260089  0.08878332  0.00050793
  0.03794865  0.02063855]