[-0.10109543  0.14334108  0.08878402 -0.04030326 -0.03668606 -0.10557723
 -0.06950205 -0.17912821  0.13116963 -0.08213721  0.2694231  -0.01924337
 -0.21249154 -0.10915975 -0.03971536  0.19400162 -0.24212582 -0.13880478
  0.00264365  0.02955768  0.08009017 -0.01966481  0.07571285  0.01119298
 -0.03286037 -0.33920047 -0.16626827 -0.110729    0.06844417 -0.01778439
 -0.08665217 -0.00453933 -0.17202553 -0.08808891  0.02039785  0.03399837
 -0.02145975 -0.04274195  0.17947911 -0.00930856 -0.17386732  0.05856141
  0.01132153  0.24751127  0.20051888  0.08223739  0.09735014 -0.17886735
  0.06518674 -0.13081683  0.03948614  0.13370733  0.10971379  0.0733256
 -0.02014838 -0.17960344  0.01605518  0.04075139 -0.1288147   0.03638636
  0.12637626 -0.03263497 -0.00863898 -0.02474417  0.25099343  0.05617652
 -0.13030256 -0.14723295  0.13917279 -0.1267613  -0.06872001  0.02199883
 -0.19837327 -0.1552873  -0.29708904 -0.01370658  0.39163989  0.04913128
 -0.17011026  0.0444383  -0.11059113  0.02995208  0.09867906  0.13454454
 -0.05215122  0.04604081 -0.11621635 -0.00578738  0.19874759 -0.11754744
 -0.03361508  0.18794669  0.00355753  0.1238118   0.03603109  0.04828979
  0.00323283  0.02841307 -0.13537085  0.02345187 -0.02612966 -0.04928974
 -0.03457366  0.08897053 -0.1231667   0.07325032  0.03950449  0.04201073
 -0.03985754  0.02305964 -0.10462028 -0.10029943  0.11251575 -0.22269705
  0.24088776  0.25947404  0.03198653  0.10364697  0.08423227  0.10876022
 -0.03654698 -0.01942975 -0.1585069  -0.0185458   0.07632869  0.03296864
  0.07012711  0.02704511]