[-1.08519219e-01  1.80372685e-01  1.27435848e-01 -2.06051650e-03
 -2.63701677e-02 -1.16400056e-01 -2.69428287e-02 -1.96219504e-01
  1.19066216e-01 -4.66749072e-02  2.92949587e-01 -3.21665704e-02
 -2.14997336e-01 -9.50299352e-02 -3.46595459e-02  1.90594450e-01
 -2.03209192e-01 -1.08300351e-01 -1.97907537e-03  1.27192249e-03
  9.75620076e-02 -2.48027947e-02  7.98714906e-02  7.23445031e-04
 -9.38383266e-02 -3.00192028e-01 -1.49708554e-01 -9.99290273e-02
  6.42751008e-02  3.98874283e-02 -6.56268075e-02  2.39816305e-04
 -1.75116479e-01 -9.74134505e-02  4.45644557e-02  3.22162025e-02
 -1.04631400e-02 -3.75063568e-02  1.91777214e-01  1.37244416e-02
 -1.66719228e-01  2.62301695e-02 -1.44666908e-02  2.70623356e-01
  1.86871633e-01  6.08068220e-02  8.24653432e-02 -1.65202007e-01
  4.22985516e-02 -1.72258243e-01  2.87502408e-02  1.24199905e-01
  8.56045187e-02  5.65058477e-02 -1.71913188e-02 -1.77046224e-01
  4.74546663e-02  6.43958822e-02 -1.71010658e-01 -4.64250986e-03
  1.29472658e-01 -5.80591932e-02  1.89038145e-03 -1.07434001e-02
  2.38445982e-01  7.07825199e-02 -1.35349050e-01 -7.98409358e-02
  1.31643474e-01 -8.75877067e-02 -2.05718335e-02  4.73053940e-03
 -1.76017031e-01 -1.61811709e-01 -3.37462515e-01  9.41455085e-03
  4.56220388e-01  6.97974339e-02 -1.91803291e-01 -1.07087230e-03
 -1.32349685e-01  6.29764646e-02  1.43247917e-01  8.83712992e-02
 -7.44102448e-02  1.76715851e-02 -1.29061282e-01 -1.13009184e-03
  1.70496479e-01 -1.21282056e-01 -3.21033187e-02  2.11781010e-01
  5.94439742e-04  1.00384474e-01  2.60649603e-02  5.40945232e-02
 -2.64614262e-02  2.60779914e-02 -1.27759323e-01  2.75437962e-02
 -1.99065786e-02 -5.15728071e-02  4.34369082e-03  1.25636086e-01
 -1.90316856e-01  5.39006479e-02  5.68653829e-02  3.01765534e-03
 -3.36688757e-02 -1.13769034e-02 -1.08130492e-01 -8.71724039e-02
  1.08101867e-01 -2.21132323e-01  1.98335707e-01  2.61950552e-01
 -1.40081169e-02  1.20692827e-01  9.85649228e-02  6.30034059e-02
 -4.21036147e-02 -3.32757793e-02 -1.35193199e-01 -1.15042478e-02
  7.98631981e-02  1.15841841e-02  6.33626506e-02  1.21037308e-02]