[-0.05375303  0.18445984  0.08704042 -0.01377361  0.01923279 -0.04334955
 -0.01499944 -0.13206612  0.13808678 -0.01941754  0.1842774  -0.06038314
 -0.24887343 -0.07156282 -0.01443298  0.14960928 -0.21403699 -0.12461185
 -0.05546242 -0.04258284  0.07538855  0.01065009  0.02883065  0.02498853
 -0.15644582 -0.28777298 -0.10992178 -0.12230179  0.03878464 -0.07217047
 -0.0829823   0.02691599 -0.17908375 -0.10226142  0.03087835  0.01383846
 -0.00678211 -0.05891853  0.1402874   0.03926593 -0.15193169  0.07562425
 -0.00538225  0.29570711  0.18926524  0.0339927   0.03250989 -0.09191381
  0.05051992 -0.18136655  0.07422646  0.13815127  0.11758091  0.08781239
  0.02392219 -0.17299058  0.0014612   0.07003011 -0.16764985  0.04933877
  0.13432521 -0.06230535  0.00708487 -0.02446972  0.14314346  0.09298787
 -0.09230696 -0.11245608  0.13641539 -0.09733472 -0.03790433 -0.0265207
 -0.13257797 -0.12948103 -0.29059711  0.02819848  0.34023413  0.09401476
 -0.22015153 -0.00643194 -0.12185863  0.06289208  0.09605604  0.0293534
 -0.09944203  0.01163393 -0.07555767  0.0209257   0.17731057 -0.03584236
 -0.06927558  0.16850863 -0.02057313 -0.00827441  0.07079089  0.00659942
 -0.06142059  0.00620859 -0.14947306  0.0274783  -0.02240462 -0.11769821
 -0.05082552  0.14083219 -0.19841336  0.11247309  0.07162526 -0.03397643
 -0.03512521  0.04654484 -0.15239684 -0.02917573  0.158113   -0.24021247
  0.22500204  0.24049385  0.02834984  0.09462605  0.05618446  0.0584556
 -0.02563708 -0.00209732 -0.14351794 -0.08498456  0.11328351  0.02090469
  0.0464396   0.02460806]