[-0.12696704  0.09144212  0.05625101 -0.02502334 -0.05590775 -0.08480106
  0.05000185 -0.19445343  0.12959012 -0.07988504  0.25072321 -0.03736716
 -0.21745887 -0.12216007 -0.01963249  0.16384634 -0.11251358 -0.15386085
 -0.0795221  -0.05010597  0.09261421 -0.03036361  0.00572596  0.04280935
 -0.10154896 -0.28052133 -0.10771185 -0.03595162  0.0437378  -0.03482541
 -0.07870689  0.12217021 -0.20138232 -0.12664817  0.03277206  0.10768681
  0.00722258  0.01565749  0.12430964  0.00250232 -0.20617104  0.03246057
  0.07090972  0.25854442  0.22106893  0.04666805  0.02237988 -0.10978031
  0.06881659 -0.1916507   0.02530133  0.09202207  0.14727862  0.06162849
  0.03749616 -0.16759039  0.00425233  0.03289518 -0.15044989  0.0042561
  0.0408943  -0.12991171 -0.04720224 -0.07372325  0.16491367  0.06191132
 -0.08359414 -0.12551908  0.12885359 -0.15708123 -0.08919927  0.061882
 -0.14311264 -0.13327657 -0.37064025 -0.00394702  0.42778531  0.11515407
 -0.19754292  0.08849774 -0.05784689  0.01970371  0.10262676  0.08918379
 -0.04386969  0.09101693 -0.10175849  0.00914479  0.17532258 -0.05540013
 -0.07239917  0.19373102 -0.01463393  0.09571397  0.06071215  0.04793907
 -0.02424409 -0.02002011 -0.15314554 -0.07750264  0.01466327 -0.05696217
  0.00957457  0.0841852  -0.18958755  0.13077733  0.01483369  0.06544633
 -0.03966809 -0.00918463 -0.05999777 -0.00413106  0.08767639 -0.25333518
  0.18370892  0.23158036 -0.04228899  0.09599029  0.08708316  0.02449986
 -0.0134053  -0.01036071 -0.11592329 -0.0552379   0.10939576 -0.04611859
  0.10998144  0.0314637 ]