[-0.15643063  0.14228638  0.11548078 -0.0379926  -0.05010026 -0.11029474
 -0.05890302 -0.13959363  0.12070569 -0.04625487  0.2468694  -0.03646052
 -0.21597484 -0.11747774 -0.03039011  0.17487188 -0.17923205 -0.08750815
  0.00132567 -0.00210551  0.09878458  0.00141922  0.08376265  0.00222753
 -0.08162773 -0.37966937 -0.11560162 -0.09618461  0.01100683  0.01364738
 -0.07244279  0.03652134 -0.18345682 -0.10443857  0.00749438  0.08907945
 -0.01379054 -0.01252719  0.15693252  0.02201098 -0.1757248   0.03201711
 -0.01317011  0.26804575  0.18205155  0.08877947  0.09521063 -0.12522838
  0.07101376 -0.17114252  0.03556149  0.1211428   0.07840925  0.02517504
 -0.00581611 -0.14556104  0.03547877  0.03858051 -0.16292633 -0.00111278
  0.11471394 -0.07413732 -0.02122005 -0.02571101  0.22812453  0.06164902
 -0.10606362 -0.06989726  0.15787511 -0.07578823 -0.02274262  0.0085985
 -0.18012166 -0.16428664 -0.31916019  0.04459896  0.42071787  0.05350793
 -0.16259083 -0.00060716 -0.12789442  0.05078561  0.10726269  0.07259712
 -0.05916237  0.01733894 -0.12617855  0.01789626  0.18838648 -0.10940316
 -0.03281904  0.18231753  0.03707359  0.0967411   0.03098777  0.05781656
 -0.03120874  0.03565735 -0.14130227  0.03833284  0.0281802  -0.09485625
 -0.01721767  0.09554161 -0.19626945  0.07465624  0.05068246 -0.01627113
 -0.0223147   0.00181126 -0.11735902 -0.09096932  0.10415404 -0.19354574
  0.2089653   0.27272123  0.02949747  0.15841675  0.0848841   0.0688372
 -0.03333356 -0.02679002 -0.12725095 -0.05639143  0.0923906   0.0529516
  0.05282563  0.041962  ]