[-1.11068688e-01  1.30409166e-01  1.34374157e-01 -4.87904102e-02
 -6.26543909e-02 -2.91911332e-04 -4.85113226e-02 -8.14286396e-02
  9.98310968e-02 -2.80737132e-02  2.27860257e-01  3.35266963e-02
 -2.03383565e-01 -1.34506583e-01  1.15350848e-02  1.59500644e-01
 -1.96200773e-01 -1.31717294e-01 -3.98661457e-02 -1.01846397e-01
  8.47726241e-02  9.10012722e-02 -1.44306067e-02 -2.45469715e-02
 -1.79398045e-01 -2.98273325e-01 -6.22436516e-02 -8.56364593e-02
  1.06221773e-01 -1.03344515e-01 -9.42771137e-02  3.24637741e-02
 -1.54875591e-01 -8.42435136e-02  6.24085926e-02  1.35875866e-01
 -1.48883136e-02 -4.83908132e-02  1.82106361e-01  1.30402585e-02
 -1.57068804e-01  7.99952596e-02  7.15832636e-02  2.86545724e-01
  2.30587244e-01 -1.77018938e-03  3.89029048e-02 -3.32677960e-02
  1.35950789e-01 -2.04119727e-01  5.05548380e-02  1.40042618e-01
  1.03340581e-01  7.79776946e-02  6.94859847e-02 -1.53049439e-01
 -4.64725159e-02  7.99936876e-02 -2.08100706e-01  8.47570747e-02
  6.31678998e-02 -1.52598381e-01 -5.92047870e-02 -7.92223439e-02
  1.27949759e-01  5.35646789e-02 -1.19025432e-01 -1.95733711e-01
  1.51215881e-01 -1.27670348e-01 -1.08995430e-01  3.64741348e-02
 -1.25031814e-01 -7.61398897e-02 -3.31359208e-01  8.36372841e-03
  3.56246561e-01  7.66298026e-02 -2.31877670e-01  8.50552619e-02
 -1.91980861e-02 -5.26108630e-02  6.68785721e-02  1.10508084e-01
 -1.51631106e-02  8.86090845e-02 -7.61720762e-02  4.85259555e-02
  1.82583675e-01  2.31058593e-03 -2.73807403e-02  2.11588070e-01
  9.28432867e-03  1.01774506e-01  8.60375762e-02  8.58452171e-02
 -8.25768784e-02 -4.74689975e-02 -1.36986792e-01 -2.55295821e-02
  3.73486467e-02 -1.24805808e-01  1.94156151e-02  1.28015742e-01
 -1.44103870e-01  2.05273554e-01  1.02676097e-02  6.92486912e-02
 -4.96609099e-02 -1.88903641e-02 -8.96289647e-02  3.63986157e-02
  1.73601061e-01 -2.52704501e-01  2.18093261e-01  2.23700687e-01
 -1.35262776e-02  8.47619250e-02  1.08234838e-01  8.95627588e-03
 -7.81071931e-03 -5.75261656e-03 -1.82032079e-01 -1.07010834e-01
  1.01009791e-03 -8.38309601e-02  9.42229927e-02  8.31317008e-02]