[-0.07607921  0.15158103  0.0870673  -0.00444402 -0.08844572  0.00490586
 -0.0079395  -0.11951595  0.10095165 -0.0124061   0.24466179  0.00773915
 -0.18518691 -0.14405307  0.04470924  0.17797837 -0.20260561 -0.12292377
 -0.13958617 -0.06589686  0.05519242  0.04842592  0.03157284 -0.03204396
 -0.1601579  -0.33184275 -0.06943584 -0.10066841  0.17951863 -0.14070128
 -0.10472228 -0.04890894 -0.15133591 -0.12952344  0.06934357  0.04031788
 -0.06782608 -0.10343629  0.19279137  0.02032753 -0.20637551  0.0916775
  0.06728081  0.25807118  0.21941374 -0.00975579  0.04791045 -0.06557498
  0.11814288 -0.20843005  0.06670889  0.0991829   0.13276306  0.11311586
  0.07406387 -0.11814369 -0.02047469  0.10090959 -0.23200348  0.0729562
  0.1147928  -0.11300017 -0.04965752 -0.0293576   0.12740056  0.08455686
 -0.09972408 -0.18989976  0.09088599 -0.11642381 -0.06745054  0.00968385
 -0.06821427 -0.10329839 -0.30030999  0.0099509   0.37013894  0.08461285
 -0.24161601  0.01733315 -0.07040307 -0.05428772  0.05831648  0.08068766
 -0.04498027  0.05356803 -0.07213262  0.03862865  0.16296963 -0.0476338
  0.01518032  0.24953058  0.01961517  0.04811925  0.07809713  0.09269485
 -0.13008504 -0.01327215 -0.07111234 -0.03449555  0.07368549 -0.11926156
  0.0617726   0.08432757 -0.16933262  0.23022576  0.02128624  0.06072986
  0.02299882 -0.04120929 -0.06163871 -0.00055146  0.14553694 -0.25734317
  0.23953366  0.23577075 -0.00315483  0.07545828  0.09111865 -0.0020582
  0.00272306  0.01875023 -0.15002659 -0.07561075  0.0097584  -0.07979114
  0.04267365  0.05885954]