[-0.05698911  0.16811617  0.09634822 -0.03266991 -0.02866413 -0.10682324
 -0.04630829 -0.17004332  0.07957312 -0.00652052  0.24122778 -0.05289442
 -0.18608041 -0.14346984 -0.01880493  0.15390806 -0.16576646 -0.11498668
 -0.05282475 -0.01987633  0.05304715  0.00241818  0.06427266  0.02721608
 -0.1293245  -0.29148504 -0.09533381 -0.12544766  0.03375318 -0.07342908
 -0.10303302  0.04454285 -0.17173575 -0.11650317  0.02460774  0.03341078
  0.02963398 -0.02435892  0.16648023  0.03753068 -0.1824065   0.07988969
  0.00188688  0.28518257  0.23263721  0.02712458  0.06489047 -0.09490617
  0.10302373 -0.17473765  0.05622964  0.09742919  0.12994149  0.03061062
 -0.018559   -0.13334905 -0.01936242  0.07567532 -0.18524835  0.04479679
  0.09393515 -0.06667435 -0.03550622 -0.03231069  0.16834621  0.09418482
 -0.10479226 -0.10201331  0.1083199  -0.12355067 -0.05681916  0.02045182
 -0.15421264 -0.12226458 -0.33033413  0.00795928  0.34723362  0.06301279
 -0.2525799  -0.03134154 -0.1173545   0.03907606  0.0892951   0.05380725
 -0.05372553  0.03598058 -0.1018177  -0.00070762  0.21543089 -0.08724748
 -0.04616224  0.21245919  0.00248498  0.07143175  0.02889133  0.04660291
 -0.04199646  0.00040412 -0.12944914  0.01378628 -0.00095422 -0.07317065
 -0.02974092  0.12804918 -0.20548837  0.10643356  0.04393755  0.00632794
 -0.0252705  -0.0031304  -0.07216705 -0.08245294  0.14412467 -0.18339215
  0.18854529  0.25984365  0.02481234  0.07369427  0.05941986  0.01518227
 -0.02012701 -0.01246769 -0.11824031 -0.05113236  0.10282073 -0.01202308
  0.05335524  0.01820461]