[-0.10495555  0.13209735  0.10880104 -0.00368666 -0.0536351  -0.02252949
 -0.03817006 -0.14429739  0.08761494 -0.04439419  0.24949069 -0.00798399
 -0.14069183 -0.17861629  0.03441001  0.1839947  -0.19418858 -0.16650961
 -0.0781625  -0.06111671  0.08151159  0.04674114  0.00266493 -0.03269335
 -0.15674625 -0.33369535 -0.08457252 -0.0986368   0.15750116 -0.08777718
 -0.09712848 -0.00346458 -0.15023549 -0.10728668  0.08545857  0.08677105
 -0.04311498 -0.04896902  0.1900572  -0.04474824 -0.2197572   0.0835746
  0.08136781  0.25831786  0.23193796  0.0116796   0.05564926 -0.07508378
  0.12504804 -0.17169222  0.05685834  0.11655865  0.10397033  0.10544248
  0.05144389 -0.1146562  -0.03644585  0.08486864 -0.1933206   0.05180329
  0.09189449 -0.15143694 -0.05382437 -0.03039423  0.1046526   0.04366843
 -0.09297045 -0.22914529  0.11299895 -0.14024027 -0.09187558  0.04099182
 -0.10248548 -0.09750836 -0.34359163 -0.0119834   0.40493581  0.05925056
 -0.21709938  0.08129437 -0.02272477 -0.04360455  0.09292474  0.10713833
 -0.01175378  0.06635755 -0.09341236  0.03078156  0.18857187 -0.05005084
 -0.00545067  0.18520929  0.00408557  0.0848984   0.07083513  0.11238891
 -0.08003425 -0.0032775  -0.10158541 -0.04433627  0.05547189 -0.04937568
  0.04402469  0.10971599 -0.14134426  0.23559932  0.01819728  0.09461551
 -0.01303777 -0.01889757 -0.04335216 -0.00198151  0.12078433 -0.22943316
  0.20221584  0.23064612 -0.00289808  0.09093261  0.10593517  0.00491654
 -0.00436428  0.00323419 -0.19793041 -0.07941879  0.01188521 -0.03972712
  0.07088905  0.06509366]