[-0.11571808  0.13631409  0.08354657 -0.04339132 -0.07303694 -0.08759546
  0.01523401 -0.19784401  0.11946242 -0.02855333  0.27431029 -0.08238875
 -0.23901959 -0.1262673   0.00871919  0.15632208 -0.08170799 -0.12209695
 -0.10435618 -0.02086448  0.13720582 -0.03519828  0.04046294  0.05276832
 -0.13958959 -0.30220982 -0.12580857 -0.04885011  0.05382451 -0.08242814
 -0.06395233  0.0838005  -0.16659442 -0.15638368  0.03340591  0.05075769
 -0.0112658  -0.02328039  0.15467083 -0.00872947 -0.23442867  0.04057909
  0.04299396  0.2636205   0.21239352  0.04076959  0.09276181 -0.1285086
  0.06692933 -0.15948474  0.07171118  0.09406793  0.15981732  0.05163506
  0.03995611 -0.13988125 -0.01390204  0.08950226 -0.17269982  0.0567415
  0.11357404 -0.1141773  -0.07950743 -0.06292285  0.14935856  0.08959547
 -0.10116998 -0.13681597  0.12745123 -0.09884389 -0.07827356  0.07540701
 -0.19730788 -0.15029651 -0.35248944  0.00623417  0.42003962  0.08063889
 -0.26324353  0.011315   -0.05615277  0.07679366  0.11144679  0.10559201
 -0.03906931  0.06290621 -0.08487103  0.04860351  0.15942971 -0.09539597
 -0.07866935  0.23473726  0.03583628  0.07567455  0.05073336  0.0679528
 -0.02958365 -0.02002626 -0.13720211 -0.05521639  0.07573657 -0.00063206
  0.02712587  0.0935538  -0.15209627  0.15803476  0.04019194  0.07879811
 -0.02677427 -0.02773262 -0.05564635 -0.04182349  0.10189873 -0.21156342
  0.15830918  0.22155753 -0.01561991  0.04960803  0.08076086  0.0257262
  0.04352665  0.00303454 -0.10775769 -0.01623289  0.13957627 -0.02151906
  0.0958271   0.00641026]