[-1.11612134e-01  1.80566907e-01  1.37324676e-01  2.52459571e-03
 -2.69759875e-02 -1.02773331e-01 -1.37466704e-02 -1.81369513e-01
  1.26629725e-01 -4.34551314e-02  2.95249641e-01 -4.83332463e-02
 -2.16549829e-01 -8.83956328e-02 -1.55795692e-02  1.97913229e-01
 -1.97873458e-01 -9.79240984e-02 -8.28807056e-03  4.15653083e-03
  7.82296732e-02 -2.76556071e-02  8.07373896e-02  7.55128870e-03
 -8.22191834e-02 -3.15896124e-01 -1.34508237e-01 -1.03099898e-01
  6.10017776e-02  4.76296954e-02 -6.73134029e-02  1.02957012e-02
 -1.77972391e-01 -1.00900233e-01  4.21436131e-02  3.40277292e-02
 -1.07864141e-02 -3.03082261e-02  1.92335650e-01  1.04851313e-02
 -1.62286758e-01  1.74133684e-02 -1.86304189e-02  2.58792877e-01
  1.68538138e-01  6.32509738e-02  9.28873345e-02 -1.47472724e-01
  2.95406710e-02 -1.73092976e-01  1.83171369e-02  1.21169940e-01
  7.54512846e-02  5.15821353e-02 -2.32158490e-02 -1.89887732e-01
  3.04827075e-02  6.54637888e-02 -1.50776923e-01 -1.20660139e-03
  1.17730357e-01 -5.73796295e-02 -6.19554939e-03 -9.39271320e-03
  2.54898816e-01  7.27022216e-02 -1.29815683e-01 -8.91603678e-02
  1.27868399e-01 -6.93675652e-02 -1.92757156e-02  1.44742429e-04
 -1.84492633e-01 -1.51256785e-01 -3.32604617e-01  2.15338580e-02
  4.47268337e-01  4.81394045e-02 -1.97722137e-01 -4.90353303e-03
 -1.43744200e-01  6.37572333e-02  1.23327337e-01  9.68915448e-02
 -6.22601025e-02  1.56313144e-02 -1.24225996e-01 -1.18365595e-02
  1.62472680e-01 -1.26886442e-01 -2.52189822e-02  2.00079709e-01
 -5.95147675e-03  9.45988744e-02  9.00522154e-03  3.61306965e-02
 -3.02702542e-02  2.47643255e-02 -1.29383296e-01  1.22923469e-02
 -1.42888371e-02 -4.08885293e-02 -4.69440216e-04  1.27725393e-01
 -2.12717101e-01  5.17822281e-02  4.89131287e-02 -4.89316229e-03
 -2.22735424e-02  2.50802189e-03 -9.88971218e-02 -8.87984335e-02
  1.13665715e-01 -2.15546042e-01  1.96606845e-01  2.68817425e-01
 -1.54790729e-02  1.24421410e-01  9.64745283e-02  6.74436837e-02
 -3.08995731e-02 -5.64002991e-03 -1.35625705e-01 -1.36993919e-02
  8.29235539e-02  1.67699642e-02  4.23863195e-02  1.20821949e-02]