[-1.04689501e-01  1.32166535e-01  1.09261744e-01 -3.12755220e-02
 -2.71417107e-02 -1.29934579e-01 -3.35938372e-02 -1.90906942e-01
  1.18463315e-01 -7.07402304e-02  2.83545673e-01 -6.02736585e-02
 -1.98051706e-01 -1.11110784e-01 -1.27919465e-02  1.95800751e-01
 -2.13288307e-01 -1.18137076e-01 -1.68097578e-02 -8.36955942e-03
  6.81506917e-02 -3.69700156e-02  8.14152434e-02 -1.18263815e-04
 -9.37340260e-02 -3.08377266e-01 -1.53976366e-01 -1.06297933e-01
  2.22828593e-02  3.25091109e-02 -4.77303825e-02  2.24295296e-02
 -1.95921034e-01 -1.08961403e-01  4.14813943e-02  4.74568680e-02
  1.00224395e-03 -2.93039568e-02  2.12644383e-01 -8.76584090e-03
 -1.72725067e-01  2.04422828e-02  1.86291561e-02  2.41770849e-01
  1.60954207e-01  5.16341329e-02  6.27331585e-02 -1.35363445e-01
  6.48562238e-02 -1.30258992e-01  2.05358695e-02  1.13247886e-01
  8.80726576e-02  4.61737886e-02 -2.71337330e-02 -1.35733411e-01
  5.44995144e-02  6.57997876e-02 -1.51659116e-01 -3.44213471e-02
  1.28345594e-01 -8.36336389e-02 -3.27396616e-02 -1.67512614e-02
  2.49121383e-01  5.40416054e-02 -1.14875093e-01 -1.08835876e-01
  1.33663639e-01 -6.97159842e-02 -3.37657295e-02  1.27985151e-02
 -1.85806707e-01 -1.28067717e-01 -3.42440754e-01 -1.01384828e-02
  4.19259280e-01  1.01773515e-02 -1.84238955e-01  2.44816337e-02
 -1.29985660e-01  3.72861214e-02  1.15062371e-01  9.63547155e-02
 -4.44889255e-02  5.57282045e-02 -1.15435019e-01  3.88742168e-03
  1.76819727e-01 -1.25134736e-01 -2.23497413e-02  1.86946064e-01
  3.29012983e-03  1.03021733e-01  3.36417221e-02  2.44503301e-02
 -1.19837979e-02  1.11286361e-02 -1.35771349e-01  3.37167680e-02
  6.08023163e-03 -3.15774456e-02 -1.86027046e-02  1.08611368e-01
 -1.87836796e-01  4.88072559e-02  5.55949174e-02  1.07600063e-03
 -3.11973151e-02  1.20929035e-03 -9.46883187e-02 -1.17935494e-01
  1.00568272e-01 -2.21113190e-01  1.61840677e-01  2.42493778e-01
 -2.18309518e-02  1.07772343e-01  8.49150866e-02  7.15851784e-02
 -5.88311628e-02 -1.89341453e-03 -1.67572021e-01 -1.68758575e-02
  9.57357734e-02  4.02664617e-02  7.16678128e-02  2.18370892e-02]