[-1.07844129e-01  1.20382302e-01  9.87492800e-02 -8.63889605e-03
 -6.32076636e-02 -1.74798053e-02 -2.28261389e-02 -1.25655025e-01
  9.38164666e-02 -4.52904068e-02  2.50275284e-01  6.67090574e-03
 -1.55520841e-01 -1.87547788e-01  3.61794308e-02  1.91049844e-01
 -1.96599439e-01 -1.61258385e-01 -8.81450921e-02 -5.13733700e-02
  6.34980425e-02  4.29914966e-02  3.82423750e-03 -2.26829536e-02
 -1.46872371e-01 -3.42178553e-01 -8.10345262e-02 -1.11406885e-01
  1.59438074e-01 -1.13556467e-01 -1.02877401e-01 -3.47941229e-03
 -1.40460432e-01 -1.16826378e-01  8.78648758e-02  7.89467096e-02
 -5.78108616e-02 -6.68464005e-02  2.02443838e-01 -1.99643057e-02
 -2.17845544e-01  6.75778911e-02  7.86874294e-02  2.78477430e-01
  2.26686165e-01  7.94551801e-03  6.09779842e-02 -7.00895563e-02
  1.31321192e-01 -1.74592480e-01  7.42857605e-02  1.06766604e-01
  1.07712567e-01  1.02893248e-01  6.79743364e-02 -1.22251190e-01
 -3.00675817e-02  7.93548524e-02 -2.01089025e-01  6.10438548e-02
  9.62076113e-02 -1.47864088e-01 -5.40520437e-02 -3.13148312e-02
  1.22871004e-01  4.55777012e-02 -9.60998684e-02 -2.22940683e-01
  1.25178322e-01 -1.36963353e-01 -8.81311968e-02  2.27338728e-02
 -1.00998119e-01 -9.27292630e-02 -3.26252133e-01 -6.37898734e-03
  3.91889662e-01  7.03704730e-02 -2.12570533e-01  7.90720358e-02
 -2.96580829e-02 -7.11719319e-02  8.33457634e-02  1.31966814e-01
 -9.33478307e-03  6.80259392e-02 -7.61437938e-02  3.03703081e-02
  1.78074673e-01 -3.98536213e-02  3.20610660e-03  1.91656753e-01
  3.19822517e-04  6.34497628e-02  7.70999938e-02  8.18139538e-02
 -9.65911597e-02  2.71162251e-03 -9.30597186e-02 -4.62731458e-02
  5.68774231e-02 -7.04678223e-02  5.24781048e-02  1.04146920e-01
 -1.42757326e-01  2.29344890e-01  1.91157423e-02  9.19137299e-02
 -1.57115725e-03 -3.00682038e-02 -6.05091229e-02 -4.99163521e-03
  1.20030783e-01 -2.30419949e-01  2.21319392e-01  2.20110446e-01
  1.85665339e-02  8.34548771e-02  1.10926770e-01  2.93046911e-03
  1.24476831e-02  5.99343330e-03 -1.98501050e-01 -6.83750659e-02
  1.87741052e-02 -5.07848337e-02  7.50725642e-02  6.25014305e-02]