[-0.10449722  0.15295096  0.0906409  -0.03201136 -0.03347831 -0.10525148
 -0.05944699 -0.18079992  0.13344678 -0.07780808  0.27131724 -0.03132486
 -0.2141273  -0.10969714 -0.02914372  0.19376381 -0.25791374 -0.13277577
  0.0180287   0.03229288  0.07423963 -0.03080578  0.06986951  0.01663088
 -0.03788988 -0.34117049 -0.16257785 -0.121296    0.06580094 -0.02521162
 -0.08577013  0.00168529 -0.16267338 -0.08635616  0.01206922  0.02450216
 -0.01564104 -0.0398287   0.18354321 -0.00213075 -0.16759668  0.0417703
 -0.00408794  0.25553873  0.20241454  0.0714829   0.09027155 -0.16511336
  0.04846091 -0.13331203  0.02411941  0.13158765  0.1066463   0.06909838
 -0.03857587 -0.19064344  0.01266938  0.02943761 -0.1496782   0.0372622
  0.13117991 -0.04783934 -0.0092869  -0.00595957  0.262609    0.07083841
 -0.12936349 -0.14119247  0.14746279 -0.12344065 -0.05685888  0.0102926
 -0.19763096 -0.16271549 -0.29139391 -0.01503217  0.38246441  0.04894672
 -0.17426032  0.03067769 -0.12501757  0.03476027  0.10404938  0.13322017
 -0.05400812  0.039651   -0.11255049 -0.00458561  0.17935382 -0.11149899
 -0.03941583  0.18737672 -0.0044029   0.11387638  0.04159387  0.03741429
  0.01193898  0.03307303 -0.13289899  0.02629846 -0.03041984 -0.06580323
 -0.02575831  0.09917497 -0.13289033  0.0706244   0.04769956  0.03509738
 -0.04074753  0.02121127 -0.1077248  -0.09650783  0.12665576 -0.23020601
  0.24255531  0.2668007   0.03040996  0.11203392  0.0730576   0.10643243
 -0.0390824  -0.02391824 -0.15596066 -0.00277237  0.07011599  0.02982914
  0.06911005  0.02571487]