[-6.24371469e-02  1.81003287e-01  8.92673507e-02 -2.54957080e-02
  2.85935830e-02 -5.91772161e-02 -1.62511747e-02 -1.43423542e-01
  1.32049426e-01 -3.44702378e-02  1.99511364e-01 -4.86948714e-02
 -2.16372713e-01 -8.90456960e-02 -3.35855759e-03  1.51788056e-01
 -2.17821270e-01 -1.37750417e-01 -4.49516587e-02 -2.94737723e-02
  5.77508695e-02  2.37585674e-03  4.30074148e-02  2.60924678e-02
 -1.60419390e-01 -2.82716364e-01 -1.31526157e-01 -1.30130917e-01
  2.70187110e-02 -6.41000420e-02 -7.77559727e-02  2.90858932e-02
 -1.69355258e-01 -1.00924872e-01  3.89382057e-02  2.11124960e-02
 -2.22454968e-04 -5.59126399e-02  1.63438454e-01  3.75742801e-02
 -1.49885118e-01  8.14803615e-02  9.05061699e-03  2.94307470e-01
  2.03819752e-01  2.22285669e-02  3.22295539e-02 -8.05347115e-02
  4.30391021e-02 -1.69226721e-01  6.86770678e-02  1.29510507e-01
  1.19956546e-01  8.72099325e-02  2.12733168e-02 -1.67760655e-01
  9.35400464e-03  7.37496763e-02 -1.67314589e-01  4.31122109e-02
  1.18023135e-01 -6.71957359e-02  1.91043932e-02 -1.89469603e-03
  1.47973046e-01  9.72876772e-02 -9.50084478e-02 -1.19000793e-01
  1.34558871e-01 -9.79336873e-02 -4.24810983e-02 -2.73110699e-02
 -1.45977154e-01 -1.31493926e-01 -2.88712114e-01  2.24655010e-02
  3.27518344e-01  9.33965221e-02 -2.12433219e-01  5.84008312e-03
 -1.22966014e-01  4.29591648e-02  7.52995238e-02  3.27930860e-02
 -9.95050222e-02  6.42837351e-03 -7.57825673e-02  1.07289860e-02
  1.82539225e-01 -2.40048934e-02 -6.65863976e-02  1.68495461e-01
 -3.36687528e-02 -5.73328696e-04  7.15362951e-02  1.53509158e-04
 -5.24704568e-02  1.22165037e-02 -1.49065956e-01  3.14005800e-02
 -4.06873114e-02 -1.25002995e-01 -5.17675690e-02  1.51957989e-01
 -2.13183597e-01  1.00624613e-01  6.12932630e-02 -3.67554389e-02
 -5.10285199e-02  5.98065555e-02 -1.47860095e-01 -2.95925345e-02
  1.54183567e-01 -2.36019835e-01  2.22868443e-01  2.55134255e-01
  2.41858419e-02  9.54684541e-02  7.41371512e-02  5.14915884e-02
 -2.31976416e-02  6.64415350e-03 -1.43548742e-01 -7.39673600e-02
  1.01527572e-01  2.12757196e-02  6.11953847e-02  3.68338786e-02]