[-0.08434255  0.05474577  0.05641297 -0.08076338 -0.14287633 -0.04763303
 -0.03108134 -0.08086915  0.15532012 -0.06246324  0.17547819 -0.05608106
 -0.21905355 -0.02253802 -0.08299026  0.24336524 -0.17768545 -0.14015101
  0.0306647  -0.0143773   0.09711481 -0.00375415  0.03477901  0.09841301
 -0.19570898 -0.36324319 -0.11812186 -0.06882553 -0.05692072 -0.02341611
 -0.0325712   0.10387013 -0.19939125 -0.04078357  0.05705908  0.08318448
 -0.0073155  -0.08858236  0.17933704  0.08335273 -0.28952438  0.00405688
  0.06759717  0.28978348  0.15021305  0.03210479  0.06493761 -0.0822529
  0.11199503 -0.19711034  0.03786795  0.13783245  0.01286966  0.01281003
 -0.01913453 -0.07184341  0.07591941  0.16437735 -0.24138103 -0.02170931
  0.10689906 -0.1216047   0.00419998 -0.07471427  0.2064404   0.10904198
 -0.10060979 -0.12141738  0.14023988 -0.14701281 -0.04069192  0.01514562
 -0.16565494 -0.18943769 -0.35523573 -0.00975882  0.40862703  0.14722197
 -0.10319656  0.09317019 -0.02769482  0.05992007  0.15163626  0.1905452
  0.0028925   0.08450633 -0.07175688  0.05200074  0.18477108 -0.06227934
 -0.00815614  0.2418026   0.00284237  0.04507269  0.03026046  0.0546862
 -0.09563308  0.02315169 -0.10101473  0.01467083 -0.01514862  0.02533443
  0.05344361  0.11615111 -0.18881693  0.07027235 -0.0180818  -0.00770133
 -0.03312823 -0.00236629 -0.05913218 -0.11729187  0.05487961 -0.23281918
  0.10664346  0.18539937 -0.03452373  0.120118    0.08317634  0.0466956
 -0.03164934 -0.07819127 -0.17261413  0.01854241  0.13811196 -0.0330086
  0.12031273 -0.01075807]