[-0.18089728  0.06706879  0.05787016 -0.05541346 -0.14264487 -0.03739145
 -0.04056704 -0.10145681  0.10971022 -0.08452     0.20748773 -0.09171384
 -0.23577213 -0.04356553 -0.06616812  0.23994815 -0.11121112 -0.11807157
  0.01317671 -0.03183123  0.04057569 -0.02051137  0.02496516  0.07870433
 -0.13717523 -0.38164815 -0.12446829 -0.06305932 -0.10911892 -0.01769716
 -0.03071164  0.05979492 -0.16504192 -0.04811461  0.04291395  0.09385109
  0.00225915 -0.05209668  0.16120583  0.04017472 -0.24836119 -0.01977666
  0.11195315  0.29724509  0.14165963  0.08305516  0.05726212 -0.10116103
  0.08591127 -0.16858695  0.03505343  0.10118015  0.02832346 -0.01538273
 -0.00380883 -0.09953102  0.05622792  0.12672462 -0.16743018 -0.0251849
  0.08820432 -0.06670766 -0.03073589 -0.0894883   0.27071795  0.11090755
 -0.12253759 -0.09348718  0.15963632 -0.13250916 -0.03569577  0.01149043
 -0.16473417 -0.21463712 -0.3298535   0.01304707  0.42358121  0.13809681
 -0.13560502  0.05240887 -0.03749514  0.0326856   0.13244501  0.19586907
 -0.00335388  0.04695494 -0.06970971  0.00375122  0.2135365  -0.04898572
  0.0019658   0.21938553  0.01969065  0.03170662  0.01951638  0.05187079
 -0.09475461  0.01204635 -0.11199509 -0.02341453  0.00385268 -0.02281535
  0.03803628  0.10478665 -0.24366288  0.10377014 -0.00346783  0.00263446
 -0.02052022  0.01199382 -0.03291264 -0.07492413  0.08876716 -0.21513282
  0.09131064  0.19559841 -0.00710692  0.15186644  0.10824963  0.07634389
 -0.01480292 -0.03729456 -0.17866613 -0.01097925  0.09424311 -0.05813908
  0.11928582  0.0297933 ]