[-0.12660946  0.05230966  0.06939036 -0.09728537 -0.10403585 -0.01138888
 -0.03995101 -0.07933026  0.15549992 -0.08985791  0.17202544 -0.06672095
 -0.22281642 -0.05339387 -0.06314564  0.23001194 -0.1469367  -0.12784979
  0.03593459  0.02311533  0.07522062  0.017357    0.02335348  0.04357404
 -0.17113873 -0.35207629 -0.14701296 -0.04346699 -0.06163198 -0.00288949
 -0.04891812  0.09725168 -0.16677828 -0.02921101  0.05796682  0.10136254
 -0.00706464 -0.06676617  0.14227121  0.06301292 -0.27122712 -0.00630468
  0.0884834   0.28635129  0.17365807  0.03479012  0.04451625 -0.12592386
  0.10505265 -0.1662709   0.03614902  0.13019791  0.02023526  0.03288954
 -0.01855916 -0.08054473  0.08245023  0.12408453 -0.16658619 -0.00249574
  0.1151854  -0.07627459 -0.0115194  -0.06820378  0.18272732  0.06315165
 -0.12777071 -0.15955202  0.12385567 -0.12958419 -0.05071497  0.03504857
 -0.20468345 -0.19541691 -0.35248742 -0.01089303  0.39142576  0.12033393
 -0.11923269  0.0781092  -0.01682508  0.03033127  0.13126777  0.20424998
 -0.0170419   0.05869923 -0.06706857  0.03542515  0.23873492 -0.06567718
 -0.01388149  0.21322607  0.00755078  0.0596171   0.00731979  0.06550758
 -0.06009251  0.02420993 -0.13485463 -0.01041717  0.01593001 -0.02487446
  0.0171353   0.15280132 -0.21373852  0.14370935  0.02104909  0.01628123
 -0.00623151 -0.01514938 -0.080046   -0.05366649  0.09975987 -0.1768181
  0.11186898  0.19628066  0.05211714  0.09122536  0.13575087  0.0607241
 -0.02795216 -0.02876442 -0.1821789   0.00808502  0.10582888 -0.04409986
  0.11895108  0.0063585 ]