[-1.56353578e-01  3.45822237e-02  4.96749356e-02 -7.91319087e-02
 -1.15293100e-01 -3.26396041e-02 -3.01417857e-02 -5.47844172e-02
  1.53212309e-01 -8.90040845e-02  1.68702617e-01 -7.77426586e-02
 -2.61668950e-01 -5.98784797e-02 -8.88623819e-02  2.77187318e-01
 -1.62221000e-01 -1.26261488e-01  3.73268090e-02  5.74731408e-03
  2.95381602e-02 -9.72299464e-03  3.06575000e-02  8.22898149e-02
 -1.50221944e-01 -3.84920657e-01 -1.17970131e-01 -5.37841916e-02
 -1.22589909e-01 -1.94681436e-02 -5.08425944e-02  1.31002232e-01
 -1.63732275e-01 -4.47656401e-02  5.31624742e-02  1.19739793e-01
  1.18008852e-02 -5.38812988e-02  1.56678855e-01  8.77746865e-02
 -2.59512007e-01 -3.36814448e-02  1.13048792e-01  3.05271536e-01
  1.61882982e-01  4.22655120e-02  4.45519127e-02 -1.06086686e-01
  1.15990236e-01 -1.94246233e-01 -5.76444727e-04  1.21788375e-01
  4.62694950e-02 -5.61677152e-03 -2.70927306e-02 -8.24150816e-02
  8.50061178e-02  1.29119828e-01 -1.87292799e-01 -2.72620004e-02
  8.68571550e-02 -8.47697854e-02 -3.45861129e-02 -6.51704594e-02
  2.27339059e-01  8.22226927e-02 -1.22181945e-01 -1.17424011e-01
  1.78507537e-01 -1.35060892e-01 -3.70053649e-02  1.62037468e-04
 -1.75059497e-01 -2.11254984e-01 -3.48136634e-01 -2.60644741e-02
  3.54563057e-01  1.27278432e-01 -1.05278634e-01  1.03603244e-01
 -3.75849269e-02  2.60815918e-02  8.90410393e-02  2.12918952e-01
 -2.85479780e-02  7.24311098e-02 -6.38818741e-02  1.01711843e-02
  2.08513841e-01 -4.25558500e-02  1.72238406e-02  2.10510403e-01
  1.94225144e-02  4.41560969e-02  3.37624550e-02  2.98268441e-02
 -7.89666623e-02  1.09196929e-02 -1.49976179e-01 -2.24163011e-02
 -2.85118702e-03 -5.41584753e-02  3.32816653e-02  1.07087508e-01
 -2.45684817e-01  1.00707009e-01  2.39042356e-03 -3.55446641e-03
  1.71115738e-03  2.88527319e-03 -6.10181578e-02 -7.29386136e-02
  9.81543213e-02 -1.92901060e-01  9.40479338e-02  2.02086717e-01
  2.16949396e-02  1.22629583e-01  1.29072025e-01  7.59271905e-02
 -3.74083035e-02 -4.18512933e-02 -1.70210168e-01  4.47941566e-04
  1.13674402e-01 -6.90276772e-02  1.16495326e-01  1.17876874e-02]