[-0.12649445  0.07493365  0.04017311 -0.10999864 -0.14422284 -0.08244619
 -0.06682271 -0.12144738  0.18009549 -0.14241515  0.1398354  -0.05312587
 -0.17811505  0.00524943 -0.05169729  0.18071741 -0.18723945 -0.14402272
 -0.00207199 -0.01630867  0.10053386  0.03492248  0.02085268  0.06362093
 -0.15302019 -0.3638072  -0.11646155 -0.06141397 -0.04428586 -0.01551891
  0.00830739  0.07345792 -0.21617286 -0.04451008  0.0006855   0.10865026
 -0.01207509 -0.03414342  0.18371813  0.06884225 -0.30269429  0.030662
  0.04590238  0.30467978  0.21248053  0.01564282  0.03411944 -0.10272684
  0.13537464 -0.17869958  0.02970034  0.12950347  0.02603422  0.00190375
  0.02530504 -0.10052896  0.05639261  0.12476654 -0.18154685  0.00898486
  0.1686541  -0.09735885 -0.00813504 -0.05719092  0.23867564  0.06316184
 -0.12663855 -0.11124825  0.12851815 -0.13662937 -0.03510926  0.05502256
 -0.16772102 -0.18999307 -0.32184002  0.0030852   0.40582117  0.10020583
 -0.14175975  0.05897306 -0.029144    0.05529918  0.19513713  0.19314383
  0.02366481  0.05466189 -0.08650578  0.06246438  0.1981225  -0.04440139
 -0.03067588  0.24135362  0.01369151  0.04502351  0.02060866  0.08059602
 -0.11498684  0.01157231 -0.15346663  0.01805608  0.02729627  0.01176522
 -0.00968916  0.12706192 -0.13811961  0.13292578 -0.00830517  0.02602357
 -0.0519549  -0.02797241 -0.06958627 -0.07852813  0.08680042 -0.18964091
  0.12535088  0.15599847 -0.04559445  0.13432316  0.09451245  0.04757288
 -0.03544683 -0.02274775 -0.21217482  0.00508877  0.09286617 -0.00673735
  0.1315963   0.00232567]