[-1.40029967e-01  6.52859509e-02  7.31380582e-02 -8.22839886e-02
 -1.23868681e-01 -6.31306544e-02 -6.39064237e-02 -1.15309350e-01
  1.25381202e-01 -8.81914943e-02  1.95943952e-01 -8.95085856e-02
 -2.41451129e-01 -5.90533875e-02 -7.01499879e-02  2.12147757e-01
 -1.22093044e-01 -1.23641863e-01  3.09721828e-02 -1.96140539e-02
  5.44931181e-02 -2.20168941e-02  5.17011844e-02  4.72975746e-02
 -1.66777328e-01 -3.70410770e-01 -1.17826283e-01 -4.27968465e-02
 -9.74838287e-02  2.78553106e-02 -3.95257063e-02  9.33002532e-02
 -1.96602747e-01 -6.62350953e-02  5.92206120e-02  1.07190505e-01
  1.40926987e-02 -5.51061891e-02  1.54376417e-01  2.71958001e-02
 -2.63443530e-01 -1.49398148e-02  9.83289406e-02  2.60876954e-01
  1.45707831e-01  7.31857494e-02  6.33966401e-02 -1.37209669e-01
  1.05869211e-01 -1.68570369e-01  1.67477783e-02  1.28303438e-01
  3.39688808e-02 -1.58157963e-02 -1.60028897e-02 -1.11618690e-01
  7.44702071e-02  1.31874666e-01 -1.65446997e-01 -5.99862821e-02
  8.82405266e-02 -5.21695428e-02 -2.54548918e-02 -9.99592468e-02
  2.60507524e-01  9.24660563e-02 -1.41068891e-01 -9.68409777e-02
  1.50714755e-01 -1.20836176e-01 -2.30909716e-02  3.25264893e-02
 -1.76001891e-01 -2.01492235e-01 -3.50478292e-01  1.77867711e-04
  3.90841305e-01  1.17580704e-01 -1.37586117e-01  5.65251485e-02
 -4.70115840e-02  6.43261373e-02  1.18208461e-01  2.05167964e-01
 -2.15656292e-02  7.11199865e-02 -5.61015308e-02 -6.87488494e-03
  2.09747225e-01 -7.04205260e-02 -5.86370518e-03  2.13704452e-01
  3.08696032e-02  7.56314844e-02  1.12757077e-02  5.61845191e-02
 -1.03578486e-01  1.22347018e-02 -1.30477414e-01  1.09036425e-02
  6.81959419e-03  4.91581850e-05  2.95143127e-02  1.44651979e-01
 -2.29385421e-01  8.75037313e-02 -1.18017504e-02 -1.16445953e-02
 -5.35925664e-03 -9.60958004e-03  4.79562586e-04 -1.16140179e-01
  5.51889353e-02 -2.25540116e-01  7.95884654e-02  2.02703699e-01
 -4.91578970e-03  1.52285457e-01  1.13674007e-01  6.93065748e-02
 -1.62465554e-02 -1.66806038e-02 -1.71684936e-01 -1.55921122e-02
  1.02347553e-01 -6.11788221e-02  9.83758494e-02 -6.77573669e-04]