[-0.14573842  0.04192017  0.09398485 -0.06477772 -0.11821149 -0.06223024
 -0.04831583 -0.07978307  0.10161927 -0.10342307  0.18382914 -0.08971729
 -0.22975627 -0.09619702 -0.06916576  0.23384666 -0.17726406 -0.14345489
  0.00930975  0.00353998  0.07551834 -0.04867885  0.06704204  0.0669181
 -0.20266977 -0.38821039 -0.12021387 -0.04947643 -0.0795012  -0.05270003
 -0.04978802  0.08182506 -0.19643255 -0.05935865  0.01082169  0.08988158
  0.01436781 -0.04700603  0.14963172  0.03387491 -0.27671435 -0.01615012
  0.11729699  0.28296682  0.17179433  0.08260538  0.05351314 -0.09433809
  0.13445699 -0.17173164  0.01880515  0.10753503  0.04830984  0.00481096
  0.01167837 -0.07575671  0.07215913  0.15014456 -0.15924139  0.03052793
  0.07264718 -0.08135617  0.00566803 -0.07024688  0.19270532  0.05333153
 -0.11454685 -0.10228411  0.15617417 -0.1390699  -0.03305037  0.02696683
 -0.15185967 -0.20458937 -0.37192678 -0.03799102  0.37193733  0.12177294
 -0.15420197  0.03479772  0.00904601  0.02575024  0.13364257  0.22486809
 -0.0360687   0.08033869 -0.1011483   0.01199675  0.20683269 -0.04518832
  0.00937769  0.21648204  0.03837024  0.04468406  0.04258547  0.05898442
 -0.13503005  0.03274794 -0.15386119  0.00571145  0.00447729 -0.03752183
  0.00441848  0.10240247 -0.1519821   0.09404443 -0.00296091  0.00147537
 -0.04277017  0.02832058 -0.06930822 -0.12100542  0.04758533 -0.18119524
  0.07214604  0.24031658 -0.00183163  0.11422475  0.1239292   0.08877882
 -0.0264551   0.00425612 -0.13349678 -0.01380878  0.10784487 -0.07175653
  0.12538357 -0.00563378]