[-0.16164611  0.02687075  0.05612391 -0.06368427 -0.08997067 -0.05859853
 -0.02280431 -0.11514346  0.10283013 -0.07272284  0.17923023 -0.07501017
 -0.20744212 -0.04924659 -0.04870943  0.24604098 -0.15100248 -0.13901287
 -0.00264247 -0.03701843  0.05815775 -0.01418308  0.02577216  0.09097633
 -0.16353652 -0.338568   -0.09696307 -0.07084877 -0.06951549  0.0195643
 -0.0223915   0.05548527 -0.19326264 -0.02193581  0.04393959  0.0937966
  0.01230469 -0.10552945  0.17384818  0.03241166 -0.29305035  0.03530519
  0.11890493  0.26884818  0.15974282  0.05856685  0.05444854 -0.11219161
  0.13414465 -0.1818524   0.03230781  0.10462812  0.02011715 -0.0133305
  0.00215405 -0.11739395  0.06051542  0.10791256 -0.19733255 -0.00862156
  0.08811132 -0.04951933  0.01496869 -0.10899983  0.21866123  0.13087627
 -0.13721214 -0.09695883  0.13860291 -0.15492815 -0.02629542  0.03391751
 -0.1730659  -0.21748225 -0.34528175  0.00986812  0.38401446  0.13178119
 -0.1328277   0.05273853  0.02098488  0.06318621  0.1833456   0.24685979
  0.02177683  0.03830172 -0.05659613  0.00124878  0.22962165 -0.0390225
 -0.02827025  0.219087    0.00613119  0.00903693 -0.00384306  0.09034591
 -0.10443391  0.02425791 -0.10395975  0.01881051  0.0016011   0.03286753
  0.05097295  0.1181558  -0.16609055  0.07804009 -0.02507477  0.01034234
 -0.02705546  0.01555576 -0.02074419 -0.07697938  0.03016116 -0.18541214
  0.13618977  0.18038522 -0.03716451  0.11453207  0.08754282  0.08189611
 -0.02117863 -0.00415572 -0.17819279 -0.01382624  0.09998544 -0.04433746
  0.14400308  0.00898662]