[-1.27444014e-01  5.28394543e-02  4.59345616e-02 -9.06219482e-02
 -9.95837376e-02 -4.31361198e-02 -5.55298440e-02 -8.99211541e-02
  1.52547583e-01 -1.11659288e-01  1.35059223e-01 -5.00937365e-02
 -2.29785919e-01 -8.27407241e-02 -6.91546127e-02  2.35848784e-01
 -1.48233518e-01 -1.65916488e-01 -2.74551654e-04 -4.55864193e-03
  8.32599625e-02 -2.89334953e-02  4.52292040e-02  7.70936459e-02
 -1.41328976e-01 -3.48854452e-01 -1.29302159e-01 -5.58555238e-02
 -6.24880083e-02 -1.86351798e-02 -6.21306188e-02  5.25668450e-02
 -1.81906253e-01 -4.83169556e-02  1.92373563e-02  8.89839530e-02
 -1.27510903e-02 -7.30227157e-02  1.73846483e-01  6.12704754e-02
 -2.76607215e-01 -7.42530776e-03  7.65579641e-02  2.69712985e-01
  1.95411801e-01  4.68402021e-02  4.60203998e-02 -1.30127817e-01
  1.37591809e-01 -1.79498270e-01  3.64648439e-02  1.46345660e-01
  5.45418523e-02  2.58522090e-02 -1.22976082e-03 -6.82145059e-02
  1.03179373e-01  1.13312207e-01 -1.86884329e-01 -1.04315160e-02
  9.76794809e-02 -7.68479630e-02 -2.78938990e-02 -6.27233610e-02
  2.02712163e-01  8.60500485e-02 -1.08214416e-01 -1.49544284e-01
  1.47900850e-01 -1.58352479e-01 -4.64726053e-02  3.59348021e-02
 -1.72032356e-01 -1.96967319e-01 -3.33806723e-01 -2.30067819e-02
  3.82980883e-01  1.43169746e-01 -1.20404385e-01  9.04308334e-02
 -3.05085275e-02  2.17269268e-02  1.44650653e-01  1.97293207e-01
 -3.80547717e-02  7.04144463e-02 -6.92483410e-02  2.76964158e-02
  2.11013228e-01 -6.26415536e-02 -1.47438748e-02  2.16129452e-01
  4.11408730e-02  6.79539070e-02  3.52972299e-02  5.38923107e-02
 -6.57135546e-02  4.31110822e-02 -1.38601780e-01  6.41990080e-03
  2.78461520e-02 -1.55971227e-02  3.40325423e-02  8.22469518e-02
 -1.68669924e-01  1.00468062e-01  8.84356536e-03  2.03539338e-02
 -1.95254423e-02 -7.58080557e-03 -1.05795436e-01 -9.36120749e-02
  7.77791664e-02 -1.81803569e-01  1.14565648e-01  2.01430678e-01
  2.33239029e-02  8.76319334e-02  1.39297426e-01  8.02081004e-02
 -1.59702450e-02 -4.41485010e-02 -1.67700991e-01  1.49297863e-02
  1.30168244e-01 -3.47742811e-02  1.28952429e-01  1.23788789e-02]