[-0.12851228  0.09623512  0.08765284 -0.11335265 -0.13632348 -0.04435601
 -0.05927193 -0.13423756  0.16306047 -0.13441971  0.19151145 -0.05855883
 -0.19211897 -0.02146381 -0.03363863  0.20292869 -0.17306422 -0.08927105
  0.00491153 -0.02309872  0.05915544 -0.00160545  0.0509832   0.04076159
 -0.11371122 -0.39521664 -0.18728468 -0.03073849 -0.03307251 -0.03422683
 -0.00617619  0.03207541 -0.20402685 -0.02918932 -0.01264077  0.08923598
 -0.01575598 -0.09493684  0.12768699  0.05905585 -0.25509143  0.01278904
  0.03436396  0.29293686  0.19922957  0.02056144  0.02950116 -0.07957153
  0.15972972 -0.18407385  0.01642494  0.092945   -0.00942124 -0.00884413
  0.00525744 -0.0884626   0.08352246  0.14539364 -0.21916978 -0.01253351
  0.13172582 -0.10383674  0.00345733 -0.05494955  0.21977992  0.11741529
 -0.13266461 -0.12208877  0.12675434 -0.12794244  0.04805122  0.02581247
 -0.19327009 -0.21187878 -0.34106272  0.02241709  0.45025381  0.1171996
 -0.10921403  0.01101602 -0.06762659  0.04507905  0.14445904  0.17985307
 -0.00184167  0.05009681 -0.11951222  0.05813819  0.21084833 -0.06632815
 -0.02382238  0.27877006 -0.00846588  0.0596567  -0.0014016   0.08457118
 -0.13109577 -0.00593383 -0.14493835  0.02346838 -0.03300655 -0.05326988
 -0.0265892   0.12246891 -0.19421516  0.16210239  0.02111625  0.0095211
 -0.07842445 -0.06426146 -0.07861571 -0.05309731  0.10573621 -0.21239744
  0.09369837  0.20775524  0.01534744  0.16598283  0.08249783  0.04398966
 -0.05136618 -0.0631841  -0.16062628  0.01308095  0.057932   -0.02909892
  0.09463553  0.00601002]