[-1.00127541e-01  4.67657745e-02  4.23481166e-02 -1.01821087e-01
 -9.77700278e-02 -4.66242395e-02 -5.14762662e-02 -8.55300725e-02
  1.51386380e-01 -1.20011345e-01  1.30383000e-01 -7.77625814e-02
 -2.37070203e-01 -7.75053948e-02 -7.24654347e-02  2.48321488e-01
 -1.69977114e-01 -1.76199988e-01 -8.27068742e-03 -6.90494489e-04
  8.71463567e-02 -1.44514637e-02  2.41208356e-02  7.26507232e-02
 -1.45063162e-01 -3.52286965e-01 -1.15771197e-01 -5.31017184e-02
 -6.44132942e-02 -1.59171559e-02 -6.62430152e-02  7.72503242e-02
 -1.88298345e-01 -5.12257032e-02  2.36037634e-02  8.70057717e-02
 -3.46043496e-03 -8.57075304e-02  1.69463530e-01  6.24978207e-02
 -2.90510625e-01  1.23958159e-02  8.08873773e-02  2.64359146e-01
  1.90262660e-01  3.72609496e-02  4.73144129e-02 -1.39320314e-01
  1.30098462e-01 -1.77280217e-01  2.48502400e-02  1.53966144e-01
  3.13641317e-02  3.88063751e-02 -5.76591259e-03 -7.68576562e-02
  1.01266265e-01  9.71441716e-02 -1.68796942e-01 -2.18522605e-02
  1.17097847e-01 -7.55921602e-02 -1.99975111e-02 -7.80311003e-02
  1.99262589e-01  6.39218092e-02 -1.05175257e-01 -1.58511400e-01
  1.41885072e-01 -1.52595237e-01 -6.80359825e-02  2.59045549e-02
 -1.69103548e-01 -1.70467451e-01 -3.36067796e-01 -3.77056263e-02
  3.67333502e-01  1.27378643e-01 -1.29405037e-01  1.10049464e-01
 -3.01821884e-02  2.28773113e-02  1.59719273e-01  2.03381851e-01
 -1.51088508e-02  8.38237256e-02 -6.48589954e-02  3.59305777e-02
  2.21250370e-01 -6.11806214e-02 -1.35588869e-02  2.12572977e-01
  3.23951058e-02  6.33371100e-02  4.33761291e-02  5.40978611e-02
 -6.51126727e-02  4.86523658e-02 -1.35905787e-01  1.74235906e-02
  4.94250432e-02 -1.13901701e-02  1.88535135e-02  9.34373066e-02
 -1.62831575e-01  1.14235900e-01  4.40018205e-03  3.40422727e-02
 -1.12158377e-02 -1.00980243e-02 -9.33727697e-02 -7.19186962e-02
  8.11706185e-02 -1.78658947e-01  1.24437466e-01  1.89731896e-01
  2.25267448e-02  7.53997788e-02  1.41295642e-01  7.80047476e-02
 -2.97356248e-02 -4.41811346e-02 -2.01866969e-01  4.68544677e-05
  1.33028790e-01 -2.59339865e-02  1.35114148e-01  1.83291119e-02]