[-0.16605248  0.0507314   0.05553713 -0.07893142 -0.06698739 -0.04323674
 -0.04672921 -0.12578793  0.11394162 -0.07877535  0.22206962 -0.06066773
 -0.20710802 -0.07375779 -0.08155798  0.25741243 -0.17383672 -0.14777191
  0.00346711 -0.04758319  0.02848711 -0.0128574   0.03627823  0.07464681
 -0.12011895 -0.35340229 -0.14588457 -0.06906722 -0.05753391  0.01226633
 -0.02916949  0.07505586 -0.17298046 -0.02576929  0.0555607   0.08716665
  0.00431062 -0.0775395   0.16685627  0.01195577 -0.21286319 -0.02648528
  0.12832136  0.27864152  0.20767049  0.04052169  0.03163666 -0.13210474
  0.05141605 -0.14523366  0.04699532  0.10814594  0.04620099  0.02555757
 -0.00705914 -0.09463749  0.04987253  0.08864394 -0.15346317 -0.04138003
  0.05696189 -0.05973723 -0.04479747 -0.09058175  0.22344458  0.12023814
 -0.13665627 -0.13786384  0.1819509  -0.14685383 -0.0447436   0.01092632
 -0.1776311  -0.19920626 -0.34173942 -0.01891814  0.40005103  0.11895913
 -0.15628259  0.07628649 -0.00228922  0.00396743  0.14580296  0.20369473
 -0.02987997  0.03225054 -0.06113286  0.02193783  0.19888411 -0.03888563
 -0.04452179  0.19445379 -0.01298338  0.03266431  0.05280031  0.09361871
 -0.03306552  0.03794616 -0.1555922  -0.00810276  0.00578878  0.00676921
  0.01752207  0.11710192 -0.14765312  0.08682048  0.03219352  0.01833137
 -0.01124074  0.00898707 -0.0709162  -0.09199191  0.10424649 -0.18564868
  0.10751858  0.18568586 -0.0103319   0.12567268  0.11889207  0.11460209
 -0.02448354 -0.04883152 -0.19117358  0.01922344  0.0856411  -0.04091861
  0.12619434  0.03626341]