[-0.17633557  0.05841162  0.05654734 -0.06230368 -0.14609805 -0.04051687
 -0.04755313 -0.08152336  0.10947265 -0.08429629  0.18857799 -0.09333666
 -0.2267767  -0.02961573 -0.05321922  0.23963891 -0.10397613 -0.122778
  0.01342403 -0.02131958  0.05275178 -0.00882256  0.02016753  0.08885184
 -0.14303736 -0.39058748 -0.12734063 -0.05725034 -0.10140162 -0.01809387
 -0.0371861   0.05821447 -0.17252122 -0.04794129  0.04209083  0.08514324
  0.010422   -0.06607767  0.15850233  0.05546711 -0.26517296 -0.01880044
  0.11352893  0.29666206  0.16096358  0.08638807  0.05812242 -0.09226844
  0.08700811 -0.17518014  0.03878853  0.10008439  0.03261256 -0.01045473
  0.00075272 -0.09571624  0.06503477  0.124674   -0.19170286 -0.02631684
  0.08358003 -0.05914414 -0.01385882 -0.09344198  0.27588615  0.09914555
 -0.12675074 -0.08493999  0.1532134  -0.13622603 -0.02444001  0.01525341
 -0.16610239 -0.22359605 -0.32932657  0.01641445  0.40821263  0.15416375
 -0.13520765  0.07052971 -0.0293491   0.02687796  0.12963156  0.20432167
  0.00963588  0.04875081 -0.05865308  0.01383686  0.21097021 -0.04427538
  0.00916663  0.23368244  0.01595075  0.02101763  0.01585275  0.06890538
 -0.10261118  0.01104675 -0.09864783 -0.01882604  0.00371545 -0.00955771
  0.04373262  0.1069206  -0.24450393  0.11232562 -0.01359988  0.00233693
 -0.02969255 -0.00048371 -0.0267258  -0.07300961  0.07492153 -0.2192997
  0.08054882  0.18703748 -0.01965591  0.1555225   0.09521255  0.07369882
 -0.01086373 -0.04349453 -0.18117973 -0.00678084  0.10380659 -0.06135514
  0.12999654  0.03544494]