[-0.16142689  0.06418477  0.05280631 -0.08681401 -0.13235843 -0.02198266
 -0.03383625 -0.09246779  0.13169406 -0.10792349  0.19349706 -0.10641558
 -0.2295074  -0.02633632 -0.07177277  0.21396556 -0.12138243 -0.12674847
  0.01862744 -0.00479954  0.08355083 -0.03314502  0.01180811  0.06195778
 -0.17711921 -0.35519356 -0.14616679 -0.04979166 -0.09573127 -0.0211127
 -0.03652221  0.05550037 -0.19934081 -0.04570873  0.02606036  0.10672944
  0.01475716 -0.0787883   0.16878451  0.04384121 -0.28134638  0.02160841
  0.1012419   0.27339876  0.13695334  0.06002477  0.04149571 -0.09749335
  0.11911958 -0.15726504  0.0388644   0.12975831  0.04654843  0.00229093
 -0.02496588 -0.08067798  0.07172631  0.14153042 -0.1668075  -0.04526601
  0.11080378 -0.06433287 -0.01744193 -0.08870477  0.22964804  0.10389818
 -0.13591708 -0.12120813  0.14251827 -0.11850496 -0.02540709  0.03125997
 -0.1877804  -0.20411275 -0.32155442  0.03967543  0.42536673  0.11985518
 -0.11868943  0.07558718 -0.04916905  0.0385901   0.12623878  0.22195382
  0.02187176  0.05994685 -0.05230651  0.0265335   0.22010295 -0.06440391
 -0.00284077  0.2106545   0.01865769  0.04776143 -0.00439942  0.0606326
 -0.09707453  0.02164226 -0.08194274  0.02587491  0.00469724 -0.00560689
  0.00480741  0.12573399 -0.23056674  0.11097496 -0.00506974  0.00069734
 -0.0208527  -0.00590471 -0.02092132 -0.0728686   0.05275667 -0.24756603
  0.08625437  0.1834151  -0.03294877  0.12938426  0.12157436  0.07691135
  0.01529286 -0.01175503 -0.20862357 -0.02759164  0.11090425 -0.04016174
  0.10989168  0.00424662]