[-1.14555441e-01  5.49474768e-02  7.77772442e-03 -5.48215024e-02
 -9.00507197e-02 -3.82883810e-02  1.18176127e-02 -1.42527699e-01
  1.91404730e-01 -8.23617652e-02  1.91651687e-01 -6.33422956e-02
 -1.76620752e-01 -9.78516564e-02 -1.85137410e-02  2.15714976e-01
 -2.14806244e-01 -1.59884185e-01  3.94312292e-03  2.37368997e-02
  8.59242454e-02 -5.11393212e-02 -2.58635171e-02  6.69149682e-02
 -1.37336075e-01 -3.56330037e-01 -1.20460868e-01 -9.07793865e-02
  1.64187606e-02 -4.01555561e-02 -5.69896810e-02  1.29326776e-01
 -1.54142454e-01 -6.59730732e-02  4.53148261e-02  8.30091536e-02
 -3.10799368e-02 -9.11099240e-02  1.50656506e-01 -2.86123212e-02
 -2.63430446e-01  5.82243390e-02  9.34782177e-02  2.32586026e-01
  2.12976217e-01  2.09916923e-02  3.03804874e-02 -1.17024399e-01
  1.38086036e-01 -1.64346024e-01 -1.13866655e-02  1.17118768e-01
  4.17410582e-02  7.36992136e-02  5.95650971e-02 -1.05958998e-01
  2.88955774e-02  6.08818941e-02 -1.91838920e-01  9.82256792e-03
  8.65338817e-02 -1.21742420e-01  4.11588559e-03 -1.02868877e-01
  1.78418085e-01  9.36360955e-02 -6.15737438e-02 -1.79415450e-01
  1.88111618e-01 -1.55005082e-01 -7.96761736e-02  3.71361785e-02
 -1.47625759e-01 -2.11014658e-01 -2.47780949e-01  1.50093604e-02
  3.41087222e-01  1.68136969e-01 -1.51615009e-01  1.22665606e-01
  1.32576516e-02 -9.89996642e-03  1.48195311e-01  1.71640322e-01
  6.09384850e-02  1.32274507e-02 -7.58160576e-02 -1.81597229e-02
  2.38601401e-01 -5.73856607e-02  7.66672147e-03  2.15108678e-01
 -2.34762765e-02  1.90459583e-02  3.71618085e-02  7.39710918e-03
 -6.79325387e-02  7.92798549e-02 -1.52176663e-01 -3.68841588e-02
  4.00866941e-02 -1.46732870e-02  3.04467119e-02  9.60765406e-02
 -1.06843665e-01  1.14646457e-01 -1.04010105e-02  6.02881499e-02
 -2.41149385e-02 -1.41050993e-02 -5.34654558e-02 -1.26785813e-02
  8.06050822e-02 -2.21346527e-01  2.48155758e-01  1.33785859e-01
  1.54467672e-02  9.83499810e-02  5.21123074e-02  8.24666396e-02
  1.06483703e-05 -3.94061580e-02 -1.79122627e-01 -2.35375073e-02
  1.22295164e-01 -2.19480377e-02  8.04270059e-02  4.79779020e-03]