[-3.60149071e-02  7.79090077e-02  1.00690961e-01 -2.17399281e-02
 -6.65404573e-02 -8.23254138e-02 -7.67323449e-02 -8.59287307e-02
  7.36400411e-02 -1.45417694e-02  2.94118583e-01 -4.34253812e-02
 -1.88354954e-01 -1.35306314e-01 -3.24740671e-02  1.47615865e-01
 -1.30437329e-01 -9.53389630e-02 -5.55906110e-02 -1.16046881e-02
  5.44619374e-03 -9.11113154e-03  7.13242665e-02  3.54994759e-02
 -5.30316643e-02 -3.69488925e-01 -1.15497448e-01 -7.75600895e-02
  8.29316378e-02 -7.88993388e-02 -1.00156717e-01  6.17447682e-02
 -1.57693312e-01 -7.81575590e-02  2.68087424e-02  7.73903355e-02
 -3.84016633e-02 -1.16628997e-01  1.87867180e-01  4.74069491e-02
 -1.40215054e-01  1.55666545e-02 -3.26135717e-02  2.84398377e-01
  2.37374231e-01  5.72338477e-02  9.48155522e-02 -6.39910698e-02
  1.15802266e-01 -2.06770286e-01  7.54286125e-02  1.33270741e-01
  1.05480269e-01 -6.97046146e-03  8.52308199e-02 -1.10841587e-01
 -3.46440896e-02  1.08089797e-01 -1.54048756e-01  4.19037454e-02
 -1.36857955e-02 -3.79997008e-02 -2.86829676e-02 -1.48802593e-01
  1.84881404e-01  1.17531992e-01 -1.03499532e-01 -8.66155028e-02
  1.60738617e-01 -1.35768458e-01 -6.46267459e-02  2.59511024e-02
 -1.66758910e-01 -1.71003148e-01 -3.35195065e-01  3.91043983e-02
  3.47008139e-01  1.38499007e-01 -2.24803716e-01  1.85432956e-02
  3.21533270e-02 -8.51239543e-03  9.92290825e-02  1.37578055e-01
 -6.08112477e-02  6.18283749e-02 -1.24884918e-01 -3.67303123e-03
  1.82201758e-01 -7.93395266e-02 -6.93501681e-02  1.84765086e-01
 -6.15835898e-02  8.54394957e-02  5.40548079e-02  1.69837810e-02
 -2.60523837e-02 -4.41285083e-03 -1.54650837e-01 -1.97364762e-03
  7.09418580e-02 -4.56805490e-02 -3.12307458e-02  7.98211172e-02
 -8.35100263e-02  2.88833659e-02 -1.22401537e-02 -8.80653970e-05
 -3.11568137e-02 -6.28731549e-02 -1.05003946e-01 -5.34722507e-02
  1.44018799e-01 -1.99886322e-01  1.77739128e-01  1.96730211e-01
  5.99088194e-03  1.01957679e-01  9.65151712e-02  4.69706729e-02
 -3.28389928e-03 -5.22426479e-02 -1.02885321e-01 -7.03778788e-02
  5.45201786e-02  2.43584588e-02  6.47241846e-02  5.75339072e-04]