[-0.11725598  0.12023773  0.07917825 -0.066342   -0.08042132 -0.00907831
 -0.0186025  -0.14739847  0.12964402 -0.06234808  0.26223847 -0.08749622
 -0.27767658 -0.05347509 -0.04244175  0.2425946  -0.16295668 -0.16750453
 -0.07201637 -0.01356806  0.00751128  0.00834213  0.03067142  0.08426432
 -0.15894334 -0.34532174 -0.06617711 -0.04362068 -0.04352551 -0.07244099
 -0.06960213  0.06408577 -0.18148132 -0.03051716  0.08775989  0.11530124
 -0.0017492  -0.1377833   0.13353209  0.00090423 -0.26252922 -0.03750259
  0.12007717  0.28741217  0.19471139 -0.00837676  0.00340891 -0.15094148
  0.13971537 -0.20146851  0.00518581  0.10395906  0.03180856  0.05665043
  0.02431146 -0.13305584  0.01156542  0.13653454 -0.13565278 -0.08505971
  0.05772458 -0.04344901 -0.03287863 -0.18962789  0.22499502  0.11069603
 -0.1551061  -0.12311261  0.13108921 -0.11578319 -0.06619184  0.0083474
 -0.16457221 -0.17205267 -0.31843314 -0.02168591  0.35565203  0.11604165
 -0.18780054  0.05900328 -0.00538688  0.03525234  0.05154156  0.20324174
 -0.02671422  0.11940193 -0.04736292  0.02989884  0.22134064 -0.06353254
  0.03028718  0.2428342  -0.04464981  0.03350596  0.05134041  0.04147251
 -0.11020657  0.02591425 -0.17642705 -0.02791798  0.00257289  0.01018001
  0.05371193  0.1340111  -0.18877088  0.10698942  0.03605063  0.04637036
  0.06086218 -0.008753   -0.00203628 -0.10846736  0.09110385 -0.23714839
  0.11990865  0.1586366   0.02881644  0.09511099  0.08007511  0.08548646
 -0.01601368  0.01723182 -0.16640152  0.00645335  0.12286766 -0.06592837
  0.05591897 -0.01502728]