[-0.10732388  0.06317365  0.05317105 -0.04012294 -0.06495249 -0.06083797
  0.00592086 -0.17380731  0.18847512 -0.09548484  0.23313104 -0.06939279
 -0.18932609 -0.11098849 -0.04599125  0.24229209 -0.22811489 -0.16261788
 -0.01764202  0.04507709  0.11274301 -0.0259168   0.01095326  0.06547314
 -0.11679395 -0.35351163 -0.14678927 -0.07085124  0.04462431 -0.05204524
 -0.06650977  0.09246448 -0.18899707 -0.0631097   0.02150751  0.08275392
 -0.02840238 -0.14229995  0.13682549 -0.02146623 -0.28433651  0.0832216
  0.07735746  0.24004726  0.22386627  0.00491817  0.01545764 -0.14353707
  0.11895861 -0.1602149  -0.00071364  0.12050237  0.05431982  0.0769292
  0.04660307 -0.11121092  0.01156329  0.08149799 -0.16479431 -0.00122774
  0.07251686 -0.08255264  0.0272941  -0.10859884  0.14843066  0.09269981
 -0.08846257 -0.17584777  0.15170632 -0.1492749  -0.07232507  0.0436018
 -0.16849223 -0.20183361 -0.2650592  -0.02065378  0.35268515  0.10669666
 -0.18410869  0.10848017 -0.01084493 -0.00670552  0.13210854  0.20220123
  0.08728805  0.03209965 -0.10760596 -0.00496503  0.23732264 -0.09453588
  0.01003471  0.26248381 -0.03494799  0.01163308  0.01730359  0.0297803
 -0.0683447   0.08790459 -0.1450198  -0.04748777  0.03839034  0.02242366
 -0.01257467  0.0832186  -0.09889617  0.11496109  0.03570474  0.08195528
  0.01273947 -0.04819347 -0.06457283 -0.02509738  0.08048    -0.21655677
  0.2546362   0.14723508  0.00252461  0.08321762  0.06242585  0.08998281
 -0.00305457 -0.04889955 -0.18201594 -0.00661473  0.12099957 -0.02037883
  0.06854209 -0.0058995 ]