[-1.32016644e-01  8.68642703e-02  4.74062040e-02 -1.03241522e-02
 -8.41900334e-02 -5.18693216e-02  2.78600790e-02 -1.30012199e-01
  1.65042207e-01 -5.10914810e-02  2.32734397e-01 -6.66702688e-02
 -2.29155943e-01 -1.10737585e-01 -3.90971340e-02  2.41746187e-01
 -2.15433240e-01 -1.43068910e-01  1.14891939e-02  4.87143584e-02
  1.34056643e-01 -1.69514716e-02  4.46697278e-03  7.10373446e-02
 -1.32540837e-01 -3.56832713e-01 -1.08845912e-01 -7.10631907e-02
  3.28756459e-02 -7.55614489e-02 -8.08637813e-02  1.11519478e-01
 -1.72598168e-01 -6.53086677e-02  3.41110229e-02  8.42030421e-02
 -1.13946265e-02 -1.20146155e-01  1.59692749e-01 -1.82421915e-02
 -2.86307693e-01  2.79738009e-02  7.94720203e-02  2.48928189e-01
  2.02335224e-01  6.08541910e-03  3.08035053e-02 -1.15271226e-01
  8.95780176e-02 -1.51977047e-01 -3.09383031e-02  1.27052605e-01
  4.79992591e-02  5.84912859e-02  6.32183254e-03 -1.41633391e-01
  3.50447750e-04  6.78231046e-02 -1.86184570e-01 -2.65206154e-02
  6.10295236e-02 -1.14317201e-01  3.33383195e-02 -8.36650357e-02
  1.73672587e-01  5.78211807e-02 -7.85483345e-02 -1.73880816e-01
  1.73362300e-01 -1.54435784e-01 -6.10786676e-02  4.59441431e-02
 -1.54986367e-01 -2.02830791e-01 -2.64585227e-01 -1.98973194e-02
  3.52810532e-01  1.00385331e-01 -1.61409184e-01  1.29232332e-01
 -3.43082286e-02 -2.54230201e-02  1.24407448e-01  1.92846999e-01
  7.62603730e-02  5.65527640e-02 -1.14005804e-01 -3.95272765e-03
  2.38536343e-01 -8.55432451e-02  2.00247746e-02  2.38934204e-01
 -1.49800433e-02  1.34874871e-02  4.20523100e-02  1.47594782e-02
 -5.71705215e-02  9.06590745e-02 -1.17135182e-01 -3.43999080e-02
  1.80640873e-02 -3.94446068e-02  1.89655349e-02  1.00665204e-01
 -1.35499686e-01  8.91086087e-02  3.46434452e-02  7.18659014e-02
 -2.24511046e-03 -3.57548259e-02 -7.42220655e-02 -4.00446020e-02
  8.28299746e-02 -2.41527438e-01  2.43671298e-01  1.59986988e-01
 -3.86804948e-03  9.80201289e-02  6.10164776e-02  9.62857604e-02
  6.37936732e-03 -5.17260209e-02 -1.75695956e-01 -2.45011155e-03
  1.31495282e-01 -4.12659720e-02  8.44722614e-02 -3.34621232e-04]