[-9.81162190e-02  1.25381872e-01  6.94906339e-02 -2.52644010e-02
 -8.17164555e-02 -5.71008027e-02  5.14138537e-03 -1.53482109e-01
  1.49102449e-01 -3.29220109e-02  2.52671391e-01 -9.11920890e-02
 -3.21646482e-01 -3.62714641e-02 -1.00582801e-01  2.05136254e-01
 -1.74210533e-01 -1.58099741e-01 -9.03532654e-03  3.43115814e-02
  2.43544634e-02 -4.64350358e-02  2.67817620e-02  1.38036340e-01
 -6.77812919e-02 -3.47952873e-01 -7.31600672e-02 -7.34281614e-02
  2.78406441e-02 -6.37848973e-02 -6.11707345e-02  7.32053593e-02
 -1.66792825e-01 -2.32113246e-02  7.87197500e-02  7.88911507e-02
 -4.24040519e-02 -1.31744862e-01  2.21108228e-01 -3.56265381e-02
 -2.60630101e-01 -5.93318604e-02  7.55470023e-02  2.62036055e-01
  2.05430537e-01  1.07929269e-02 -1.21179974e-05 -1.34222046e-01
  7.77484924e-02 -2.50864655e-01  2.07195226e-02  1.88413322e-01
  5.80742247e-02  4.96764854e-02 -2.86201593e-02 -1.92571118e-01
  1.13547063e-02  1.33284092e-01 -2.09156975e-01 -4.49546687e-02
  6.67319745e-02 -1.22916043e-01 -2.91893426e-02 -8.91854987e-02
  2.21241593e-01  1.10256158e-01 -1.61150262e-01 -7.19697252e-02
  1.91398293e-01 -1.98009476e-01  1.30373118e-02  1.74655356e-02
 -1.28363445e-01 -2.13578448e-01 -2.48778924e-01  7.87417777e-03
  3.92110586e-01  1.56855747e-01 -1.27247870e-01  8.60826075e-02
 -6.40891120e-02  3.46652679e-02  3.84211242e-02  1.51666671e-01
 -6.75992519e-02  1.34158386e-02 -7.68874437e-02  4.61203931e-03
  1.56683683e-01 -4.29636724e-02  4.32844833e-02  2.31993720e-01
 -4.87384722e-02  7.88763072e-03  5.88697903e-02  3.22228186e-02
 -5.52127138e-02 -2.43617600e-04 -1.38548777e-01  1.63973877e-04
 -3.06635406e-02 -6.92850575e-02  5.27541749e-02  9.79467183e-02
 -2.27148324e-01  4.32050414e-02  3.49326320e-02 -1.01794852e-02
  7.58537278e-02 -3.14849876e-02 -3.13664787e-02 -1.06946729e-01
  1.29554302e-01 -2.79975384e-01  2.14521036e-01  1.53431818e-01
  4.88090143e-02  1.49113700e-01  5.85875995e-02  9.61444527e-02
  1.74301323e-02 -1.08843200e-01 -1.25165373e-01 -1.19921630e-02
  1.11990027e-01 -5.46844862e-02  6.73933029e-02 -3.34176384e-02]