[-0.08128395  0.12463435  0.10000663 -0.02395161 -0.1410629   0.02129979
 -0.00685728 -0.06792893  0.16253078 -0.06787162  0.25870895  0.00312392
 -0.24481206 -0.04718067  0.03384011  0.19881426 -0.1218707  -0.1620663
 -0.11056893  0.0149467  -0.00226681  0.07819878  0.05663916  0.08595083
 -0.1471357  -0.40401769 -0.05997172 -0.04877583  0.02032262 -0.10179895
 -0.10818111  0.10656086 -0.12666743 -0.03847792  0.11402795  0.08205928
 -0.07024076 -0.10558158  0.19098483  0.06157086 -0.27101359  0.00584509
  0.03182719  0.3038424   0.28167546 -0.00582251  0.04817982 -0.13906254
  0.15833917 -0.25005406  0.05335478  0.17415455  0.06601611  0.05584286
  0.06073055 -0.10551938 -0.03936031  0.13560091 -0.14375751 -0.01496851
  0.06742644 -0.05670464 -0.03448521 -0.1408426   0.16389707  0.09967541
 -0.15277299 -0.12940656  0.12078792 -0.16253717 -0.0813022   0.05269432
 -0.1952478  -0.19163091 -0.27548641  0.00974223  0.36575601  0.12907043
 -0.21339218 -0.0115974   0.00365128  0.03227726  0.03868394  0.17893556
 -0.08048001 -0.00898481 -0.05451284  0.03437066  0.23664978 -0.03473785
  0.01815214  0.28572932  0.00791593  0.03588775  0.07582206  0.07184952
 -0.06152944 -0.02356996 -0.16913259 -0.02778814 -0.0054246  -0.04902059
  0.02929431  0.14432274 -0.1894246   0.14657611 -0.02301425  0.06318002
  0.0790002  -0.02436104 -0.06964672 -0.1064505   0.12012298 -0.19267638
  0.12948768  0.16792841  0.02242785  0.07280076  0.06842183  0.08619288
 -0.02099904 -0.01276182 -0.13932824 -0.01219878  0.11481769 -0.0385773
  0.00872016 -0.04236205]