[-2.08318040e-01  5.61167672e-02  6.96584806e-02 -3.83159192e-03
 -9.55048054e-02 -7.20411241e-02 -3.21790278e-02 -1.32730559e-01
  1.86010480e-01 -4.54208665e-02  2.44067982e-01 -1.10654524e-02
 -1.38074085e-01 -1.29612848e-01  2.82956078e-03  1.79930314e-01
 -2.00482115e-01 -1.16289631e-01  4.40879172e-04  1.09991413e-02
  7.56078511e-02 -8.49901810e-02  3.52582708e-02  1.18224382e-01
 -1.23051003e-01 -3.85116667e-01 -9.67576280e-02 -1.42764047e-01
  6.87383115e-03 -5.69398962e-02 -5.99258728e-02  3.09921633e-02
 -2.05167413e-01 -6.95050955e-02 -4.41029333e-02  9.18687135e-02
 -6.64543221e-03 -7.88026601e-02  1.41672879e-01 -6.03193305e-02
 -2.33781368e-01 -8.19104072e-03 -6.69107446e-03  2.00395301e-01
  2.10149750e-01  1.08147645e-02  6.59948140e-02 -9.98675674e-02
  1.28919438e-01 -1.21296003e-01  1.34954071e-02  1.04592860e-01
  1.14200644e-01 -1.34956464e-03  6.41442388e-02 -1.29438192e-01
 -6.95989886e-03  8.35973844e-02 -1.64177790e-01 -1.76390018e-02
  7.79510383e-03 -4.50377688e-02  6.90194545e-03 -1.02014594e-01
  1.85901701e-01  1.12307467e-01 -7.22480044e-02 -1.06361978e-01
  1.50645599e-01 -1.03759743e-01 -5.25275245e-03  7.10479245e-02
 -1.48129255e-01 -2.59781748e-01 -2.88025796e-01  9.58223641e-03
  3.49357456e-01  1.03387155e-01 -2.26437196e-01  1.74073409e-02
 -8.46572593e-02 -1.04448600e-02  9.52872038e-02  1.18971422e-01
  2.37747561e-02  3.06915473e-02 -1.33619368e-01 -8.09485849e-04
  1.71487808e-01 -5.05602248e-02  3.26687358e-02  1.93653643e-01
 -1.03445919e-02 -2.03414317e-02  3.41801718e-03  5.10150455e-02
 -7.41753802e-02  1.02644704e-01 -9.64336172e-02 -1.65316444e-02
  4.49110232e-02 -1.38321528e-04  5.24405716e-03  1.76351089e-02
 -1.71751589e-01  6.15486205e-02  3.79196070e-02  2.85809878e-02
 -3.60764973e-02 -4.83370572e-02 -1.01045862e-01 -4.22734879e-02
  1.12397887e-01 -2.42521405e-01  2.05995843e-01  1.61143571e-01
 -4.46440913e-02  1.84777126e-01  4.39458294e-03  8.78435522e-02
 -6.39828444e-02 -7.18864053e-02 -1.27634376e-01  2.02942081e-02
  1.09064154e-01 -2.20607612e-02  6.90971538e-02  1.00513743e-02]