[-0.10034716  0.1382385   0.10188214 -0.02663505 -0.11840191  0.02005778
 -0.00575152 -0.07342853  0.14785306 -0.05866447  0.26448762  0.00669587
 -0.23787832 -0.06498793  0.02076536  0.21303561 -0.14172398 -0.13496976
 -0.11085321  0.00632539 -0.00592107  0.09155427  0.04325918  0.06132948
 -0.13283972 -0.38458732 -0.05386079 -0.05972979  0.01606187 -0.09328319
 -0.09968792  0.10515634 -0.11060154 -0.04647217  0.10939753  0.10057461
 -0.08157427 -0.10397501  0.18764213  0.04804858 -0.25896034  0.01985087
  0.04682192  0.31673461  0.28175429 -0.0143627   0.03827904 -0.14453009
  0.17036511 -0.24500468  0.0303248   0.15453377  0.06677917  0.06534883
  0.05022795 -0.10385808 -0.02662939  0.11342456 -0.14690201 -0.04053546
  0.06514682 -0.08173233 -0.03720571 -0.13271813  0.15272745  0.08165462
 -0.15066044 -0.11812624  0.12158791 -0.14665651 -0.07361173  0.05823183
 -0.18779083 -0.19052689 -0.2797249   0.01634944  0.37873814  0.12598924
 -0.19641386 -0.00372074 -0.00165302  0.01435705  0.05121017  0.1894125
 -0.06317629 -0.01130224 -0.05352318  0.04110623  0.23173963 -0.05706075
  0.0173828   0.26708096  0.01981581  0.04529377  0.06202884  0.06860519
 -0.0588792  -0.01191579 -0.16759951 -0.03015484  0.01067377 -0.05299811
  0.03708795  0.1382388  -0.18244435  0.15802316  0.00443291  0.06670792
  0.0897939  -0.04229719 -0.05172756 -0.08807606  0.12991488 -0.18150899
  0.13060941  0.17175326  0.01485064  0.08288465  0.08176767  0.08334357
 -0.03334172 -0.0194625  -0.1553891  -0.01347055  0.11567546 -0.02095292
  0.02320861 -0.04051806]