[-0.1121185   0.06996728  0.09487038  0.02247963 -0.02390752 -0.11296618
 -0.00199524 -0.10984726  0.10261863 -0.0275344   0.29616311 -0.02613069
 -0.18816327 -0.17283894  0.02201219  0.12242819 -0.1623188  -0.06751403
 -0.04405761 -0.02892338  0.06410161 -0.03269449  0.05627957  0.07153413
 -0.06487976 -0.34259722 -0.07600622 -0.17230241  0.05207163 -0.08915607
 -0.07510372  0.05389823 -0.14665495 -0.06609648 -0.06127119  0.04588966
  0.00777074 -0.05497203  0.20184603 -0.01525303 -0.16609254 -0.05506761
 -0.03018444  0.23087899  0.22833167 -0.00295727  0.04023822 -0.02016334
  0.09016244 -0.18846846 -0.00121261  0.10846682  0.1282991   0.00335534
  0.01067035 -0.14913563 -0.03351932  0.03052798 -0.16602714  0.04722693
 -0.00197066 -0.13366143 -0.07917619 -0.03295714  0.20661262  0.11475569
 -0.08577631 -0.08482264  0.13807742 -0.14896546 -0.0574831   0.03604746
 -0.18323213 -0.18761893 -0.29925251  0.04160517  0.32267869  0.06962541
 -0.22326688  0.03190225 -0.08499403  0.01461868  0.12203562  0.09108537
 -0.03663769  0.04326129 -0.13830069  0.01740397  0.15020405 -0.09239986
 -0.04116987  0.19122845 -0.067173    0.09048081  0.0398283  -0.01891044
  0.02852535  0.04517807 -0.12007844  0.02906381  0.12604611 -0.09455951
  0.00507582  0.028298   -0.14947692  0.00124877  0.04320637  0.02696146
  0.03985938 -0.05130916 -0.16684042 -0.05681735  0.18195273 -0.17595631
  0.25967237  0.21356297  0.00878294  0.1214359   0.0879942   0.05528695
 -0.0200202  -0.05168604 -0.13339381  0.01707393  0.11526456  0.00886533
  0.04652437 -0.01153053]