[-0.15603572  0.10133404  0.05256762 -0.05948839 -0.08473155 -0.07205328
 -0.02158113 -0.12555313  0.14678025 -0.03132112  0.25715828 -0.03908949
 -0.20748174 -0.1414278  -0.04899125  0.23405591 -0.20901942 -0.13283952
  0.01027642  0.06778756  0.09845386 -0.04957353  0.02322745  0.091491
 -0.15548219 -0.34152532 -0.10291141 -0.08567546 -0.04037957 -0.0693509
 -0.0278499   0.02996341 -0.24894734 -0.0460101   0.03822684  0.13861404
 -0.00564193 -0.11395123  0.17244126 -0.02545422 -0.27141914 -0.01985429
  0.04759458  0.2177991   0.17013751 -0.00447275  0.06567393 -0.1082384
  0.12323644 -0.14559399  0.02148177  0.1209958   0.0982218   0.01325634
 -0.01186218 -0.15583013  0.02803974  0.11362418 -0.15379341 -0.07552518
  0.0540485  -0.07811474 -0.00457771 -0.08256494  0.20456754  0.0673276
 -0.11836785 -0.16369317  0.16592567 -0.10703088  0.00214173  0.07559507
 -0.16979335 -0.21223557 -0.31853157 -0.00330903  0.35200462  0.0586592
 -0.18612063  0.05496226 -0.09997996  0.03170722  0.06526625  0.15756498
  0.07139222  0.0703047  -0.13056846  0.0188635   0.24319743 -0.11368898
  0.02723557  0.18329896 -0.02280437  0.00991661 -0.01975409 -0.00996203
 -0.04256671  0.09113886 -0.05031965  0.04614661  0.00869821 -0.00838609
 -0.01414344  0.10123437 -0.18590209  0.04209761  0.04504455  0.0140693
 -0.01892625 -0.04515229 -0.10860496 -0.10052726  0.09302144 -0.26474679
  0.25465497  0.17388205 -0.04387448  0.11538595  0.05758676  0.10650956
 -0.01144908 -0.05146516 -0.16612761 -0.00278226  0.11464734 -0.04260703
  0.08810748 -0.03305443]