[-0.10164861  0.07814787  0.06986997 -0.07669248 -0.06363909 -0.04127548
 -0.01737869 -0.14689112  0.21358974 -0.08232289  0.21678627 -0.09337379
 -0.20518684 -0.08354787 -0.05830462  0.25028476 -0.21991003 -0.1471449
  0.00426797  0.07075538  0.11589803 -0.02397624  0.02166211  0.04322641
 -0.10893548 -0.40186116 -0.18055175 -0.05724694  0.01732734 -0.05453103
 -0.04454211  0.08947811 -0.16123679 -0.05813992  0.03412833  0.06205331
 -0.02505354 -0.16005315  0.13362886 -0.01841242 -0.28382686  0.05706961
  0.06915624  0.22535005  0.22027738  0.01515713  0.04116762 -0.17099123
  0.1122088  -0.14060281 -0.00767187  0.1069422   0.01645838  0.09951051
  0.05171467 -0.10143057  0.02730137  0.08284476 -0.1675944  -0.02474119
  0.0548001  -0.08737785  0.02680939 -0.11561234  0.16124187  0.08827927
 -0.07894544 -0.21256636  0.18390876 -0.13403308 -0.04738079  0.0566084
 -0.17462729 -0.19364609 -0.24700868 -0.02498457  0.34771392  0.09492911
 -0.17118019  0.11018331 -0.01560175 -0.01558708  0.09245826  0.21966057
  0.08316477  0.04941164 -0.07505211 -0.01371646  0.24523409 -0.11296566
  0.01301316  0.26563215 -0.03623132  0.03178323  0.03352442  0.03317124
 -0.06362664  0.1035898  -0.13015774 -0.04315426  0.05094368  0.01187383
 -0.00608137  0.09625049 -0.1176056   0.13679688  0.02486747  0.07193281
  0.01172447 -0.04628661 -0.02917696 -0.033229    0.10967698 -0.23579815
  0.22788115  0.15151553  0.01353237  0.09677386  0.03149866  0.1195642
 -0.00462172 -0.04537948 -0.17720717  0.01666794  0.10620563 -0.00329067
  0.03862719 -0.00113397]