[-0.14790019  0.0864151   0.04189461 -0.04270059 -0.08511508 -0.03774713
  0.0056139  -0.14668091  0.16353285 -0.06145334  0.23511532 -0.08441444
 -0.19633162 -0.1263945  -0.04476058  0.23737061 -0.20941627 -0.15531231
  0.03978657  0.06827049  0.12835503 -0.05654044 -0.00312256  0.09980574
 -0.12785165 -0.34549198 -0.13110691 -0.09396881  0.02083061 -0.08598424
 -0.05534564  0.10174733 -0.18045752 -0.04413855  0.0098518   0.10149615
 -0.01574731 -0.13374907  0.1497501  -0.02855965 -0.27435657  0.01528186
  0.05880843  0.23730376  0.18473367 -0.01906929  0.04560379 -0.10778616
  0.09994692 -0.1487437  -0.01925194  0.11591258  0.05377838  0.06166896
  0.00963482 -0.12998407  0.02567737  0.07233623 -0.16591255 -0.00589181
  0.06564151 -0.11609668  0.02164601 -0.09244918  0.16907427  0.08823454
 -0.07441554 -0.18690328  0.17606288 -0.12884377 -0.05723913  0.07312021
 -0.16923703 -0.20333885 -0.26429853 -0.00555464  0.34287143  0.11270825
 -0.15854731  0.10182116 -0.03210765 -0.00196796  0.1025421   0.19541059
  0.07955054  0.04627624 -0.11622168  0.0076893   0.22984634 -0.08616386
  0.02219429  0.22324553 -0.03161617  0.01916207  0.01477219  0.01466732
 -0.03568969  0.10024571 -0.09180639 -0.01289262  0.02424231 -0.02216315
  0.00285179  0.10072348 -0.13203667  0.08416922  0.02764835  0.06507161
 -0.02062903 -0.0393635  -0.0741999  -0.0144737   0.09003208 -0.23563018
  0.24150185  0.15530181  0.01146632  0.08327304  0.06142938  0.09732021
  0.00060892 -0.07807007 -0.17872061  0.01096781  0.12604561 -0.03435454
  0.05408789 -0.00909588]