[-0.13107835  0.05460805  0.05224371 -0.0320321  -0.06584873 -0.08234765
  0.01110474 -0.1765198   0.17294197 -0.06950817  0.24030451 -0.06400164
 -0.18772599 -0.11420225 -0.05088307  0.24086109 -0.23780945 -0.15329866
 -0.02058118  0.04069018  0.11974256 -0.0302192   0.00638971  0.04905432
 -0.12137896 -0.36147439 -0.14118977 -0.07969566  0.03139195 -0.02989747
 -0.06319898  0.10698193 -0.18255191 -0.0693479   0.03785305  0.07512034
 -0.03480011 -0.11772948  0.1483013  -0.01778121 -0.27367392  0.05808055
  0.0869251   0.22982383  0.22439082  0.01344656  0.0415046  -0.14018358
  0.10318027 -0.14909068 -0.0049212   0.12134017  0.07147701  0.09051784
  0.04340878 -0.10844739  0.01888691  0.06590834 -0.17409375  0.00168942
  0.08969396 -0.11150644  0.00534896 -0.08711358  0.1480374   0.08476282
 -0.08495056 -0.17835076  0.1610869  -0.14637861 -0.08771999  0.0393487
 -0.16470192 -0.21455255 -0.28448272 -0.01841177  0.36402503  0.12146907
 -0.17945607  0.10572118 -0.00887446 -0.00716548  0.14541672  0.19625811
  0.06966936  0.04875254 -0.10815902 -0.00201896  0.21872225 -0.08875
 -0.00427132  0.2510168  -0.02693346  0.02211584  0.02387937  0.03467191
 -0.04646229  0.08830288 -0.12869553 -0.04798589  0.05681389  0.02478005
  0.01477881  0.07741691 -0.08092546  0.10526644  0.01924177  0.09119906
 -0.00798569 -0.05202337 -0.05838523 -0.02643048  0.06303483 -0.21626841
  0.2449934   0.15546134 -0.01173277  0.08877883  0.06258585  0.08140212
 -0.00447742 -0.05056784 -0.17947453 -0.00761362  0.11935379  0.00343094
  0.08594256  0.00175467]