[-1.61035582e-01  7.27836713e-02  4.75141965e-02 -2.78730225e-02
 -1.16226412e-01 -4.23667207e-02 -7.74880946e-02 -1.40780151e-01
  1.53952256e-01 -6.64378181e-02  2.49996334e-01 -5.97879291e-02
 -2.07633406e-01 -1.11495368e-01 -6.20282404e-02  2.39820555e-01
 -2.20984966e-01 -1.49634600e-01  5.01509495e-02  5.74920364e-02
  8.71952698e-02 -1.21810976e-02  3.69797908e-02  5.89800552e-02
 -1.53345019e-01 -3.64211261e-01 -1.17207602e-01 -7.25655854e-02
 -2.35926341e-02 -5.62258437e-02 -5.40055223e-02  1.66058820e-02
 -2.57166713e-01 -6.12455495e-02  6.17570691e-02  1.26960367e-01
 -1.57695841e-02 -9.96367335e-02  1.33202806e-01 -4.45341058e-02
 -2.77497143e-01  1.16862357e-05  7.60781094e-02  2.33612761e-01
  1.34480029e-01  2.69034654e-02  2.34139115e-02 -1.58586591e-01
  6.58290312e-02 -1.42428681e-01  4.00601588e-02  1.24088898e-01
  6.10559843e-02  1.80642530e-02 -1.70984883e-02 -1.49438620e-01
  2.40902975e-03  1.37593463e-01 -1.42715409e-01 -4.04792130e-02
  7.59614632e-02 -3.88499983e-02  1.10872136e-02 -1.27600133e-01
  2.26994082e-01  7.38677531e-02 -1.37113884e-01 -1.80961087e-01
  9.27235857e-02 -1.19511478e-01 -1.22958655e-02  7.46072829e-02
 -1.37286529e-01 -2.37546399e-01 -3.33282977e-01 -2.46165488e-02
  3.40074450e-01  3.89213674e-02 -1.77323297e-01  6.50963038e-02
 -4.10896949e-02  3.27522308e-03  6.67950585e-02  2.02464774e-01
  7.59875774e-02  8.85707214e-02 -9.30712521e-02  1.15517704e-02
  2.27309331e-01 -1.11367583e-01  4.97814864e-02  2.10353613e-01
 -4.32171598e-02  4.13667969e-03 -4.51656664e-03  5.45279384e-02
 -7.01243877e-02  7.02946261e-02 -6.99593052e-02  1.33829182e-02
 -7.21056340e-03 -2.17109406e-03 -9.56406724e-03  1.01892792e-01
 -1.74318105e-01  6.38894960e-02  2.99008619e-02  6.55133650e-03
  1.22189121e-02 -5.82678206e-02 -6.25407398e-02 -1.13574222e-01
  9.61960480e-02 -2.94369757e-01  2.31191382e-01  1.72434494e-01
 -7.80537119e-03  1.57124028e-01  4.96927947e-02  1.12565219e-01
 -3.50810699e-02 -2.28926986e-02 -1.81145966e-01  1.29071148e-02
  8.49035904e-02 -7.31236041e-02  7.50026330e-02 -2.19488088e-02]