[-0.05113503  0.06892269  0.04030357 -0.00405621 -0.00089615 -0.07703489
 -0.01069779 -0.118252    0.08659137 -0.02778626  0.29580265 -0.06499807
 -0.20610669 -0.13513498 -0.04681079  0.17205159 -0.16927041 -0.07404659
 -0.06619006  0.01132469  0.08033748 -0.05052203  0.06933016  0.03581114
 -0.06819572 -0.34423313 -0.08585835 -0.11453799  0.05704486 -0.07389049
 -0.09965488  0.05209839 -0.17412752 -0.07546286 -0.00865804  0.03701752
  0.00705857 -0.09695213  0.20854814  0.00825855 -0.17827448  0.01546939
  0.02118357  0.24606262  0.19387574  0.03377137  0.05736283 -0.09712317
  0.09389007 -0.17609416  0.04467544  0.0726679   0.09062933  0.03268006
  0.01334649 -0.15606602  0.00513251  0.0295182  -0.14255504  0.01943165
  0.03732685 -0.06701919 -0.02581558 -0.08750935  0.17911448  0.0713918
 -0.09286689 -0.10542683  0.08623188 -0.13050887 -0.0263462   0.01466571
 -0.15726091 -0.1713721  -0.35435477  0.02986738  0.32897383  0.09090679
 -0.19022812  0.03917931 -0.03308961 -0.00602437  0.15707357  0.10578396
 -0.03189457  0.06544193 -0.13186304  0.01119801  0.19266084 -0.10606537
 -0.06354555  0.176356   -0.08106901  0.06581689  0.02944547  0.04376591
 -0.0429946   0.05818317 -0.12132657  0.04733445  0.08757126 -0.07407611
 -0.00903117  0.06434374 -0.14123619 -0.00895509  0.00368448  0.01212013
  0.02864442 -0.04142321 -0.1624618  -0.06913877  0.11912477 -0.19485985
  0.20969701  0.21519728  0.03915038  0.09051955  0.12651674  0.06037854
 -0.01947551  0.0026593  -0.16126023 -0.01192017  0.1096796   0.04788536
  0.0766583  -0.00715289]