[-0.11689911  0.07691144  0.04296793 -0.03977422 -0.07200815 -0.0632055
  0.00578256 -0.14189649  0.19531052 -0.06987382  0.21520093 -0.09666019
 -0.21066992 -0.08682328 -0.04867722  0.26040903 -0.20817459 -0.13584369
  0.01287703  0.06089906  0.14595523 -0.02246373  0.027818    0.08117572
 -0.11341708 -0.38169029 -0.14405459 -0.07944523  0.00935883 -0.06232657
 -0.08669841  0.10011411 -0.17101389 -0.06775035  0.04114868  0.06915382
 -0.03392711 -0.14378159  0.14278571 -0.01792374 -0.28998634  0.0544351
  0.08187162  0.220089    0.21059421  0.02094006  0.04488569 -0.15651226
  0.10748549 -0.14123666 -0.007445    0.09746442  0.04835309  0.07224607
  0.03746714 -0.12247092  0.01825399  0.05755297 -0.16143475 -0.01963204
  0.08136421 -0.09295382  0.02197444 -0.10011798  0.17911498  0.07254672
 -0.07745028 -0.18208441  0.17600934 -0.14387773 -0.05711618  0.05520781
 -0.16604219 -0.21030211 -0.24667357 -0.01946729  0.36053345  0.10469574
 -0.16886587  0.11864938 -0.02098576  0.00242077  0.11801001  0.21583886
  0.0807968   0.04744923 -0.09587302 -0.01465715  0.24216047 -0.11044499
  0.00735508  0.25374994 -0.02090885  0.03932622  0.03075731  0.00897014
 -0.06152398  0.09402442 -0.12057085 -0.0396636   0.0260192  -0.00107831
 -0.0087234   0.09401634 -0.12551035  0.10037833  0.01506893  0.068587
  0.00173287 -0.02234672 -0.06455346 -0.040306    0.06570375 -0.23439594
  0.22469652  0.14695501  0.01636336  0.09533163  0.04135875  0.11373166
  0.01520975 -0.04219323 -0.19353786  0.01168538  0.15031253 -0.01101347
  0.06156296 -0.00513015]