[-1.30793348e-01  8.76992047e-02  7.75587931e-02 -2.87621059e-02
 -7.87154660e-02 -4.87817600e-02  3.71023789e-02 -1.24328949e-01
  1.60276085e-01 -5.35481535e-02  2.16706917e-01 -7.40520805e-02
 -2.09849939e-01 -8.95526335e-02 -1.92266926e-02  2.21594974e-01
 -1.74885377e-01 -1.49243221e-01  4.81216889e-03  4.92078885e-02
  1.32313326e-01 -3.57228704e-02 -4.59429389e-03  8.41688290e-02
 -1.23597026e-01 -3.18591416e-01 -1.05747782e-01 -6.11790530e-02
  1.58108305e-02 -7.65592828e-02 -7.90823847e-02  7.16149360e-02
 -1.89890072e-01 -5.54768816e-02  1.72572639e-02  7.71220997e-02
 -2.36932430e-02 -1.45796582e-01  1.58456013e-01 -2.47996487e-02
 -2.72393733e-01  4.85976115e-02  5.62546812e-02  2.22794637e-01
  1.95095286e-01 -3.27588408e-03  2.51115393e-02 -1.21189676e-01
  1.02704205e-01 -1.54077560e-01 -3.56926620e-02  1.36968270e-01
  4.17471416e-02  6.26489073e-02  6.64894003e-03 -1.35207444e-01
  3.28279808e-02  5.87229095e-02 -1.67806596e-01 -1.50191728e-02
  5.90623729e-02 -1.09693125e-01  3.84461991e-02 -9.93807912e-02
  1.63391948e-01  5.72983809e-02 -7.21232072e-02 -1.61968544e-01
  1.49682626e-01 -1.31931350e-01 -4.87106703e-02  6.01751506e-02
 -1.69154212e-01 -2.03482151e-01 -2.35913113e-01  2.25769216e-03
  3.55791658e-01  1.15362048e-01 -1.79107785e-01  1.13023102e-01
 -4.92769890e-02  4.63482365e-03  1.17722489e-01  1.85907751e-01
  7.40794018e-02  4.27197553e-02 -1.09618999e-01  6.38246629e-03
  2.39111617e-01 -8.49108025e-02  2.24581882e-02  2.35666260e-01
 -7.43324775e-03  1.47551475e-02  2.13900656e-02  1.57902017e-04
 -4.44432795e-02  9.34369192e-02 -9.49241295e-02 -1.74391456e-02
  1.97543073e-02 -3.88062298e-02  1.70338172e-02  1.04174890e-01
 -1.59523562e-01  8.86205211e-02  2.85879616e-02  6.39228076e-02
 -8.10727663e-03 -2.45043579e-02 -6.40674606e-02 -2.57550310e-02
  6.91889524e-02 -2.38112524e-01  2.39675075e-01  1.65313661e-01
 -9.63035692e-03  7.96520710e-02  4.41951416e-02  1.05919860e-01
  3.74550745e-03 -3.55428644e-02 -1.59573466e-01  2.69125635e-03
  1.26038656e-01 -2.07256619e-02  8.20084438e-02  2.65115872e-03]