[-1.18850209e-01  6.08140193e-02  7.16916695e-02 -2.95298155e-02
 -6.77338913e-02 -8.94262716e-02  7.92184845e-04 -1.46341488e-01
  1.83642656e-01 -5.92261553e-02  2.05693603e-01 -7.46627003e-02
 -2.04251513e-01 -1.09602027e-01 -4.16237377e-02  2.57095873e-01
 -2.10593298e-01 -1.49189055e-01 -1.59825552e-02  4.46402952e-02
  1.33713171e-01 -5.86550217e-03  5.32772765e-03  5.18635400e-02
 -1.27368763e-01 -3.75210166e-01 -1.24253802e-01 -5.50512038e-02
  1.09114191e-02 -4.98645417e-02 -8.51243883e-02  1.17043152e-01
 -1.85856089e-01 -7.63552114e-02  5.54313548e-02  9.25643966e-02
 -4.01326232e-02 -1.24550797e-01  1.51532918e-01 -1.42109096e-02
 -2.93702602e-01  5.06636165e-02  9.93644521e-02  2.21156389e-01
  2.39322588e-01  2.86232233e-02  4.34971713e-02 -1.41680881e-01
  1.24290697e-01 -1.44163683e-01 -2.83121746e-02  1.26902416e-01
  6.03420921e-02  9.56591219e-02  3.68306823e-02 -1.22890964e-01
  1.67570803e-02  6.52339458e-02 -1.67372793e-01 -2.11260729e-02
  7.88125098e-02 -1.37376741e-01  7.53164990e-03 -8.94769132e-02
  1.61937162e-01  4.60344367e-02 -8.07422996e-02 -1.72390923e-01
  1.69735387e-01 -1.53785527e-01 -7.56168514e-02  3.93098854e-02
 -1.63003534e-01 -2.03813076e-01 -2.81653076e-01 -3.21933404e-02
  3.48868459e-01  9.94463861e-02 -1.86470136e-01  1.28958151e-01
  9.34738142e-04  5.44930156e-03  1.33684069e-01  2.12230042e-01
  7.78785571e-02  6.56318218e-02 -9.45451781e-02 -1.40568707e-02
  2.46980458e-01 -9.76356193e-02  1.75767895e-02  2.39633247e-01
 -1.00932140e-02  4.03234214e-02  3.01373731e-02  6.58117607e-03
 -4.76279035e-02  8.21544155e-02 -1.29353121e-01 -4.06745635e-02
  4.23180386e-02  7.00274110e-03  1.71301197e-02  7.90490657e-02
 -1.07032299e-01  1.15291856e-01  2.91774329e-02  8.82070884e-02
 -7.58188823e-03 -4.06552069e-02 -5.87012544e-02 -4.03877720e-02
  6.26231357e-02 -2.23197564e-01  2.47447133e-01  1.62066966e-01
 -1.35003245e-02  9.89441201e-02  5.11066578e-02  1.08233646e-01
 -2.07151854e-04 -3.27915922e-02 -1.67871997e-01 -1.10410573e-02
  1.36857048e-01 -1.20280462e-03  9.59336683e-02  1.09426305e-03]