[-0.11717599  0.08371867  0.07558539 -0.05027825 -0.07931703 -0.01992534
 -0.00613956 -0.16703856  0.1940922  -0.07891843  0.23661692 -0.0951509
 -0.20644109 -0.09255011 -0.04143932  0.25561404 -0.20662165 -0.14561701
  0.01357846  0.05173589  0.11144725 -0.04011094  0.02540551  0.06073768
 -0.12093341 -0.37489119 -0.15504603 -0.07526224  0.0258489  -0.05530077
 -0.0859025   0.09277313 -0.16549182 -0.05670211  0.00999766  0.07973849
 -0.03738207 -0.14510895  0.1295111  -0.03206354 -0.2754963   0.06573829
  0.06471279  0.22537911  0.21977317  0.00337748  0.03708415 -0.13787569
  0.09398954 -0.14936481 -0.00939978  0.11479862  0.04388844  0.07539002
  0.02985049 -0.10960474  0.01072573  0.07156308 -0.16077183 -0.00082033
  0.07302397 -0.08860322  0.02227738 -0.10960817  0.15715967  0.10018858
 -0.08071964 -0.18538816  0.15348697 -0.12065163 -0.05057509  0.04990936
 -0.19761825 -0.21903686 -0.24763158 -0.01113298  0.35605904  0.10716399
 -0.18253012  0.09735852 -0.00958451 -0.00569682  0.10959043  0.21432702
  0.09477933  0.03310785 -0.10225619  0.00570977  0.2184495  -0.12533246
  0.01828067  0.26952383 -0.03266091  0.03117857  0.00798715  0.0475021
 -0.0616329   0.10641084 -0.12851217 -0.04918608  0.04590771  0.01854298
  0.00317921  0.08751389 -0.11289845  0.12623625  0.02490458  0.08767909
  0.00975209 -0.05311069 -0.04028594 -0.02497605  0.1057596  -0.21616557
  0.21111095  0.1646685  -0.0016379   0.08569585  0.05092594  0.10450845
  0.00961332 -0.04227872 -0.18761086  0.02167981  0.11512768 -0.02502866
  0.04378441  0.00929223]