[-0.09561308  0.12294586  0.11291273 -0.03856746 -0.12723553  0.00490396
 -0.00413961 -0.06894137  0.14391451 -0.06712812  0.25832218 -0.0129301
 -0.25870275 -0.04819661  0.01130794  0.21512854 -0.14364135 -0.14011741
 -0.09735132  0.00949366 -0.00377002  0.08473474  0.0450781   0.05978391
 -0.12574452 -0.39628458 -0.05427667 -0.04722242  0.00133958 -0.09074848
 -0.09346437  0.11607625 -0.11322085 -0.03556011  0.1096279   0.09470246
 -0.07415573 -0.11896396  0.19095434  0.05224464 -0.26813492 -0.00614617
  0.03888103  0.31140694  0.27547836 -0.01872682  0.03333841 -0.14233212
  0.17223446 -0.25164843  0.02383242  0.15562956  0.05745346  0.05165286
  0.04377285 -0.10005009 -0.02780267  0.11615459 -0.14835386 -0.0495905
  0.06406306 -0.08677024 -0.03513372 -0.14861093  0.1524791   0.08384027
 -0.15350573 -0.11070775  0.12476188 -0.15416816 -0.06982645  0.04434105
 -0.18747512 -0.18967095 -0.27339119  0.00106677  0.35917172  0.11773502
 -0.19454014 -0.00912463  0.00824277  0.02133402  0.05621395  0.19618309
 -0.06541853  0.00631642 -0.05063058  0.03576047  0.23631254 -0.06784615
  0.01234069  0.27132115  0.00589255  0.04693775  0.07159852  0.06004019
 -0.05414733 -0.01255201 -0.17484634 -0.0192996   0.00965679 -0.06103242
  0.02899157  0.13705494 -0.18016307  0.13900761 -0.0025149   0.06096535
  0.08545081 -0.05418219 -0.05791014 -0.10167862  0.1282129  -0.17354104
  0.12048282  0.17378081  0.01282759  0.08720545  0.07808113  0.07831416
 -0.03045399 -0.02464082 -0.14560407 -0.01110341  0.12424594 -0.01204733
  0.0212053  -0.05240722]