[-1.44345567e-01  5.12964688e-02  4.67264317e-02 -3.64952795e-02
 -8.98584723e-02 -6.84825107e-02  3.74743337e-04 -1.70353159e-01
  1.67566776e-01 -9.83708575e-02  2.25352675e-01 -6.68227151e-02
 -2.08889470e-01 -8.57368782e-02 -5.50317168e-02  2.35036880e-01
 -2.14708731e-01 -1.56732365e-01 -1.52281707e-03  1.58955958e-02
  1.32099941e-01 -6.42358372e-03  1.96415614e-02  5.61195724e-02
 -1.41860843e-01 -3.39380473e-01 -1.19387113e-01 -8.41242224e-02
  3.69361825e-02 -2.72738282e-02 -8.13827813e-02  9.60670635e-02
 -1.46527722e-01 -5.22504821e-02  4.73295860e-02  9.88797173e-02
 -1.06423246e-02 -1.32091567e-01  1.73995912e-01  6.45368546e-03
 -2.98104376e-01  8.39009434e-02  7.39481822e-02  2.47480795e-01
  1.88144296e-01 -6.87322055e-04  1.84413902e-02 -1.53100103e-01
  1.17043674e-01 -1.58909842e-01  5.59779292e-04  1.23826101e-01
  5.32601289e-02  7.10256323e-02  5.35124913e-02 -1.04539052e-01
  4.05852720e-02  7.26726353e-02 -1.99880406e-01 -3.33795063e-02
  8.80755037e-02 -9.37784463e-02  5.51808290e-02 -1.10651851e-01
  1.52098432e-01  9.24291909e-02 -6.85894415e-02 -1.41438231e-01
  1.50639698e-01 -1.48272902e-01 -8.74200091e-02  5.48942573e-02
 -1.47073433e-01 -1.98232010e-01 -2.33601362e-01 -1.77544188e-02
  3.75229925e-01  1.49641469e-01 -1.63779587e-01  1.07842840e-01
 -1.75651128e-03 -4.29000221e-02  1.59621343e-01  1.91721484e-01
  6.79379106e-02  5.03358319e-02 -7.68737718e-02 -1.15706511e-02
  2.34652475e-01 -7.88067579e-02  1.66024230e-02  2.66170681e-01
  1.65785458e-02  2.34028026e-02  5.50008677e-02  2.10566949e-02
 -7.15186074e-02  7.27358088e-02 -1.23101436e-01 -4.95514981e-02
  1.19846147e-02 -1.81776341e-02  3.06428261e-02  6.37170970e-02
 -1.38565764e-01  1.05113976e-01  1.89510491e-02  3.96998525e-02
 -1.01827998e-02 -3.28083411e-02 -2.20847186e-02 -1.48804430e-02
  6.15317002e-02 -2.34210566e-01  2.24105075e-01  1.59884870e-01
  1.91793293e-02  1.14094935e-01  4.97601032e-02  6.54897243e-02
 -1.07798250e-02 -5.32968231e-02 -1.59521207e-01 -2.10777931e-02
  1.28046304e-01 -2.04562787e-02  9.51009244e-02  9.21602082e-03]