[-0.12166077  0.06518966  0.04717964 -0.02918056 -0.08512236 -0.06306332
  0.02212808 -0.14457639  0.17683278 -0.06783365  0.21901944 -0.05798248
 -0.1959718  -0.12823005 -0.02926146  0.22996645 -0.21355656 -0.12865613
  0.01608243  0.05388283  0.12489169 -0.01974333  0.02762567  0.07764731
 -0.11266702 -0.35902694 -0.13545148 -0.08349936  0.0068234  -0.06402947
 -0.0695404   0.11721345 -0.16333735 -0.07290568  0.02067294  0.07834452
 -0.02302697 -0.10718016  0.14501728 -0.00823551 -0.26271078  0.02823885
  0.07243545  0.24222259  0.19378506  0.01704624  0.03137554 -0.12257854
  0.12138603 -0.15033996  0.00063158  0.11213368  0.04080643  0.06716445
  0.04204063 -0.11332796  0.02370025  0.0620338  -0.17247912  0.00852633
  0.07458907 -0.09589193  0.02416986 -0.0928626   0.16240864  0.07797248
 -0.07236185 -0.16974287  0.14774489 -0.14010611 -0.08098248  0.0523199
 -0.16613151 -0.20380831 -0.25688869 -0.01656905  0.35950932  0.11701011
 -0.17041151  0.08378914 -0.03191493 -0.03005192  0.1376221   0.19278988
  0.08290089  0.04298413 -0.1155466  -0.00442309  0.21954237 -0.08590397
  0.00757807  0.25857458 -0.01527984  0.03740519  0.02319094  0.01793906
 -0.05932747  0.11180203 -0.1275613  -0.03618291  0.04256597 -0.024847
  0.00600626  0.08132557 -0.11650371  0.11045096  0.03162993  0.08265032
 -0.00289253 -0.03779624 -0.09415877 -0.02470644  0.07800624 -0.21637385
  0.24264875  0.14378645  0.00189676  0.0933061   0.04595137  0.10696235
 -0.00864842 -0.06746108 -0.16656375  0.00398289  0.13450979 -0.01770618
  0.06965687 -0.00084115]