[-0.14931594  0.10274736  0.04725011 -0.03772644 -0.11340516 -0.06203666
 -0.02634876 -0.15836731  0.15784013 -0.07358563  0.25117561 -0.08083933
 -0.21324258 -0.12802693 -0.08845024  0.26878396 -0.2236059  -0.14164677
  0.00780206  0.0305788   0.11327314 -0.00081998  0.01143721  0.0907984
 -0.10742453 -0.34153557 -0.0947601  -0.08760712 -0.02792855 -0.06528688
 -0.04433703  0.10241661 -0.18504293 -0.05631271  0.03122258  0.08459236
 -0.00922821 -0.10323884  0.15790772 -0.05064812 -0.2666975  -0.00623559
  0.11022645  0.2237511   0.1788006  -0.0095143   0.02261686 -0.14400268
  0.09052419 -0.13037749 -0.03919153  0.13049005  0.04158698  0.04095095
  0.01595534 -0.14318427  0.01139681  0.07052919 -0.11380642 -0.05405947
  0.06609849 -0.11035603 -0.00597212 -0.11889714  0.20382591  0.04635688
 -0.0796833  -0.19018202  0.17382447 -0.1442153  -0.09594743  0.04715293
 -0.15491708 -0.17798303 -0.3224124  -0.06522544  0.31208614  0.08290588
 -0.18451597  0.11576463 -0.04502751  0.00124732  0.09840462  0.18977457
  0.07547878  0.06148316 -0.11800561 -0.03096611  0.23200507 -0.09612403
  0.03182509  0.23635864 -0.00560538  0.01816987  0.03050487 -0.01787111
 -0.04764522  0.06814384 -0.125338   -0.00213735 -0.00151774 -0.01226304
 -0.01069895  0.09625777 -0.1467111   0.05446196  0.03291721  0.06523909
 -0.01699169 -0.02859048 -0.09438199 -0.06512277  0.11488634 -0.20733026
  0.22706385  0.14657226  0.02419478  0.10608746  0.10006646  0.11554189
 -0.03760879 -0.05368588 -0.1859086   0.00051291  0.12599586 -0.07036608
  0.06323364  0.01066738]