[-0.11266315  0.14657883  0.07842363 -0.03923988 -0.08926158 -0.04529997
 -0.00090726 -0.15163521  0.12151235 -0.04546718  0.2585195  -0.07180359
 -0.30366465 -0.08307139 -0.08707024  0.19595391 -0.18299218 -0.17992108
 -0.00612323  0.009321    0.02535559 -0.02573636  0.02096915  0.12131899
 -0.08765095 -0.35349074 -0.04389515 -0.0602554   0.0082733  -0.04327887
 -0.05167172  0.08896212 -0.17813955 -0.01952906  0.08203736  0.1169247
 -0.03713485 -0.10514756  0.22227998 -0.02715918 -0.25146672 -0.04013194
  0.07215293  0.27757826  0.22096217  0.00660215 -0.00234177 -0.110866
  0.11424007 -0.23495178  0.00904594  0.20985937  0.05611249  0.03099755
 -0.01620809 -0.16903865  0.0123537   0.12736431 -0.21864556 -0.07799663
  0.04645739 -0.16583048 -0.02873705 -0.11363333  0.2124031   0.09935706
 -0.14051948 -0.0908349   0.19372307 -0.17941706 -0.0118486   0.03791852
 -0.13951993 -0.18674234 -0.25314131  0.01702409  0.38118467  0.15863737
 -0.11759444  0.10304957 -0.03198484  0.02802228  0.05876085  0.1623234
 -0.04745276  0.02383763 -0.078072    0.01931478  0.15001443 -0.03070849
  0.00724496  0.20672004 -0.04911289  0.0216086   0.07678928  0.00870417
 -0.0571416   0.01435371 -0.14337747  0.00282723 -0.03098456 -0.06184941
  0.05392711  0.08171529 -0.19239715  0.04093744  0.01111025  0.00915811
  0.0383044  -0.06502061 -0.01819286 -0.07381505  0.10912353 -0.28726923
  0.22970586  0.13698153  0.01454756  0.16055484  0.07389937  0.07219794
  0.00625896 -0.10920628 -0.12679736 -0.04068521  0.12265581 -0.05389893
  0.12444868 -0.04094142]