[-4.85282093e-02  9.44240615e-02  8.95353109e-02 -1.52267935e-02
 -5.44875935e-02 -9.23170969e-02 -7.13774413e-02 -9.12188813e-02
  6.70426935e-02 -1.34701384e-02  2.83550709e-01 -5.53756952e-02
 -1.82994276e-01 -1.46883920e-01 -1.11478893e-02  1.31567761e-01
 -1.29831582e-01 -8.41813907e-02 -8.01463649e-02 -1.97422393e-02
  3.15773487e-02  1.06705632e-03  8.61353278e-02  1.45345004e-02
 -6.26544282e-02 -3.96337062e-01 -1.23820938e-01 -9.07372534e-02
  9.87473279e-02 -7.46263489e-02 -7.83460289e-02  4.22951058e-02
 -1.56744093e-01 -8.69364664e-02  2.11044382e-02  7.07065389e-02
 -4.71704714e-02 -1.03105120e-01  1.78131759e-01  4.43856232e-02
 -1.55357614e-01 -1.93511252e-03 -2.34907344e-02  2.70379364e-01
  2.51712650e-01  7.35645071e-02  9.20999199e-02 -7.35241696e-02
  9.58671123e-02 -1.87164575e-01  6.86087832e-02  1.37942582e-01
  1.02964878e-01  8.97300709e-03  9.96703878e-02 -7.88103417e-02
 -9.01747961e-03  9.27039832e-02 -1.72923639e-01  1.92610156e-02
  5.75737422e-03 -4.71937694e-02 -3.08218133e-02 -1.12470739e-01
  1.88124388e-01  1.06602900e-01 -8.81764069e-02 -8.34512338e-02
  1.69700474e-01 -1.52936399e-01 -6.36855289e-02  3.23858336e-02
 -1.55542791e-01 -1.70026109e-01 -3.36146683e-01  3.03751230e-02
  3.65897417e-01  1.36373535e-01 -2.08402202e-01  2.24256814e-02
  1.65067241e-02 -1.38608338e-02  1.25686973e-01  1.34178326e-01
 -6.69892281e-02  4.49814349e-02 -1.17514111e-01  1.31845474e-04
  1.76188573e-01 -9.03632864e-02 -6.62233457e-02  1.75291598e-01
 -5.13387397e-02  8.10957924e-02  6.62127659e-02  1.09154694e-02
 -3.52318548e-02 -4.37691808e-04 -1.35708675e-01 -1.05191926e-02
  8.27326998e-02 -4.96654771e-02 -2.57652458e-02  7.71294385e-02
 -7.84136578e-02  3.97685394e-02  8.68236675e-05 -8.44631623e-03
 -1.35181351e-02 -6.67162314e-02 -9.22368467e-02 -7.35726058e-02
  1.35587737e-01 -1.94729611e-01  1.75749093e-01  2.06484005e-01
 -1.52681349e-02  1.04165934e-01  9.24958140e-02  6.47448525e-02
 -7.06061954e-03 -4.31280546e-02 -1.13945484e-01 -6.29185960e-02
  4.86327298e-02  3.34066339e-02  5.29545061e-02 -1.34750251e-02]