[-0.05989296  0.16175523  0.06468604 -0.05381335 -0.08221408 -0.03288915
  0.01642065 -0.15295155  0.13167533 -0.03393797  0.25757337 -0.05048512
 -0.28570041 -0.06772166 -0.0099879   0.20989732 -0.15966529 -0.17818446
 -0.09335055  0.01672619 -0.00043182  0.06610064  0.01283026  0.06544093
 -0.11933809 -0.31643426 -0.04486903 -0.06684116 -0.02174128 -0.04945723
 -0.07928761  0.08645691 -0.15505889 -0.05123329  0.13648631  0.08779452
 -0.08643159 -0.10115893  0.20647302  0.03512023 -0.26698396 -0.02136788
  0.07921174  0.2918705   0.24873646 -0.01398298 -0.01323523 -0.15136334
  0.123664   -0.22719036  0.01312137  0.15188201  0.04919959  0.08207431
  0.02916141 -0.13802934  0.00608616  0.12029289 -0.20324619 -0.11867169
  0.09181719 -0.14971654 -0.04084399 -0.15108079  0.2060643   0.0702595
 -0.13263141 -0.10414     0.1405988  -0.14937715 -0.08511692  0.04140602
 -0.1309161  -0.15206337 -0.28816536 -0.01911343  0.35791874  0.13234304
 -0.16228914  0.0523354  -0.01977169  0.01926802  0.08324889  0.13115492
 -0.02541473  0.03767807 -0.05183753  0.00908374  0.20112784 -0.07330461
  0.02706803  0.22096995 -0.03749692  0.03627811  0.07384201 -0.00056626
 -0.04879797  0.00477104 -0.16492721 -0.01011586 -0.04704552 -0.02902388
  0.05778893  0.12563039 -0.18411914  0.09302411  0.04495903  0.02316176
  0.0399286  -0.07886874 -0.01112091 -0.08817189  0.10149504 -0.26708838
  0.17559604  0.12181301 -0.00102334  0.09537354  0.04707392  0.04963882
 -0.05571867 -0.06026081 -0.19534741 -0.0211549   0.15288991 -0.00832688
  0.09313142 -0.0324396 ]