[-0.15604061  0.10502019  0.05977848 -0.05144374 -0.08174567 -0.07113629
 -0.01739165 -0.11394783  0.15211694 -0.02807331  0.2545433  -0.0340866
 -0.20622869 -0.1452786  -0.0444135   0.22943    -0.20271857 -0.13434064
  0.00937569  0.06382197  0.10341778 -0.0484285   0.01523815  0.08867048
 -0.15039934 -0.34179401 -0.09881132 -0.08441472 -0.03471193 -0.07407449
 -0.02484928  0.01982466 -0.25060722 -0.05442051  0.03243138  0.12952143
 -0.02060537 -0.11608119  0.17311762 -0.03343726 -0.26403996 -0.02806657
  0.04901665  0.21770647  0.16672155 -0.00103673  0.07193113 -0.10090231
  0.12075364 -0.14736995  0.01600196  0.12341809  0.10233644  0.02723746
 -0.00596866 -0.15009753  0.02724826  0.10639968 -0.15284221 -0.06918797
  0.04753214 -0.07514724 -0.00648871 -0.0790797   0.20792952  0.05757407
 -0.11699084 -0.1611013   0.15993023 -0.11305555 -0.00560183  0.07786943
 -0.16202389 -0.21247366 -0.32106224  0.00293696  0.35801837  0.05872063
 -0.18101689  0.05858298 -0.09047477  0.02485666  0.05967742  0.15636829
  0.0591986   0.08228195 -0.12458173  0.02580469  0.24395557 -0.10834166
  0.0208612   0.17380045 -0.01818703  0.00848268 -0.01563545 -0.00812481
 -0.0299267   0.08868898 -0.04788051  0.04909678  0.0215076  -0.01246415
 -0.01275651  0.09275762 -0.18124583  0.04962805  0.04678711  0.01423232
 -0.02616052 -0.03983213 -0.12099536 -0.09111532  0.09286734 -0.2640906
  0.25941512  0.1721098  -0.04387326  0.11500829  0.05496733  0.10315122
 -0.01102655 -0.05060784 -0.15299194 -0.01349496  0.1150759  -0.03714592
  0.10007428 -0.03240206]