[-7.01957569e-02  4.08651195e-02  7.18303472e-02  2.32994999e-03
 -3.07630394e-02 -1.08282737e-01 -5.63741587e-02 -1.06990390e-01
  8.10942724e-02 -3.92537601e-02  2.85563141e-01 -5.60735837e-02
 -1.78153634e-01 -1.43284842e-01 -3.05984411e-02  1.56737030e-01
 -1.52489692e-01 -8.58615562e-02 -8.50751624e-02 -4.50432440e-03
  3.37498561e-02  8.47873557e-03  6.91371486e-02  4.41044532e-02
 -2.91115027e-02 -3.93604547e-01 -1.15995429e-01 -1.10001229e-01
  9.11505893e-02 -8.84542465e-02 -1.06012955e-01  4.88214605e-02
 -1.30530447e-01 -8.31082091e-02  3.90540734e-02  6.50459602e-02
 -2.34026145e-02 -8.50093886e-02  1.89343691e-01  5.92170320e-02
 -1.68798640e-01  3.31347957e-02 -1.67655051e-02  2.76588440e-01
  2.64412969e-01  9.94358286e-02  5.77933788e-02 -9.35402662e-02
  1.20245174e-01 -1.83072686e-01  6.72636926e-02  1.21361032e-01
  1.11340716e-01  5.98456291e-03  1.01537623e-01 -1.07557654e-01
 -2.72011403e-02  4.41711769e-02 -1.38287321e-01  2.80311704e-02
  2.35865694e-02 -7.22001195e-02 -1.24796694e-02 -1.02993727e-01
  1.52878612e-01  6.25237972e-02 -8.60197470e-02 -6.39119670e-02
  1.50880352e-01 -1.48769468e-01 -6.17806688e-02  1.36305438e-02
 -1.64485708e-01 -1.66155830e-01 -3.17547828e-01  2.15299223e-02
  3.74627560e-01  1.31026730e-01 -1.85917497e-01  3.87781933e-02
  1.36315105e-02 -9.71622020e-03  1.23816133e-01  1.23689346e-01
 -5.18675111e-02  1.90827791e-02 -1.07858896e-01  2.07841775e-04
  1.58238560e-01 -7.33705536e-02 -4.80373017e-02  1.62147626e-01
 -8.88696536e-02  8.33894983e-02  5.52563481e-02  7.91361462e-03
 -3.70854028e-02  1.83876492e-02 -1.16018929e-01 -2.14695670e-02
  8.53280649e-02 -4.58985046e-02  1.66097973e-02  5.16206808e-02
 -1.03549004e-01  2.65558958e-02 -1.04026077e-02  1.32644102e-02
  1.91837139e-02 -2.85365526e-02 -1.09609246e-01 -3.73010635e-02
  1.20245114e-01 -1.86492667e-01  2.13958308e-01  2.08097443e-01
  1.48525182e-02  9.90225077e-02  8.33280832e-02  5.83032183e-02
 -2.57554241e-02 -2.81864889e-02 -1.26750737e-01 -6.45207912e-02
  5.69201969e-02  6.41753450e-02  8.11774731e-02 -9.21586622e-03]