[-0.0847092   0.16310449  0.09249153 -0.01916949 -0.05661789 -0.04245766
 -0.03775487 -0.14146627  0.15608881 -0.06767777  0.3112298  -0.05877746
 -0.27748266 -0.09333711 -0.05435721  0.19301566 -0.19318229 -0.13459222
 -0.04337184  0.00108078  0.05214138  0.02251164 -0.01395596  0.02770073
 -0.07958948 -0.30035689 -0.08797967 -0.07363461  0.05205923 -0.07356121
 -0.05645198  0.02868737 -0.18970554 -0.06904101  0.05496007  0.04313781
 -0.03256864 -0.08873114  0.15602303 -0.03684798 -0.26227853 -0.05565853
  0.03861743  0.23679653  0.21927266  0.00957651 -0.03500875 -0.13791044
  0.0611026  -0.19618225 -0.00050816  0.17173432  0.08246525  0.07835638
 -0.02064389 -0.18245929 -0.01648351  0.09960528 -0.1582744  -0.06157523
  0.08412124 -0.13270195 -0.02096125 -0.07425594  0.17399481  0.07367562
 -0.11853126 -0.17968136  0.17623869 -0.17364    -0.03802609  0.08518355
 -0.12453325 -0.18469553 -0.30198124 -0.00124094  0.40449286  0.10864928
 -0.15626223  0.04515533 -0.06952122  0.01423951  0.07789224  0.12749411
 -0.02175718  0.03206141 -0.08744659 -0.0083447   0.18626961 -0.08820918
  0.00103868  0.21891712 -0.0667398   0.04002004  0.04855701  0.03037784
 -0.01967176  0.03552151 -0.1115865  -0.00423079  0.00621933 -0.06686333
  0.02806783  0.13952895 -0.14434838  0.07075215  0.05061122  0.05103263
  0.05763592 -0.0115817  -0.03757948 -0.11375164  0.15578793 -0.24225233
  0.22301431  0.16648774  0.01679883  0.11399571  0.08442339  0.12512313
 -0.02328317 -0.0855252  -0.17366813 -0.03182838  0.06030169 -0.03387507
  0.05519907 -0.02766068]