[-0.07255846  0.15017642  0.05175821 -0.04687436 -0.08011971 -0.03747662
 -0.00040556 -0.15772508  0.14880419 -0.03554636  0.26681209 -0.09191967
 -0.29842955 -0.0882745  -0.05214566  0.22810844 -0.18963325 -0.19914627
 -0.05527244  0.05026476  0.02387167  0.00092716  0.00842922  0.11055341
 -0.10610539 -0.3541494  -0.08146551 -0.05773449  0.01582009 -0.08404764
 -0.06279358  0.06494933 -0.18951128 -0.03510022  0.09388057  0.06293202
 -0.03032649 -0.14542091  0.21554743 -0.03351967 -0.30657548 -0.05059209
  0.09703095  0.24974887  0.21085171 -0.01841051 -0.01867286 -0.11560368
  0.06272992 -0.20430203  0.01156764  0.18242654  0.03529194  0.05740246
 -0.04599544 -0.16348612  0.00129619  0.11641524 -0.1988921  -0.09968438
  0.0677125  -0.15967615 -0.04197222 -0.08274896  0.19057161  0.08195289
 -0.12352475 -0.1562175   0.15716279 -0.19686577 -0.01561282  0.04732772
 -0.14770062 -0.17707901 -0.30284119 -0.03405644  0.37583932  0.09531885
 -0.15278953  0.09516128 -0.0373772   0.02083003  0.07077422  0.15824138
 -0.0080591   0.03887283 -0.09666628  0.03033718  0.21134245 -0.06884143
  0.02214494  0.22345272 -0.04383981  0.00784713  0.07078443  0.02848394
 -0.00741715  0.00124555 -0.11824894  0.02792338 -0.01252698 -0.01069846
  0.01686054  0.12311546 -0.17843799  0.04726498  0.07153781  0.01136436
  0.05684244 -0.04752464 -0.03331233 -0.14565474  0.12484425 -0.26047239
  0.19550423  0.14838234  0.0203433   0.10312285  0.04886103  0.0863403
 -0.01098748 -0.08763794 -0.16913389 -0.00597701  0.12483901 -0.0455313
  0.09205993 -0.03766752]