[-5.07472754e-02  9.35538039e-02  1.03989840e-01 -8.92392173e-03
 -4.42467332e-02 -9.29929838e-02 -7.14420602e-02 -1.04785159e-01
  8.18777904e-02 -2.09996905e-02  3.01189005e-01 -5.38235269e-02
 -1.93088248e-01 -1.42859340e-01 -2.96161119e-02  1.53215691e-01
 -1.40656158e-01 -9.14923847e-02 -6.19343407e-02  2.05494471e-05
  1.42116491e-02 -6.75893342e-03  8.49189833e-02  1.85204130e-02
 -4.66070361e-02 -3.84226263e-01 -1.17524900e-01 -8.82897973e-02
  8.96079838e-02 -7.35324398e-02 -9.61042270e-02  4.42476757e-02
 -1.65710613e-01 -8.91743153e-02  1.99988019e-02  7.28919804e-02
 -3.43728364e-02 -9.37604159e-02  1.94975883e-01  4.28450964e-02
 -1.53153554e-01  4.51466534e-03 -3.13391201e-02  2.85082728e-01
  2.47371316e-01  6.80321380e-02  8.39423537e-02 -8.24573264e-02
  9.52020511e-02 -1.91705108e-01  6.72741756e-02  1.20145813e-01
  1.10426106e-01 -3.34877451e-03  7.54366145e-02 -1.05532289e-01
 -2.78378874e-02  9.35134068e-02 -1.66588381e-01  2.60291826e-02
  1.51819186e-02 -5.23245223e-02 -2.99487505e-02 -1.18138365e-01
  1.96938977e-01  1.02244936e-01 -9.69990641e-02 -8.37969109e-02
  1.57598898e-01 -1.38046175e-01 -4.61924449e-02  3.39004397e-02
 -1.58723697e-01 -1.66191936e-01 -3.42658311e-01  2.50587612e-02
  3.65988225e-01  1.17377274e-01 -2.11402610e-01  1.22987423e-02
  1.59633439e-02 -1.29504073e-02  1.16350368e-01  1.30652055e-01
 -5.79082184e-02  5.14461175e-02 -1.25243574e-01  2.51206802e-03
  1.74568459e-01 -8.86334106e-02 -6.37777075e-02  1.64684519e-01
 -6.80317730e-02  7.98430070e-02  4.82665263e-02  1.47997057e-02
 -2.91099008e-02  6.89724227e-03 -1.49225473e-01 -7.21103465e-03
  6.30471036e-02 -3.64445336e-02 -1.95885990e-02  7.76346028e-02
 -8.63466337e-02  2.65581645e-02  2.92807817e-05 -9.13103577e-03
 -1.39240092e-02 -6.71994090e-02 -9.47179049e-02 -6.52141720e-02
  1.42863125e-01 -1.97686628e-01  1.81075886e-01  2.00260073e-01
 -7.33468402e-03  1.01843059e-01  8.43032822e-02  5.83847240e-02
 -1.71978455e-02 -3.58335152e-02 -1.20356478e-01 -5.62338904e-02
  5.31018265e-02  3.00566647e-02  8.55064988e-02 -9.82505828e-03]