[-0.10597097  0.07095128  0.11437829  0.02835584 -0.02004415 -0.10164114
 -0.00277227 -0.10775695  0.10359474 -0.04307513  0.29712477 -0.02862939
 -0.18413989 -0.18055485  0.02755685  0.1357953  -0.13383144 -0.07160006
 -0.04479732 -0.02475051  0.05647975 -0.03977246  0.04295168  0.05665564
 -0.06536901 -0.34962273 -0.0839537  -0.15287951  0.04131472 -0.09489854
 -0.07450084  0.06247434 -0.14305833 -0.05965761 -0.06481024  0.0557339
  0.00932924 -0.05257979  0.19440849 -0.02218569 -0.17955214 -0.06969269
 -0.02644341  0.2209693   0.21880424  0.00290138  0.03908812 -0.02063791
  0.08485675 -0.18600236  0.00953766  0.09025407  0.12913124  0.00880395
  0.01330736 -0.14481805 -0.02585875  0.02492614 -0.17019169  0.02865118
 -0.00652693 -0.15125971 -0.08401304 -0.02874741  0.21457739  0.1232553
 -0.07866246 -0.0869653   0.14374319 -0.15283085 -0.04507778  0.04148094
 -0.1668707  -0.17655782 -0.31785843  0.04080253  0.32985303  0.07433233
 -0.22802284  0.02847008 -0.07775096  0.01359907  0.12838493  0.09791913
 -0.03922698  0.05157471 -0.13526817  0.01084055  0.15299597 -0.08808653
 -0.04008951  0.18540195 -0.06558787  0.09176295  0.03631731 -0.02079194
  0.0335004   0.03801953 -0.10991063  0.01809691  0.1317396  -0.08424556
  0.00717208  0.03791284 -0.15841837  0.01571948  0.04015017  0.031156
  0.05434345 -0.04780749 -0.15642644 -0.06521628  0.17914726 -0.18049446
  0.22968221  0.20136428 -0.0088255   0.12275807  0.09226283  0.07535724
 -0.02682716 -0.06582363 -0.13859589  0.02364972  0.12101648  0.0015705
  0.05566091 -0.00566316]