[-0.12374034  0.05147387  0.04648104 -0.03577406 -0.06801006 -0.08467648
  0.0022057  -0.17525558  0.18052736 -0.07825197  0.23492634 -0.06893813
 -0.18466152 -0.11511683 -0.06065682  0.25357282 -0.24107991 -0.15793465
 -0.01855329  0.04500095  0.11048739 -0.02186125  0.01688639  0.05869658
 -0.12278678 -0.36011797 -0.1476758  -0.07570846  0.02752243 -0.03573189
 -0.06045625  0.11701536 -0.17772199 -0.07483699  0.04411128  0.0812053
 -0.0301843  -0.13276941  0.14788726 -0.01340213 -0.2802116   0.05387925
  0.09707753  0.23600309  0.2187449   0.01389012  0.03907693 -0.14604554
  0.10887419 -0.14221494 -0.01474257  0.11722209  0.0587624   0.09477602
  0.04447248 -0.108148    0.02413589  0.07848205 -0.1631604  -0.01507086
  0.08558198 -0.10329717  0.01830185 -0.10252774  0.16051002  0.08303421
 -0.08597195 -0.17740759  0.17053981 -0.13646205 -0.0946639   0.03920809
 -0.16722272 -0.20194916 -0.2811856  -0.02842     0.35806349  0.11773343
 -0.16749929  0.10954268 -0.00496129 -0.00640766  0.12599449  0.20717731
  0.0727341   0.04969702 -0.09968589 -0.0111445   0.22264032 -0.08378541
 -0.00061901  0.23573302 -0.02964435  0.02169361  0.02737631  0.0292228
 -0.06201668  0.09635198 -0.1360784  -0.04451117  0.04789083  0.03039809
  0.0140505   0.08303416 -0.07332475  0.10995852  0.02370261  0.08320025
 -0.00573629 -0.03814849 -0.05209683 -0.02394091  0.06122978 -0.21444772
  0.24996226  0.14530519 -0.00240801  0.0934857   0.06431259  0.09969813
 -0.01706424 -0.04392885 -0.17896326 -0.01553695  0.12475079 -0.00388976
  0.09256776  0.00049942]