[-0.13905996  0.10058888  0.11520088 -0.0158579  -0.09356029  0.00986728
 -0.0068176  -0.06275886  0.13105813 -0.07352772  0.26819998 -0.02382175
 -0.24003737 -0.06178912 -0.02533637  0.19762099 -0.10100131 -0.13807754
 -0.10064783 -0.03838202  0.02611918  0.06054356  0.01501545  0.06518454
 -0.15089707 -0.37939712 -0.05888299 -0.06410444 -0.00208571 -0.08608248
 -0.07374728  0.08977957 -0.10313693 -0.00990281  0.07411151  0.0832197
 -0.0197901  -0.06397524  0.16496605  0.04522286 -0.2159044  -0.00095365
  0.0352575   0.31023073  0.22948174  0.00565917  0.05080995 -0.12430813
  0.11468539 -0.22775917  0.03625956  0.14425874  0.07185429  0.06810936
  0.04537521 -0.11897361 -0.0505082   0.10813254 -0.1001153  -0.00734384
  0.02945357 -0.04858042 -0.05871212 -0.13661228  0.19205442  0.10930258
 -0.17106235 -0.11780965  0.11113532 -0.15928297 -0.0675642   0.02747007
 -0.18088745 -0.15350978 -0.27424932  0.03601105  0.37327111  0.12307455
 -0.2236723  -0.00209772 -0.0340184   0.04478197  0.05129082  0.16321045
 -0.09864765  0.03247087 -0.03746945  0.0183128   0.20144506 -0.02483173
  0.00502135  0.25932261  0.00247067  0.05876959  0.05957833  0.03426388
 -0.06328485 -0.02768896 -0.11484945 -0.03756773  0.01385073 -0.04874577
  0.05645065  0.11840349 -0.18465427  0.15187794 -0.01794117  0.08662813
  0.09162886  0.03707445 -0.06137106 -0.09644758  0.13155271 -0.17749055
  0.11160263  0.17703603  0.03146882  0.09045096  0.11298763  0.09853047
 -0.03101672  0.03002648 -0.12309358  0.016601    0.09793653 -0.05403559
  0.01797711 -0.02913312]