[-0.10208376  0.13257936  0.10292101 -0.033428   -0.12774196  0.00858447
 -0.03285288 -0.04335498  0.15215707 -0.08362431  0.25012168  0.02839273
 -0.23097305 -0.0367859   0.05258375  0.1899952  -0.15011077 -0.10268815
 -0.12457418 -0.03184709 -0.01424159  0.0772353   0.02723869  0.04616631
 -0.14127114 -0.36992854 -0.08879299 -0.06242216  0.00617267 -0.08744052
 -0.08425333  0.06644865 -0.11285444 -0.04520259  0.07903641  0.07377662
 -0.10150385 -0.07276278  0.16303964  0.01606377 -0.22333156  0.01240174
  0.0107456   0.279899    0.27390501  0.02246844  0.03186398 -0.13937519
  0.17318587 -0.24007554  0.07467371  0.13896048  0.07392945  0.08304609
  0.04875369 -0.10708463 -0.0158103   0.13781579 -0.15322505 -0.02012289
  0.0683888  -0.09991296 -0.05937413 -0.11202488  0.14237233  0.09777028
 -0.14805344 -0.14490256  0.10945152 -0.15799694 -0.04917759  0.07687113
 -0.17181762 -0.22591911 -0.28946716  0.06125322  0.3522875   0.14813527
 -0.20090552 -0.05372417  0.02157918  0.00850873  0.07985087  0.16157328
 -0.08047386 -0.05144314 -0.06863638  0.06740443  0.21625124 -0.07665715
  0.00297041  0.26928291  0.02685829  0.06928106  0.03258063  0.08457814
 -0.06517383  0.000638   -0.15573029  0.00557261  0.059301   -0.02251763
 -0.00150739  0.11932904 -0.12402717  0.1834677  -0.01351953  0.05439571
  0.03898148 -0.07436863 -0.09692813 -0.09366148  0.15754609 -0.16091381
  0.12799695  0.18152006  0.00727401  0.10344508  0.08058763  0.07344652
 -0.0305436  -0.04397897 -0.1941697   0.00986913  0.1438022  -0.02742864
  0.0220232  -0.04446958]