[-0.04917791  0.10897638  0.06529555 -0.06062965 -0.08483955 -0.03185952
 -0.02078701 -0.1743858   0.13634716 -0.09002602  0.22522055 -0.0313815
 -0.2094707  -0.1193465  -0.01995234  0.22162834 -0.23375833 -0.17830534
 -0.01290655 -0.02705856  0.05321548 -0.02352482  0.00562019  0.00736457
 -0.08674475 -0.3441062  -0.09547528 -0.07360703  0.09831218 -0.03593953
 -0.06888183  0.06631285 -0.16827606 -0.06370901  0.09043973  0.06837243
 -0.01471129 -0.09985287  0.17333841  0.00659519 -0.24300098  0.04547589
  0.08310431  0.22745709  0.25542912  0.04739599  0.0252749  -0.08953302
  0.13941181 -0.16931579 -0.01682336  0.11172326  0.05986844  0.04861208
  0.02162985 -0.18598871 -0.00914734  0.06980183 -0.18935235 -0.07261684
  0.04465002 -0.10287385 -0.02145135 -0.04261361  0.17719455  0.07936966
 -0.07276454 -0.18749927  0.22142611 -0.16378199 -0.05765444  0.01247937
 -0.16006765 -0.0993418  -0.25021157 -0.0462588   0.38690928  0.09289599
 -0.14967881  0.0687682  -0.00605372  0.01045289  0.11481061  0.1516909
  0.02576588  0.02541935 -0.06340008 -0.04767876  0.19442457 -0.07166599
 -0.0106956   0.18797162 -0.01740704  0.06711751  0.04957813 -0.00436779
 -0.06236207  0.04005953 -0.17851107 -0.07665467 -0.04737641  0.01046158
  0.02833727  0.15568608 -0.15657614  0.0986025   0.01311446  0.04096976
 -0.03183478 -0.00822096  0.00453572 -0.05335131  0.07318985 -0.23047996
  0.19507429  0.23583598 -0.00042164  0.08575569  0.05506176  0.02125193
  0.03082751 -0.04043184 -0.20035055 -0.05998513  0.04162149 -0.04592248
  0.03428153 -0.01027893]