[-0.05733722  0.16293153  0.04556143 -0.0659839  -0.08851451  0.00756706
 -0.00296113 -0.16082858  0.18297389 -0.09900142  0.23478833 -0.05816471
 -0.28210822 -0.07465103 -0.03485231  0.23299444 -0.24367414 -0.16669066
 -0.01925684 -0.05292555  0.034173    0.00142607  0.01416997  0.02052169
 -0.07417049 -0.36992821 -0.08811116 -0.04970428  0.05229582 -0.04649092
 -0.05784146  0.0679862  -0.18541963 -0.07464846  0.09635077  0.05415288
 -0.06024182 -0.09973549  0.16833921  0.04357907 -0.19872458  0.02976256
  0.0773687   0.26162049  0.24937077  0.06036198  0.00764802 -0.13266504
  0.1464178  -0.1839294  -0.03429183  0.13676418  0.06901025  0.02251567
  0.02068145 -0.1930871   0.00647995  0.06441052 -0.20646785 -0.08438788
  0.07455736 -0.12219249 -0.0356294  -0.04625878  0.17993657  0.07649837
 -0.06588177 -0.19882871  0.22567825 -0.15930307 -0.03598035  0.01421893
 -0.14087074 -0.12982269 -0.2504966  -0.05593008  0.41560522  0.08661152
 -0.10409506  0.0797656  -0.01580064  0.005792    0.09704653  0.15988114
 -0.02351536 -0.01333875 -0.07700926 -0.02167968  0.17735067 -0.069704
 -0.03254269  0.18774818 -0.02822103  0.06225408  0.06571161 -0.02128569
 -0.10853161  0.0495127  -0.17166965 -0.07246488 -0.08823505 -0.02562636
  0.01617557  0.13403302 -0.17846605  0.10560997  0.00171786  0.02362709
 -0.03771753 -0.04275213 -0.01342629 -0.03231223  0.08478843 -0.27865025
  0.16128883  0.20923088 -0.00706939  0.12177616  0.05397612  0.03412396
  0.02559529 -0.02928421 -0.22458187 -0.06412361  0.03437329 -0.0449609
  0.0480217  -0.02422233]