[-4.00791727e-02  1.07292451e-01  3.00883390e-02 -7.29734376e-02
 -9.14555266e-02 -3.28747779e-02 -2.09397469e-02 -1.88006923e-01
  1.51440412e-01 -1.00044861e-01  2.15190515e-01 -1.90243311e-02
 -2.31365353e-01 -8.27456564e-02  5.88278286e-04  2.08335742e-01
 -2.27896735e-01 -1.80323958e-01 -1.75018813e-02 -3.58743779e-02
  1.30412849e-02  1.50667178e-02  1.20171588e-02  1.66619048e-02
 -7.07667395e-02 -3.39306206e-01 -1.19684316e-01 -5.32683730e-02
  9.67036411e-02 -3.20182107e-02 -7.87240118e-02  8.49708542e-02
 -1.63152456e-01 -5.23821972e-02  1.07920185e-01  5.64476550e-02
 -2.87804063e-02 -9.71881971e-02  1.95646405e-01  5.35614453e-02
 -2.22449496e-01  2.52123512e-02  9.24969241e-02  2.55396873e-01
  2.38821507e-01  4.01210487e-02  1.24068363e-02 -7.56302550e-02
  1.20293260e-01 -1.89581290e-01 -5.07563306e-03  1.34164855e-01
  6.97502419e-02  5.00705615e-02  7.99557008e-03 -1.99324951e-01
  4.67220700e-04  6.33288249e-02 -1.93182781e-01 -4.62677702e-02
  7.35875517e-02 -9.66651961e-02 -3.25467102e-02 -1.69649906e-02
  2.18317464e-01  9.89799872e-02 -9.53484923e-02 -1.72828332e-01
  2.07565337e-01 -1.61341861e-01 -7.73157552e-02 -6.51453948e-03
 -1.75886169e-01 -1.07512213e-01 -2.52456725e-01 -4.88299616e-02
  3.89423132e-01  7.56769478e-02 -1.45017728e-01  6.18953891e-02
 -2.01343074e-02 -1.13688780e-04  1.10762417e-01  1.33819163e-01
 -1.33150471e-02 -2.61801458e-03 -6.92646652e-02 -3.55233513e-02
  2.25712404e-01 -5.34301065e-02 -3.23620439e-02  1.95886597e-01
 -1.16934478e-02  8.10694322e-02  5.59653305e-02  2.21677646e-02
 -4.04198356e-02 -6.30185893e-03 -1.85444117e-01 -5.62709831e-02
 -5.56636564e-02 -2.77828723e-02 -6.42188650e-04  1.83161780e-01
 -1.85324892e-01  1.24039069e-01  3.90691422e-02  1.63375847e-02
 -3.33951861e-02  1.02256646e-03 -2.71376055e-02 -5.25621884e-02
  8.10882971e-02 -2.43067488e-01  2.10574821e-01  2.35774323e-01
  1.78493001e-02  8.73347595e-02  3.78751084e-02  1.11232745e-02
  2.24964619e-02 -4.02440988e-02 -1.93561375e-01 -8.78795013e-02
  3.52514349e-02 -4.32314873e-02  2.59434935e-02  8.63962341e-03]