[-0.02805577  0.09769934  0.06678598 -0.0286827  -0.13344805 -0.00841584
 -0.01282886 -0.17273316  0.11966413 -0.0956437   0.20759733 -0.00397195
 -0.21446072 -0.10828848  0.01928269  0.20583908 -0.19751112 -0.17155576
 -0.02503924 -0.02303363  0.02045801 -0.0057746   0.01849104 -0.02774469
 -0.07213933 -0.3603355  -0.09808576 -0.06895158  0.09834348 -0.03797748
 -0.08949332  0.07022509 -0.14444059 -0.09480418  0.10649383  0.07166884
 -0.05152586 -0.07419702  0.15880722  0.01018802 -0.23478015  0.05805017
  0.06678706  0.23683086  0.2317075   0.06689595  0.04901478 -0.09553807
  0.12713115 -0.1919246   0.02361578  0.09801473  0.06466528  0.05276539
  0.02384098 -0.18376566  0.00232381  0.06507924 -0.19395219 -0.02893332
  0.09262162 -0.08987717 -0.02933921 -0.01897466  0.20080729  0.07471298
 -0.07236025 -0.18773827  0.18394569 -0.15503477 -0.07653857 -0.00337572
 -0.16116856 -0.11610346 -0.24524429 -0.02075466  0.41259184  0.09903107
 -0.16102588  0.04845269 -0.01969566  0.01972814  0.13211548  0.1441146
  0.03321315  0.00463    -0.06957819 -0.04305832  0.18641047 -0.09070338
 -0.02488784  0.20037381  0.00812175  0.08752746  0.05954443  0.02020568
 -0.05618018  0.04111275 -0.18010089 -0.08171025 -0.01724793 -0.0079077
  0.0372222   0.15173428 -0.15676883  0.14960106 -0.00575256  0.06364776
  0.00153508 -0.02831208 -0.0159499  -0.05389409  0.08399537 -0.24904156
  0.20194864  0.24812944 -0.00177012  0.09244376  0.06041062  0.01395445
  0.04813046 -0.03350627 -0.21757217 -0.06294927  0.04473163 -0.04537018
  0.00847559  0.01475641]