[-0.01318524  0.09548386  0.06477191 -0.0285908  -0.11679589 -0.00078191
 -0.01548561 -0.17843461  0.12763534 -0.10801106  0.21287552 -0.00797144
 -0.21522437 -0.10507399  0.01459105  0.21998921 -0.20552109 -0.18246841
 -0.02156336 -0.00412295  0.02000635  0.00444713  0.02566624 -0.01868067
 -0.07641508 -0.36549529 -0.10579684 -0.07287418  0.08950604 -0.03767422
 -0.10349303  0.07078769 -0.14342393 -0.08445635  0.11778321  0.06433591
 -0.05189641 -0.07331672  0.16505496  0.01201042 -0.24308927  0.06362172
  0.06743062  0.2311461   0.22709154  0.07004353  0.03883466 -0.10325795
  0.11426597 -0.1847588   0.01363675  0.10158732  0.06802472  0.06131801
  0.0191429  -0.18866636  0.00451974  0.05844536 -0.18920599 -0.02919736
  0.08894856 -0.09171831 -0.01893819 -0.01628048  0.20521934  0.05909184
 -0.08699071 -0.19089954  0.17145078 -0.15159059 -0.07178196  0.0044909
 -0.16326891 -0.12779264 -0.23807283 -0.03250854  0.40733615  0.09616818
 -0.17445087  0.05155134 -0.01773455  0.02352149  0.13040695  0.14385402
  0.0358672   0.00477943 -0.07402976 -0.05308912  0.18613134 -0.09133548
 -0.02656741  0.20088685 -0.01036052  0.09463923  0.06129869  0.02799117
 -0.05535169  0.0453354  -0.17600308 -0.07530325 -0.02645338 -0.00515086
  0.02716956  0.15271203 -0.14966904  0.15149026 -0.00944445  0.06195774
  0.00617999 -0.00833475 -0.03179166 -0.06006355  0.08484256 -0.26366454
  0.20749056  0.24814604 -0.00670755  0.09031478  0.0609399   0.02699659
  0.03121388 -0.02772258 -0.22773102 -0.07038764  0.05739694 -0.04835624
  0.02311997  0.00364665]