[-0.04822192  0.12820499  0.03331658 -0.04438635 -0.10023283 -0.04866177
 -0.00603171 -0.20156606  0.15116057 -0.09792819  0.25600079 -0.02525237
 -0.24073473 -0.10822283 -0.0222525   0.22499728 -0.23973818 -0.17300342
 -0.02082996 -0.02036524  0.05861199 -0.02113674  0.00447761  0.02953214
 -0.04698966 -0.3620705  -0.12408805 -0.0686656   0.09932081 -0.04024742
 -0.07889274  0.06231699 -0.15860127 -0.0884007   0.09053127  0.04754231
 -0.03489241 -0.08941504  0.18899651  0.03254622 -0.22102951  0.05790409
  0.07124002  0.24202342  0.22462891  0.07280352  0.04579821 -0.11888746
  0.13245662 -0.15827946 -0.0081128   0.13443117  0.10003227  0.05154943
 -0.00306691 -0.20822811 -0.01061734  0.07320293 -0.2068985  -0.05108653
  0.07665212 -0.0956813  -0.03711491 -0.02666476  0.19451988  0.09244677
 -0.08001111 -0.18939796  0.21159308 -0.17422663 -0.06808136  0.00613545
 -0.17319746 -0.12337282 -0.23036845 -0.03621532  0.413596    0.07623004
 -0.14541686  0.04307266 -0.03153721  0.00070163  0.11355901  0.14342394
  0.01197873 -0.01403725 -0.08625785 -0.04985416  0.18724267 -0.0775848
 -0.00743838  0.20739643 -0.00366261  0.0878038   0.04719743  0.00812721
 -0.06824226  0.04716657 -0.14466763 -0.06800465 -0.06150877 -0.01122825
  0.01297898  0.12789749 -0.1575712   0.11023295  0.00823464  0.05235647
 -0.02811558 -0.01615386 -0.01479359 -0.06925213  0.07953425 -0.24297057
  0.21073146  0.24220741 -0.00943062  0.09403145  0.03669899  0.0426886
  0.02511609 -0.05504888 -0.22263311 -0.05884034  0.05166957 -0.04941852
  0.0180617  -0.0256108 ]