[-0.03812368  0.1414783   0.07406487 -0.03783743 -0.08777495 -0.02114966
 -0.00841068 -0.18880254  0.13502331 -0.07709605  0.24845271 -0.0150642
 -0.22742231 -0.11469257 -0.02673145  0.20532958 -0.24017762 -0.14262046
 -0.01753711 -0.01667255  0.0576729  -0.00214697  0.02354664 -0.0157048
 -0.07871614 -0.34275579 -0.10343128 -0.07381117  0.08458356 -0.03552264
 -0.09045472  0.04479797 -0.16709135 -0.08828514  0.10199126  0.06314539
 -0.04680857 -0.07617524  0.16557899  0.02390373 -0.21778165  0.07018103
  0.08060933  0.23846908  0.24355474  0.0679942   0.02333214 -0.11983544
  0.15052645 -0.15095568 -0.00260819  0.1248062   0.09115221  0.04648543
  0.0115336  -0.18994407 -0.00623675  0.07428014 -0.19072169 -0.0606067
  0.08798189 -0.10357728 -0.02588373 -0.02185346  0.17361644  0.07204079
 -0.08413046 -0.19543234  0.18205614 -0.15106994 -0.058915    0.01163619
 -0.1657839  -0.10919638 -0.2384655  -0.03815683  0.42885089  0.07197528
 -0.15042143  0.0420264  -0.04734818  0.00144871  0.12009817  0.15428273
  0.02025395  0.00894824 -0.08467469 -0.04853199  0.17919584 -0.09013183
 -0.01328377  0.19182377 -0.01324575  0.08932117  0.04020344 -0.01740139
 -0.09927274  0.05615477 -0.16193604 -0.08669984 -0.07352967 -0.0119292
  0.02048388  0.14378996 -0.16381237  0.11852939  0.01848872  0.05322706
 -0.00944511 -0.0394687  -0.00741864 -0.05486446  0.07408767 -0.25405857
  0.20270835  0.22317682 -0.00485515  0.08997405  0.06317456  0.03014296
  0.02755897 -0.02138788 -0.2192546  -0.05620111  0.03984168 -0.05200886
  0.04258174 -0.0340376 ]