[-0.02684732  0.11263946  0.06406101 -0.02713873 -0.10920411 -0.02567049
  0.00197704 -0.19431511  0.15485975 -0.13654092  0.21147874 -0.00462694
 -0.21891151 -0.0837726  -0.00219173  0.22040723 -0.20222397 -0.19499575
 -0.03604718 -0.02899393  0.05128009  0.02652524 -0.00385739 -0.01328446
 -0.07898765 -0.32346147 -0.10924609 -0.05784234  0.09783875 -0.04177039
 -0.10597148  0.06524815 -0.13699602 -0.07614916  0.10212111  0.07580685
 -0.02302607 -0.07957835  0.17694061  0.02799216 -0.25795195  0.093245
  0.07528336  0.24279664  0.22586048  0.04073348  0.02508696 -0.13540965
  0.13476807 -0.16196147 -0.01114387  0.10712593  0.09384813  0.05525022
  0.0174487  -0.20825832 -0.02289468  0.06256067 -0.18874216 -0.05298467
  0.08501764 -0.09676426 -0.01952973 -0.03303989  0.18189529  0.06060913
 -0.08731225 -0.19282952  0.17587399 -0.17579272 -0.08562151  0.01060892
 -0.15591168 -0.10350347 -0.2433987  -0.04192192  0.41628668  0.07442429
 -0.16859041  0.07141139 -0.0234595   0.00808527  0.12757547  0.15725122
  0.02762984  0.01889805 -0.07386466 -0.04666018  0.2022758  -0.08923426
 -0.00587576  0.19421138  0.00753151  0.10071554  0.04577759  0.0177787
 -0.07653435  0.0361827  -0.16874401 -0.07595053 -0.06289642 -0.00619146
  0.02349154  0.14871569 -0.16418312  0.13979749  0.00919592  0.04707719
 -0.01437259 -0.00280483 -0.01227291 -0.05427157  0.07996131 -0.25722656
  0.18565661  0.23951398 -0.02507892  0.09191743  0.06180267  0.03284151
  0.02334982 -0.01945068 -0.23198739 -0.06048789  0.05658464 -0.05288694
  0.02882086  0.00151756]