[-0.07495487  0.15087639  0.07739653 -0.06041136 -0.10699486 -0.03082271
 -0.04187519 -0.20420246  0.15458997 -0.1128691   0.25940353 -0.06376962
 -0.28719935 -0.09522872 -0.03479368  0.2313094  -0.20065232 -0.16575585
 -0.05716762 -0.01440587  0.0163715  -0.00598843  0.05764386  0.01406833
 -0.08838374 -0.374661   -0.10214695 -0.05620983  0.04419    -0.02992727
 -0.10482383  0.05992448 -0.17949498 -0.07336127  0.10376334  0.14123657
 -0.02237598 -0.07365923  0.16999601 -0.03806664 -0.28414688  0.01106701
  0.12987393  0.21533063  0.19008142  0.04653998  0.03729506 -0.13897707
  0.08700169 -0.15468839  0.02559804  0.11589463  0.11491239  0.0092232
  0.01577225 -0.24934518 -0.03913825  0.10748328 -0.13620338 -0.08811946
  0.10293721 -0.10215221 -0.07186669 -0.05013007  0.24736731  0.11453371
 -0.13707177 -0.18354106  0.19348286 -0.13546096 -0.00423534  0.04935658
 -0.14504759 -0.12201162 -0.2389854  -0.06803469  0.42543855  0.01877787
 -0.18487039  0.04716293 -0.09466027  0.01412761  0.07260232  0.16061504
  0.01192739  0.05866703 -0.11552    -0.0326073   0.20272337 -0.12655501
  0.03537072  0.17884913  0.00244039  0.08076155  0.02775085  0.00327458
 -0.1193419   0.02130207 -0.18327208 -0.06044403 -0.05561571 -0.01695981
 -0.02549665  0.09220304 -0.18892299  0.08861896  0.06404252  0.00988092
  0.02318277 -0.03548706  0.00054697 -0.11327688  0.12138247 -0.29159746
  0.17564698  0.20386384 -0.01745346  0.14797385  0.10266336  0.08271211
  0.05138493 -0.04370024 -0.21116209 -0.0496945   0.06151865 -0.08852592
  0.04376268 -0.01543494]