[-0.0422081   0.10459288  0.06797665 -0.02966568 -0.09547993  0.00121404
  0.00450996 -0.19457769  0.14648552 -0.09783028  0.2372314  -0.01733225
 -0.23475766 -0.12084221  0.02906768  0.20868781 -0.19946438 -0.18056713
 -0.0009612  -0.02216855  0.03582775 -0.02125052  0.04413893 -0.0019122
 -0.07274269 -0.34275886 -0.1087713  -0.08733668  0.0965265  -0.06408115
 -0.09328777  0.05579921 -0.16595595 -0.06472185  0.06105808  0.0488717
 -0.0392791  -0.09250242  0.17861663  0.0170401  -0.22803597  0.04677847
  0.04942041  0.2212631   0.24399643  0.05674427  0.02793572 -0.08999398
  0.11873455 -0.16160329  0.0078384   0.09745432  0.0725731   0.03306109
 -0.01272356 -0.20694697 -0.02586184  0.05840166 -0.18416578 -0.03192357
  0.06833575 -0.09611112 -0.01684522 -0.01268661  0.21305934  0.08363952
 -0.07395058 -0.17251483  0.18972437 -0.15233591 -0.05699584  0.01036969
 -0.1889268  -0.11595465 -0.22455359 -0.02518912  0.40508252  0.04362848
 -0.16270201  0.04027532 -0.030556    0.01519278  0.10913795  0.1618533
  0.03333828 -0.01303204 -0.08427497 -0.06877932  0.20276217 -0.09138145
 -0.01878762  0.20343891 -0.0149294   0.08079792  0.05294666  0.00153275
 -0.04521492  0.040545   -0.16071752 -0.08146103 -0.08682588 -0.02860068
  0.00371953  0.14354067 -0.1694659   0.12310346  0.02234938  0.04739228
 -0.014253   -0.01871485 -0.01103171 -0.06917541  0.07891791 -0.25376815
  0.19649127  0.24613009  0.00979591  0.1006843   0.0309274   0.0598951
  0.03193627 -0.00385169 -0.21297672 -0.038254    0.05427974 -0.04292641
  0.01393673  0.00902016]