[-0.03593224  0.13070036  0.08313074 -0.03178168 -0.08536373 -0.01824738
 -0.02144071 -0.18358867  0.13910739 -0.09696955  0.24408267 -0.03519523
 -0.2306948  -0.10467406 -0.02238618  0.23261058 -0.22999923 -0.17454801
 -0.02135815 -0.00411312  0.0559423  -0.00138049  0.03206328  0.00265909
 -0.06005988 -0.36411107 -0.09420127 -0.06692945  0.11987913 -0.03025466
 -0.12865987  0.05382553 -0.1655664  -0.07010572  0.09072762  0.07585587
 -0.03034156 -0.07764534  0.18459624  0.00569163 -0.24724169  0.06056712
  0.0766328   0.22382526  0.24346104  0.05674206  0.03064009 -0.11081989
  0.11269156 -0.15771851 -0.00784377  0.14036255  0.10241647  0.05847613
  0.00060848 -0.19303334 -0.02195477  0.06373671 -0.16096149 -0.06111873
  0.07821293 -0.0766805  -0.01182556 -0.03414256  0.19593906  0.04497794
 -0.08399396 -0.19221473  0.18868467 -0.15586185 -0.05740198  0.01853918
 -0.17379728 -0.10465556 -0.22845887 -0.05211887  0.40667209  0.0546071
 -0.16258158  0.06994488 -0.04796263 -0.01153592  0.10121038  0.13331713
  0.02360944  0.02202074 -0.08535993 -0.05260267  0.20541017 -0.10292927
  0.01527846  0.19192596 -0.0034182   0.08920252  0.0430965   0.00201136
 -0.05347561  0.05253216 -0.16968872 -0.06755833 -0.0757237  -0.02385724
  0.00584122  0.12905085 -0.18404977  0.11118682  0.02574068  0.05480184
  0.00865924  0.00393983 -0.03106599 -0.08317813  0.09980736 -0.25201851
  0.19789879  0.25365281  0.00744854  0.07626338  0.05924634  0.05345972
  0.03081523 -0.02311858 -0.21735828 -0.05927305  0.05705855 -0.06656843
  0.01184713 -0.00062522]