[-0.01056446  0.09866097  0.05047597 -0.04562052 -0.10681718 -0.00599947
  0.00194181 -0.19675529  0.14149927 -0.10945534  0.20593314  0.0095006
 -0.21476601 -0.12714088  0.01662352  0.19229676 -0.18631072 -0.1970399
 -0.01256637 -0.01719915  0.01999899 -0.00909753  0.02220749 -0.00868529
 -0.06867353 -0.33840778 -0.1215076  -0.06177242  0.07800056 -0.04157365
 -0.08409602  0.06586209 -0.1617994  -0.07428199  0.09662385  0.06986749
 -0.03701722 -0.0665269   0.17066418  0.02762508 -0.21842507  0.0580099
  0.06139729  0.24163318  0.23635899  0.07354461  0.03640366 -0.11104019
  0.12529723 -0.16765259  0.04328552  0.09868739  0.08029312  0.04260931
  0.01717822 -0.21290158 -0.00463883  0.06290924 -0.18214522 -0.0228902
  0.07386354 -0.09114479 -0.02914683 -0.01714443  0.20968424  0.07845197
 -0.07741989 -0.20422332  0.18576379 -0.17143658 -0.07916193  0.00467077
 -0.16180617 -0.10686228 -0.23998161 -0.02371494  0.39847669  0.08817974
 -0.18250334  0.04118708 -0.0260794   0.0156912   0.13363241  0.15120734
  0.02933164 -0.00496928 -0.09318168 -0.06119331  0.19897486 -0.07915381
 -0.0286395   0.20470496 -0.00957609  0.09486941  0.04537786  0.00619363
 -0.06081284  0.07106703 -0.17091857 -0.07351737 -0.04364685 -0.00166656
  0.01781501  0.16383316 -0.16566865  0.14551832 -0.00509996  0.05293954
 -0.01451186 -0.03507176 -0.02782368 -0.05817629  0.08309709 -0.26783702
  0.20392747  0.23550542 -0.00541057  0.0954321   0.05312833  0.04149381
  0.04842338 -0.03580141 -0.23861197 -0.04456146  0.04520335 -0.05833944
  0.01876724  0.01664935]