[-2.58740969e-02  8.23659301e-02  3.93169224e-02 -3.40202563e-02
 -1.24622665e-01 -1.52010396e-02 -9.77748353e-03 -1.80725858e-01
  1.39370129e-01 -9.46945697e-02  1.96305394e-01  1.46030933e-02
 -2.07973272e-01 -9.98358503e-02  3.56266797e-02  1.91717550e-01
 -1.94517612e-01 -1.80992246e-01 -4.16543595e-02 -3.22205201e-02
  1.94654968e-02  7.14695454e-03  1.56669151e-02 -1.72778517e-02
 -6.48250803e-02 -3.37979913e-01 -1.07328057e-01 -6.94732293e-02
  1.02427416e-01 -4.11835611e-02 -7.99694583e-02  8.57941657e-02
 -1.42575383e-01 -1.00831173e-01  1.21466987e-01  6.48092255e-02
 -4.37671840e-02 -6.07041717e-02  1.61551937e-01  2.11896487e-02
 -2.28532389e-01  4.98273410e-02  8.08544904e-02  2.40899667e-01
  2.54085004e-01  6.92539886e-02  2.78366040e-02 -1.01715244e-01
  1.21105410e-01 -1.99276492e-01  3.14693898e-02  9.65772867e-02
  7.06891716e-02  6.67005479e-02  3.28445844e-02 -2.02058598e-01
 -3.85815208e-03  6.11662343e-02 -1.94277123e-01 -1.99330729e-02
  8.61405656e-02 -1.04005039e-01 -3.92467976e-02 -1.86967142e-02
  1.91124812e-01  7.91965798e-02 -7.05754161e-02 -1.84703946e-01
  1.70112327e-01 -1.56383634e-01 -7.83754140e-02  1.14700617e-02
 -1.66360900e-01 -1.17272757e-01 -2.31333017e-01 -3.04528177e-02
  4.24813598e-01  9.57064852e-02 -1.60313129e-01  4.77880202e-02
 -1.53022930e-02  8.88347905e-03  1.27319470e-01  1.27841175e-01
  2.96841711e-02 -1.81822181e-02 -5.97640276e-02 -2.99084187e-02
  1.80537373e-01 -8.27562287e-02 -1.99073683e-02  1.97990969e-01
 -5.31063834e-03  8.53395164e-02  5.83987348e-02  3.62454616e-02
 -4.85285036e-02  3.94274667e-02 -1.85477912e-01 -9.98498127e-02
 -2.39757374e-02 -4.71697608e-03  4.97384295e-02  1.42931208e-01
 -1.52712613e-01  1.47601947e-01  8.55274871e-03  6.05190173e-02
 -4.82788309e-05 -3.08806989e-02 -6.12789718e-03 -4.73521501e-02
  8.59408602e-02 -2.48013049e-01  2.08623797e-01  2.39232928e-01
 -1.37657300e-02  9.99544784e-02  3.13622206e-02  2.84153763e-02
  3.81457582e-02 -3.75208333e-02 -2.08821699e-01 -4.89448197e-02
  3.95853184e-02 -2.57314444e-02  8.15046486e-03  1.14255296e-02]