[-5.52540794e-02  1.27016634e-01  8.36608186e-02 -5.29478956e-03
 -1.02051161e-01 -4.16598879e-02 -1.04541257e-02 -2.23999858e-01
  1.31948233e-01 -1.44514441e-01  2.57899910e-01  1.91231817e-03
 -2.25230977e-01 -1.20212458e-01  1.90645978e-02  1.76386282e-01
 -1.84801921e-01 -1.72660768e-01 -5.53382933e-02 -6.35420308e-02
  1.17945140e-02 -2.06639823e-02  4.01543677e-02 -3.07485554e-02
 -8.51868019e-02 -3.80312175e-01 -1.09601736e-01 -6.77291378e-02
  8.55479836e-02 -3.11330613e-02 -6.57009035e-02  7.66594335e-02
 -1.73535541e-01 -8.03084746e-02  7.16914460e-02  1.08587459e-01
 -4.32258919e-02 -2.73329411e-02  1.59586072e-01 -2.59858873e-02
 -2.11132452e-01  4.89315242e-02  6.64458573e-02  2.34802395e-01
  2.07993373e-01  5.37407510e-02  4.03639264e-02 -8.26372504e-02
  1.14208415e-01 -1.61325499e-01  1.25996349e-02  1.05563752e-01
  9.25304145e-02  5.38218729e-02  3.70508507e-02 -1.92917824e-01
 -3.97532582e-02  7.64882639e-02 -1.85646310e-01 -5.99399321e-02
  5.73049299e-02 -7.51037225e-02 -7.17401356e-02 -1.59949046e-02
  1.98506817e-01  1.21704899e-01 -8.34166035e-02 -1.51653871e-01
  2.13627264e-01 -1.76226020e-01 -3.74311619e-02  8.55158456e-03
 -1.61466703e-01 -1.20216750e-01 -2.27951363e-01 -2.52440870e-02
  4.24933255e-01  7.46892020e-02 -1.51800022e-01  1.48052694e-02
 -3.26779671e-02  9.72192828e-03  9.60381627e-02  1.06643692e-01
 -2.21416424e-03  4.05987464e-02 -6.71902820e-02  7.20826152e-04
  1.62536770e-01 -6.87234327e-02 -2.18495727e-02  2.00302631e-01
  1.04434611e-02  8.94699469e-02  6.05319925e-02  6.85787236e-04
 -6.09521344e-02  4.43701912e-03 -2.17603669e-01 -7.73611665e-02
 -5.49103580e-02 -1.64835304e-02  4.41478053e-03  1.12347998e-01
 -1.46465540e-01  1.36732802e-01  2.93447711e-02  4.89013009e-02
 -1.26059148e-02  1.31292688e-02 -1.39478622e-02 -8.39943513e-02
  8.59817937e-02 -2.58357644e-01  1.87760353e-01  2.47561604e-01
 -4.18017432e-02  1.26824558e-01  4.09899615e-02  2.33586039e-02
  3.82250100e-02 -4.57129329e-02 -2.00739667e-01 -7.66072348e-02
  3.28996442e-02 -4.59778197e-02 -7.36985385e-05 -8.09451472e-03]