[-0.04546538  0.15453294  0.07064799 -0.04257467 -0.08786777 -0.02418863
 -0.05995686 -0.19630112  0.14676838 -0.08569979  0.24363787 -0.03214346
 -0.23897557 -0.1029781  -0.04186461  0.22824851 -0.26101601 -0.17542283
 -0.01634227 -0.01088876  0.03875586 -0.03576053  0.01611627  0.0137291
 -0.08129549 -0.3554253  -0.09801776 -0.07811207  0.05887636 -0.01885294
 -0.10435767  0.03990041 -0.16942064 -0.06578364  0.08752075  0.06798282
 -0.02034686 -0.10412321  0.15088983 -0.01154788 -0.24067597  0.03751666
  0.07286525  0.20779479  0.26902816  0.05424988  0.02359228 -0.10858428
  0.13281304 -0.163606   -0.00486509  0.13626063  0.06098812  0.04167629
  0.00846484 -0.19237189 -0.02227127  0.10774004 -0.15737587 -0.08817454
  0.0687131  -0.11422586 -0.02896438 -0.04960484  0.18060508  0.10881286
 -0.07882323 -0.21021104  0.19825402 -0.16434859 -0.0636951   0.00449618
 -0.16456036 -0.12005007 -0.2586652  -0.04760653  0.40788603  0.08539908
 -0.1446185   0.05672149 -0.02407537  0.01141936  0.11301563  0.15310118
  0.02644344  0.00104926 -0.09263501 -0.06020306  0.19950315 -0.08108919
  0.00181026  0.19108742 -0.04391576  0.06625755  0.03897756 -0.00595564
 -0.06941325  0.06635166 -0.15881389 -0.06263176 -0.05830875  0.01346869
  0.00407897  0.13477838 -0.14895694  0.05262467  0.01014139  0.06397291
  0.00143363 -0.03444682 -0.00334917 -0.08483072  0.09890822 -0.24535039
  0.18724754  0.22488005  0.00416998  0.09449278  0.06103372  0.0472829
  0.03120735 -0.04594017 -0.22929393 -0.04652367  0.04807128 -0.04900074
  0.02144073 -0.01956282]