[-6.99312687e-02  1.24938302e-01  8.31269845e-02 -1.34804538e-02
 -1.09641530e-01 -3.16615961e-02 -1.10188155e-02 -2.13627249e-01
  1.47995397e-01 -1.60850048e-01  2.62098551e-01  1.24684228e-02
 -2.24311739e-01 -1.26520827e-01  3.16044018e-02  1.81425259e-01
 -1.66221634e-01 -1.78934649e-01 -5.56468181e-02 -6.82214499e-02
 -8.30721017e-03 -1.70201845e-02  2.14678291e-02 -9.24752094e-03
 -7.20214620e-02 -3.87598634e-01 -1.03093602e-01 -7.89189711e-02
  9.94317979e-02 -4.99239974e-02 -6.90215155e-02  8.37101862e-02
 -1.71433493e-01 -7.14412630e-02  4.47185822e-02  1.02926016e-01
 -4.70680557e-02  2.44916277e-03  1.57576233e-01 -5.01252944e-03
 -2.20534801e-01  3.66880521e-02  5.78221381e-02  2.39656195e-01
  2.10162714e-01  4.34907041e-02  3.54061313e-02 -6.70203120e-02
  9.56589431e-02 -1.60911635e-01  1.66103821e-02  1.08392179e-01
  1.18350826e-01  5.32963872e-02  5.74793294e-02 -2.01930150e-01
 -4.76117656e-02  6.26661703e-02 -1.90097496e-01 -4.17869575e-02
  3.66259478e-02 -6.54699579e-02 -7.41049647e-02 -2.65305419e-03
  2.12343454e-01  1.11571305e-01 -8.31084400e-02 -1.26960382e-01
  2.12354377e-01 -1.72697112e-01 -2.61811968e-02  2.89674252e-02
 -1.51234642e-01 -1.23219669e-01 -2.15457395e-01 -1.27732251e-02
  4.29661185e-01  7.59194419e-02 -1.69625774e-01  1.71617940e-02
 -3.71263959e-02 -3.19209546e-02  8.20614621e-02  9.43479240e-02
 -1.46281915e-02  2.92312633e-02 -5.70872538e-02 -1.99900940e-04
  1.42368704e-01 -4.74389382e-02  4.03216202e-03  2.00360969e-01
  7.74054835e-03  7.65511915e-02  5.80457449e-02  1.07113738e-02
 -6.68629855e-02 -1.41000794e-02 -2.01698214e-01 -1.10389166e-01
 -5.82096986e-02 -4.64469194e-02 -6.37395307e-03  8.81604701e-02
 -1.71838805e-01  1.60647511e-01  4.69933413e-02  3.95405851e-02
 -1.49704488e-02  3.79865393e-02 -1.01902271e-02 -7.53321871e-02
  1.04510285e-01 -2.53564924e-01  1.95073456e-01  2.41283700e-01
 -5.28364591e-02  1.32700309e-01  3.23296189e-02  2.71758679e-02
  1.88319124e-02 -6.19861484e-02 -1.71374977e-01 -7.84496069e-02
  3.30106765e-02 -7.48240575e-02  6.63242955e-03 -4.63983184e-03]