[-0.03944458  0.13755266  0.0574425  -0.04532922 -0.10925044 -0.02126268
 -0.00921409 -0.18201296  0.14384475 -0.09207276  0.23433125 -0.0160343
 -0.22992702 -0.10367782 -0.0228041   0.21034662 -0.23918676 -0.16140574
 -0.02555089 -0.02530047  0.0423106  -0.00283554  0.00804089 -0.01004625
 -0.08209069 -0.34952503 -0.09791089 -0.07147676  0.08098963 -0.04127396
 -0.07793533  0.06056945 -0.15916662 -0.08611291  0.09695949  0.06417739
 -0.0530867  -0.07481225  0.16761516  0.02511874 -0.22372428  0.07015251
  0.07542211  0.25143448  0.25233576  0.05462083  0.02498587 -0.11466425
  0.15045969 -0.16146933 -0.0155754   0.12285755  0.08534711  0.04854931
  0.00903243 -0.17712387 -0.00540154  0.07583854 -0.20687139 -0.05658316
  0.0920274  -0.12323599 -0.03119265 -0.03489736  0.17845066  0.07234744
 -0.07764985 -0.20238073  0.19372885 -0.17072211 -0.0706639   0.00337752
 -0.15590107 -0.11032943 -0.24363668 -0.0428584   0.41553193  0.08913661
 -0.13841233  0.05475621 -0.033467   -0.00516078  0.11172041  0.15196976
  0.02172801 -0.00210476 -0.07858703 -0.04242276  0.18807092 -0.08551335
 -0.01187698  0.19225791 -0.00943589  0.08256485  0.04583436 -0.01823748
 -0.09964424  0.05375714 -0.16202967 -0.07729591 -0.07883372 -0.02010472
  0.02939353  0.13695674 -0.15093978  0.1350513   0.00766468  0.05985243
 -0.01799081 -0.03437839 -0.00823445 -0.05477792  0.08646648 -0.24819794
  0.20204638  0.22392011  0.00506574  0.09305122  0.06167213  0.0237857
  0.02197706 -0.0205391  -0.22712569 -0.05631809  0.03581585 -0.05760536
  0.04482783 -0.01765809]