[-1.57293566e-02  1.11227863e-01  7.20918104e-02 -2.72510387e-02
 -9.86218229e-02 -4.27534990e-02  1.51765381e-03 -2.10067034e-01
  1.19734302e-01 -9.93629843e-02  2.53927171e-01 -4.27846685e-02
 -2.33597755e-01 -8.33044052e-02 -1.68115366e-02  2.15270266e-01
 -1.88622713e-01 -1.78665906e-01 -3.37014906e-02 -3.11185420e-02
  6.41220212e-02 -6.03149319e-03  2.65209731e-02 -8.87169410e-03
 -6.29182085e-02 -3.10304403e-01 -1.16262250e-01 -6.00253902e-02
  1.17949955e-01 -3.56468596e-02 -1.10337697e-01  6.13774322e-02
 -1.58166155e-01 -7.68967792e-02  9.74116549e-02  4.77176532e-02
 -2.57049482e-02 -1.04250871e-01  1.81006864e-01  1.52215539e-02
 -2.35748798e-01  6.28675148e-02  8.57326686e-02  2.17386529e-01
  2.12052375e-01  5.65672293e-02  3.20042893e-02 -1.20743625e-01
  9.90873277e-02 -1.72544971e-01  2.57067215e-02  9.98531356e-02
  1.02256894e-01  4.60158698e-02  3.95409064e-03 -2.08172992e-01
 -1.69537514e-02  7.88516328e-02 -1.91458583e-01 -4.36179489e-02
  1.02927305e-01 -7.87665844e-02 -4.30039279e-02 -3.42889428e-02
  2.04219982e-01  1.01223551e-01 -9.13472921e-02 -1.79894701e-01
  1.96309909e-01 -1.44321948e-01 -7.53782317e-02  1.49235455e-02
 -1.64879784e-01 -9.07602385e-02 -2.34937593e-01 -3.10167130e-02
  4.15727139e-01  4.15862799e-02 -1.63153648e-01  4.12101485e-02
 -3.43260728e-02  2.70612929e-02  1.17450669e-01  1.19253673e-01
  1.12503720e-02 -7.17531657e-03 -9.36712772e-02 -5.24194129e-02
  1.93689212e-01 -1.03564017e-01 -1.61491055e-02  1.95129216e-01
 -6.78998558e-03  7.84870908e-02  4.08016853e-02  3.75561491e-02
 -6.07040338e-02  3.39606181e-02 -1.66008338e-01 -6.65133372e-02
 -5.05627394e-02 -2.91737099e-03 -5.44657698e-03  1.57330677e-01
 -1.65838927e-01  9.51290205e-02  8.35866667e-03  2.96878200e-02
 -5.52606070e-03 -3.41578647e-02 -1.33558782e-02 -6.47742003e-02
  6.19961321e-02 -2.59804815e-01  1.80724636e-01  2.28507400e-01
  2.14876985e-04  6.87075257e-02  5.02519682e-02  2.82914974e-02
  5.20451628e-02 -4.30087596e-02 -2.39265919e-01 -6.39750585e-02
  6.91120252e-02 -5.31260259e-02 -6.69757044e-03  4.67709918e-03]