[-0.13668486  0.153235    0.04954312 -0.04052734 -0.08532343 -0.07216185
 -0.03302903 -0.14425229  0.09287942 -0.03011009  0.29273972 -0.03419932
 -0.18054016 -0.20353866 -0.01894154  0.18373649 -0.18666109 -0.10499229
  0.00665037  0.03629294  0.15716046  0.00411164  0.05523086  0.02534552
 -0.1134569  -0.31626835 -0.07744292 -0.05368739 -0.01257009 -0.04496017
 -0.05504906  0.08278826 -0.1873837  -0.11131444  0.05279035  0.08545617
 -0.05452603 -0.02799888  0.16540092 -0.03630489 -0.20438252  0.02966454
  0.08127651  0.25285497  0.19298758  0.03407461  0.04847723 -0.1481635
  0.13845845 -0.12739739  0.02078683  0.14646599  0.07596152  0.03645962
  0.03067526 -0.12503688  0.03765669  0.10427375 -0.14311892 -0.0301503
  0.05461736 -0.07532506 -0.00934206 -0.08194815  0.16046186  0.03519038
 -0.05561043 -0.19074984  0.10748032 -0.07373026 -0.09639949  0.10183519
 -0.1863872  -0.19705947 -0.29466093 -0.00183214  0.35060021  0.06629948
 -0.18014209  0.07027306 -0.01591499 -0.02538616  0.13340898  0.12247726
  0.00161905  0.05247739 -0.13776867  0.00174996  0.21358764 -0.10264271
 -0.02443908  0.22422118  0.03394144  0.05963143  0.06261589 -0.01312074
 -0.0392942   0.09531479 -0.16066967 -0.04616787  0.03585054 -0.0756131
 -0.01093311  0.10120752 -0.15084049  0.07692728  0.02576588  0.08444109
 -0.04227913 -0.07132565 -0.08836377 -0.0505564   0.06217264 -0.18866475
  0.21738477  0.16124485  0.03788508  0.10306112  0.11744872  0.06625545
 -0.00932822 -0.02538266 -0.1442859   0.00245179  0.14250915  0.00082537
  0.10059819 -0.01704847]