[-0.12484189  0.13066998  0.06177415 -0.04023599 -0.06681588 -0.05630701
 -0.04164241 -0.14178537  0.11339008 -0.04033115  0.27641448 -0.01968275
 -0.19415425 -0.17907424 -0.03591289  0.20691259 -0.20326369 -0.12820458
 -0.02239783 -0.01212907  0.11029825 -0.02319499  0.0251078   0.00723933
 -0.11929454 -0.29635531 -0.05823722 -0.06392279  0.00426014 -0.02410322
 -0.03650634  0.10288893 -0.1942483  -0.07752933  0.06218494  0.08778893
 -0.00084446 -0.05375544  0.17543249 -0.02895909 -0.20636955  0.01655552
  0.08538392  0.23294829  0.18532908  0.01066009  0.04880083 -0.14948203
  0.14847529 -0.09323056 -0.00930083  0.1613161   0.06164675  0.0306004
  0.04853658 -0.1724685   0.0511132   0.06033258 -0.13498496 -0.06284182
  0.04728336 -0.08348314 -0.02946663 -0.11611636  0.1665612   0.02007778
 -0.05601547 -0.21616864  0.15274628 -0.06453316 -0.0717799   0.08540417
 -0.19871442 -0.16193795 -0.32060462 -0.01697292  0.33251539  0.08207306
 -0.19631211  0.10892161 -0.02004433 -0.02921734  0.12250745  0.15325961
  0.00896215  0.08903239 -0.11644405 -0.02683964  0.19529365 -0.07578519
 -0.02883818  0.18555743  0.00710772  0.023652    0.05060932 -0.03923586
 -0.07547645  0.06370186 -0.17735557 -0.07020134  0.02014907 -0.04589337
 -0.00217159  0.10105093 -0.13897432  0.04072954  0.0184122   0.07011928
 -0.06861126 -0.05026158 -0.08215227 -0.04865977  0.0808618  -0.19614561
  0.20799255  0.15727758  0.03945673  0.09542926  0.1428601   0.08595468
 -0.03212404  0.00174377 -0.14236984 -0.01887975  0.10216327 -0.01566512
  0.1048613  -0.00657736]