[-7.98440799e-02  1.38665900e-01  3.72430868e-02 -2.29735579e-02
 -6.55411631e-02 -1.67104322e-02 -1.79173928e-02 -1.29960805e-01
  1.34265080e-01 -3.17467861e-02  2.83235282e-01 -2.92117596e-02
 -2.01779604e-01 -1.88091502e-01 -9.70888790e-03  1.94078669e-01
 -1.96070850e-01 -1.41104013e-01  8.90782103e-03  3.46455239e-02
  1.39499590e-01  4.99777496e-03  3.68236266e-02  1.97030604e-02
 -1.14073910e-01 -3.11114758e-01 -6.68708310e-02 -5.51657490e-02
  8.68925732e-03 -4.93332967e-02 -8.34473222e-02  9.16346535e-02
 -2.05189511e-01 -1.01770632e-01  5.85360304e-02  7.92066008e-02
 -2.71558436e-03 -5.15068769e-02  1.77141830e-01 -2.05084160e-02
 -2.00756818e-01  4.31092344e-02  4.00926247e-02  2.41106942e-01
  1.87021866e-01  1.81563571e-02  1.93353351e-02 -1.33048400e-01
  1.03881478e-01 -1.07488416e-01  2.17504408e-02  1.61895499e-01
  7.24672973e-02  2.46426594e-02 -8.09673965e-03 -1.45255968e-01
  6.39457256e-03  6.57502785e-02 -1.39533430e-01 -5.47125600e-02
  5.98685406e-02 -7.37545416e-02 -3.01896548e-03 -1.18432932e-01
  1.41810879e-01  2.19297665e-03 -4.67835106e-02 -2.27234244e-01
  9.81818438e-02 -8.54425207e-02 -8.46482292e-02  7.75356069e-02
 -1.95402861e-01 -1.72266349e-01 -2.98114091e-01  5.64131886e-03
  3.37631911e-01  7.30741471e-02 -2.01350376e-01  9.21971425e-02
 -1.62724275e-02 -3.60007547e-02  1.09676972e-01  1.22977547e-01
  3.14374566e-02  8.30571577e-02 -1.34727642e-01 -3.21748108e-03
  2.04865858e-01 -8.36300999e-02 -2.93125398e-02  2.27778316e-01
 -9.32688173e-03  5.12402765e-02  6.34858608e-02 -2.20418014e-02
 -1.45722581e-02  1.01513885e-01 -1.52500734e-01 -3.66196781e-02
  1.57316662e-02 -6.40276074e-02 -3.30468128e-03  1.28517747e-01
 -1.50873706e-01  5.80912493e-02  1.18350645e-03  8.40062574e-02
 -2.38751657e-02 -4.67625186e-02 -1.06617108e-01 -7.32860267e-02
  1.00135460e-01 -2.07912132e-01  1.79769263e-01  1.62494466e-01
  4.42008935e-02  8.22434053e-02  1.05097294e-01  1.01619504e-01
 -2.11480577e-02  3.44172113e-05 -1.99254081e-01 -1.26988592e-03
  1.22752987e-01 -8.20444152e-03  9.82473716e-02  8.91303178e-03]