[-0.09184789  0.13121335  0.05719898 -0.05333959 -0.08594357 -0.05692039
 -0.07342893 -0.11692617  0.16758582 -0.02822165  0.27548265 -0.00878465
 -0.19577128 -0.12903552 -0.04945226  0.20239368 -0.24630189 -0.13221104
 -0.00564856 -0.0125657   0.11336714 -0.01899984  0.02740005  0.02779125
 -0.1176542  -0.31483147 -0.04892929 -0.04854461  0.02052748 -0.02132458
 -0.04669878  0.08411688 -0.25421095 -0.10879534  0.07160832  0.10222997
 -0.01391817 -0.08048455  0.15974715 -0.02774187 -0.19045591  0.0289933
  0.05416635  0.21452315  0.17078851  0.0260601   0.04512493 -0.15141124
  0.13934627 -0.11486795  0.00633516  0.16723144  0.06440827  0.03118918
 -0.00632672 -0.19614552  0.01748457  0.10118139 -0.14368357 -0.04042649
  0.05446058 -0.08986171 -0.02209618 -0.14405178  0.20070505  0.04417772
 -0.07671981 -0.24713889  0.11431112 -0.06188    -0.05156267  0.09361345
 -0.17357476 -0.15468581 -0.30549526 -0.00680294  0.33775935  0.03137808
 -0.18282032  0.0838977  -0.05477287 -0.03461995  0.0491655   0.13449244
  0.00686889  0.10346302 -0.12779294 -0.01577029  0.22419207 -0.07427356
 -0.02587618  0.21026777 -0.02794148  0.04017375  0.03524579 -0.0217062
 -0.10424932  0.07002127 -0.1577916  -0.06882846  0.01216777 -0.04222262
 -0.02148038  0.09760074 -0.13808198  0.0332903  -0.01360921  0.06610804
 -0.04446477 -0.060512   -0.10601249 -0.09240996  0.1185249  -0.21734987
  0.22883098  0.15105979  0.08218198  0.11873142  0.12184528  0.0836376
 -0.03292385  0.00622465 -0.15803649 -0.00114609  0.09741697 -0.02770128
  0.10979696 -0.00764075]