[-0.12167861  0.11465855  0.06842673 -0.05910394 -0.08077092 -0.05745814
 -0.06583272 -0.12351859  0.15378056 -0.02890519  0.27795789 -0.02720702
 -0.18432623 -0.13707554 -0.04367146  0.21040869 -0.23389696 -0.13209654
 -0.00708722 -0.00282325  0.11721162 -0.02673697  0.0235258   0.01575974
 -0.12956318 -0.32732624 -0.07468382 -0.05100964  0.03253141 -0.00731267
 -0.04622856  0.05368329 -0.2389659  -0.10049596  0.07632988  0.10012007
 -0.00748644 -0.10628809  0.17057258 -0.01578703 -0.21885145  0.02626446
  0.06509024  0.20137493  0.15186551  0.02790925  0.03492932 -0.15624034
  0.15908228 -0.11627527  0.01141975  0.17596278  0.05796871  0.03845627
  0.00604284 -0.18148421  0.05873134  0.09805555 -0.1748933  -0.05445113
  0.04668653 -0.08075046 -0.02067423 -0.13568202  0.16253285  0.06144289
 -0.06531511 -0.24289179  0.12051857 -0.05593402 -0.03254398  0.09008794
 -0.18453698 -0.17700142 -0.31334707 -0.00882125  0.34720558  0.04884642
 -0.18444458  0.08703767 -0.04353208 -0.03074474  0.07820474  0.14094834
  0.01377885  0.09691527 -0.11698472 -0.03157864  0.21329089 -0.08380478
 -0.01504931  0.20970975 -0.02018447  0.04575125  0.04077343 -0.00286083
 -0.10401731  0.06619718 -0.13526523 -0.06119369  0.03288874 -0.04309552
 -0.0113136   0.08733344 -0.16594376  0.04611598  0.00866081  0.05274577
 -0.04150388 -0.06803881 -0.0838473  -0.07944435  0.10603078 -0.21531187
  0.23442328  0.17330995  0.05434129  0.1272168   0.12817745  0.07757373
 -0.04094168  0.00226094 -0.14757724 -0.01080393  0.08298186 -0.02565174
  0.09035215 -0.01035827]