[-0.14291905  0.1407737   0.04812551 -0.06071966 -0.07755308 -0.03599862
 -0.0498099  -0.13342325  0.14325844 -0.04830061  0.25489572 -0.04213807
 -0.15676938 -0.1559951  -0.03076041  0.18354599 -0.2169646  -0.14518768
  0.01321703  0.020575    0.14784414 -0.01349578  0.02421952  0.0156865
 -0.15358952 -0.29201472 -0.08767353 -0.05642689  0.00948289 -0.04621405
 -0.0414476   0.06406365 -0.21612635 -0.09955261  0.04608294  0.11536705
 -0.0318646  -0.07507258  0.15910256 -0.03026913 -0.19567977  0.04836898
  0.04700882  0.24424985  0.18410383  0.02670186  0.0189427  -0.14403081
  0.13928223 -0.10986356  0.00550951  0.14986883  0.06884501  0.04427977
  0.01938847 -0.13195279  0.05184     0.10883786 -0.14395191 -0.05194829
  0.04534826 -0.0892361   0.01437723 -0.11501966  0.17233923  0.04765308
 -0.05046289 -0.20788252  0.1280167  -0.03958671 -0.09000611  0.07460936
 -0.17758386 -0.16570833 -0.29828694 -0.00312676  0.34182271  0.05643601
 -0.1840934   0.09319067 -0.01557856 -0.016904    0.09448496  0.13472681
 -0.00788704  0.06428914 -0.11758204 -0.0086555   0.22200349 -0.07959118
 -0.03049587  0.18220563 -0.00046666  0.0404425   0.05866322 -0.03141982
 -0.06301486  0.09519023 -0.14515309 -0.04886129  0.03359277 -0.05044766
 -0.01762373  0.13256159 -0.14850436  0.07509445  0.0190687   0.05670097
 -0.05643096 -0.05958899 -0.08624029 -0.03189955  0.08619228 -0.21900979
  0.21485138  0.16090761  0.03660593  0.11494298  0.12719962  0.07447594
 -0.0250989   0.02518505 -0.17418423 -0.00919714  0.12758566  0.00366363
  0.11136319  0.01089523]