[-7.96634108e-02  1.29079118e-01  2.75412090e-02 -4.97364700e-02
 -2.09599808e-02 -6.27459735e-02 -7.44318217e-02 -1.33869991e-01
  1.22225881e-01 -2.53895428e-02  2.40116939e-01 -6.24302821e-03
 -2.01495007e-01 -1.85329303e-01 -4.58967499e-02  1.53276116e-01
 -1.54918149e-01 -9.52071473e-02 -7.23385885e-02 -3.62487100e-02
  4.71198224e-02  6.98431069e-03  8.65286887e-02 -1.59058962e-02
 -7.53369555e-02 -3.49931121e-01 -8.33306611e-02 -7.32817128e-02
  3.80253084e-02 -6.60208315e-02 -5.89495786e-02  2.69467570e-02
 -1.91745564e-01 -1.04869880e-01  1.72080491e-02  8.98352042e-02
 -4.32539247e-02 -4.87006865e-02  1.89912453e-01 -1.91406615e-03
 -1.53672382e-01  3.11933458e-04  4.90901433e-02  2.43612126e-01
  2.33004048e-01  5.17598353e-02  6.98724315e-02 -1.18374400e-01
  9.95888636e-02 -1.29685298e-01  4.56153862e-02  1.23631433e-01
  7.44280145e-02  6.13120496e-02  4.23034616e-02 -1.33102089e-01
 -1.16469304e-03  1.15291052e-01 -6.85107708e-02 -1.18345181e-02
  3.05911899e-02 -7.83836916e-02 -8.70612264e-03 -4.26438488e-02
  2.54395157e-01  3.50763313e-02 -9.03469846e-02 -1.24545813e-01
  1.12453856e-01 -7.27579743e-02 -6.01776242e-02  3.79303209e-02
 -1.59512043e-01 -1.23794459e-01 -3.34173262e-01  3.83637361e-02
  3.85100335e-01  6.79345950e-02 -1.56776428e-01  5.00737429e-02
 -1.02738395e-01 -1.70758497e-02  1.12255685e-01  8.56607780e-02
 -6.40989766e-02  2.79529337e-02 -1.20963536e-01  6.13071211e-03
  2.29355648e-01 -7.26785958e-02 -7.59122968e-02  1.28286928e-01
 -3.92262191e-02  1.13571540e-01  1.67010259e-02  3.39523493e-03
 -8.15160200e-02  5.90384789e-02 -1.15269102e-01 -3.71025689e-02
  9.32983980e-02 -6.27883598e-02  2.53328625e-02  1.19306423e-01
 -1.22118726e-01  4.76703718e-02  4.48939577e-02  5.07538877e-02
  4.17594798e-02  5.24548208e-03 -9.08325762e-02 -8.56098756e-02
  1.14603661e-01 -1.93754166e-01  2.61194974e-01  1.87818587e-01
  3.94599736e-02  1.17525995e-01  1.46726280e-01  9.04632732e-02
 -2.50216927e-02  1.78549942e-02 -1.19790830e-01 -1.52395759e-02
  7.75667801e-02  6.62741363e-02  1.40174776e-01  2.65721586e-02]