[-1.08085923e-01  1.14029966e-01  5.83967641e-02 -2.73846295e-02
 -1.20392339e-02 -7.97304660e-02 -3.68574746e-02 -1.31361589e-01
  1.10468052e-01 -4.83372761e-03  2.43764505e-01 -7.02855969e-03
 -1.96282431e-01 -1.77601323e-01 -1.81410443e-02  1.42278537e-01
 -1.45370036e-01 -1.02936484e-01 -6.57403544e-02 -4.03754376e-02
  7.09155798e-02  4.15576175e-02  7.32985511e-02 -2.21435931e-02
 -7.90733621e-02 -3.44456792e-01 -6.41481727e-02 -7.65124932e-02
  1.92971658e-02 -2.37492174e-02 -5.02767451e-02  2.61474680e-02
 -1.79706067e-01 -9.16053131e-02  2.16559917e-02  9.84886289e-02
 -2.10429523e-02 -4.51329313e-02  1.68879002e-01 -1.16398586e-02
 -1.58910394e-01 -2.33397409e-02  6.31406307e-02  2.40164950e-01
  2.23056063e-01  2.69254837e-02  3.91261689e-02 -1.09270528e-01
  6.78422824e-02 -1.45707428e-01  4.00417969e-02  1.20253615e-01
  9.24661607e-02  5.73292971e-02  2.87873242e-02 -1.26991287e-01
  7.45215872e-03  6.64717928e-02 -7.53787979e-02 -4.41931561e-02
  3.37237790e-02 -5.88234663e-02 -4.34316471e-02 -3.97307053e-02
  2.26611018e-01  2.22118776e-02 -1.00825921e-01 -1.15869582e-01
  5.65946810e-02 -8.57569799e-02 -8.20478722e-02  3.08697056e-02
 -1.64238781e-01 -1.24640070e-01 -3.34697783e-01  3.42810191e-02
  3.78706306e-01  2.14771256e-02 -2.03757718e-01  4.47637029e-02
 -1.09437458e-01 -1.43555182e-04  1.27156809e-01  6.76480606e-02
 -4.88809571e-02  3.06969285e-02 -1.51888922e-01 -1.62403029e-03
  2.04901978e-01 -9.69159231e-02 -5.83392493e-02  1.47957548e-01
 -1.67835858e-02  1.02441311e-01  2.50444543e-02  3.93966027e-02
 -4.27368432e-02  7.49584585e-02 -1.11766018e-01 -3.33994627e-02
  1.31633237e-01 -5.05969636e-02  9.99403279e-03  1.10899977e-01
 -1.67589366e-01  6.04840778e-02  7.07787126e-02  5.38281985e-02
  9.29888263e-02 -2.79162675e-02 -1.00004546e-01 -1.10064223e-01
  1.15131818e-01 -1.77084103e-01  2.07359537e-01  1.96881235e-01
  5.68222068e-03  1.25977576e-01  1.24528684e-01  8.66884217e-02
 -4.03240323e-02  2.98062060e-02 -1.37104899e-01  2.12095235e-03
  7.26346746e-02  6.04892932e-02  7.41072893e-02  2.98621897e-02]