[-5.40098920e-02  1.36206061e-01  7.39317164e-02 -1.88421980e-02
 -8.20770413e-02 -9.99464020e-02 -2.56047435e-02 -5.22196069e-02
  7.39933923e-02  5.36872831e-04  2.76371479e-01 -7.86858127e-02
 -2.32881412e-01 -4.56879102e-02 -9.69546065e-02  1.20003439e-01
 -1.34217083e-01 -7.34543800e-02 -1.31062016e-01 -8.95157903e-02
  5.50265200e-02  3.14339809e-02  6.40401766e-02  2.23027803e-02
 -7.35538527e-02 -2.95440853e-01 -6.91879317e-02 -5.61985970e-02
  8.25996473e-02 -1.02158025e-01 -5.19006550e-02  6.55312464e-02
 -1.49471924e-01 -9.63532850e-02  6.04558364e-02  1.91479120e-02
 -3.23769934e-02 -5.50014861e-02  1.94890603e-01  3.91924046e-02
 -1.54662266e-01  6.56339005e-02  3.45502757e-02  3.11217010e-01
  2.18177229e-01  8.25550929e-02  9.33862384e-03 -9.34885070e-02
  5.69032803e-02 -2.58456677e-01  5.39635196e-02  1.91233829e-01
  5.67519553e-02  6.24166019e-02  8.66975263e-02 -1.56207338e-01
 -2.27344241e-02  1.05097413e-01 -8.62466618e-02  1.02362670e-02
  3.37413959e-02 -8.94082338e-02 -1.33881038e-02 -1.63899675e-01
  1.86887190e-01  8.49118307e-02 -1.13867357e-01 -9.76041406e-02
  1.11654617e-01 -1.04869269e-01 -6.93048835e-02  5.69136702e-02
 -1.20503835e-01 -9.84993204e-02 -2.77249098e-01  7.08001256e-02
  4.10757512e-01  1.34172723e-01 -1.61304340e-01  4.07105088e-02
 -9.27919745e-02  2.36856099e-02  5.16468957e-02  4.02739272e-02
 -1.17299415e-01 -1.10019352e-02 -9.35699344e-02  3.73546034e-03
  1.33990586e-01 -8.23651478e-02 -7.28130341e-02  1.45090044e-01
 -5.76418154e-02  7.60040432e-02  5.07161394e-02  1.28004430e-02
 -1.26013324e-01  2.91258702e-03 -1.11200333e-01 -2.63460143e-03
  5.87846600e-02 -1.33264303e-01 -1.19259581e-03  8.98865461e-02
 -1.53024793e-01  4.91530821e-02 -1.39129935e-02 -1.35317445e-02
  6.25128159e-03  3.04725207e-02 -5.48680127e-02 -9.22998041e-03
  1.20789029e-01 -2.64582813e-01  2.79046774e-01  2.05183864e-01
  1.40404021e-02  1.22461736e-01  1.27002478e-01  6.37793168e-02
 -2.42612641e-02  1.60253234e-02 -6.33829013e-02 -1.05829775e-01
  4.82581370e-02  2.92061251e-02  5.19350171e-02 -4.54850488e-05]