[-1.14229023e-01  1.20768659e-01  4.81855720e-02 -3.68699953e-02
 -9.77864582e-03 -7.94612318e-02 -5.62974997e-02 -1.59478694e-01
  1.04709402e-01 -2.50484627e-02  2.39735007e-01  1.88749039e-03
 -1.87034041e-01 -1.98877275e-01 -1.51943043e-02  1.55085191e-01
 -1.41478166e-01 -1.21181063e-01 -5.48367612e-02 -2.04071086e-02
  5.47001734e-02  1.76977403e-02  7.96309859e-02 -2.08989903e-02
 -8.52762982e-02 -3.52209240e-01 -7.17227012e-02 -7.24204406e-02
 -1.54900579e-02 -7.17970124e-03 -4.20798138e-02  4.82939221e-02
 -1.86540559e-01 -7.61754438e-02  2.96285804e-02  1.13598302e-01
 -1.78085603e-02 -3.34642455e-02  1.86905622e-01 -2.35560928e-02
 -1.63955733e-01 -2.15930212e-02  8.09705555e-02  2.23472148e-01
  2.31100157e-01  1.98138859e-02  4.97625880e-02 -1.09577894e-01
  1.02107964e-01 -1.23560511e-01  2.29173638e-02  1.13242008e-01
  8.86400566e-02  5.89897223e-02  3.80819701e-02 -1.24640323e-01
  3.95984054e-02  5.03083430e-02 -7.44158477e-02 -6.37719557e-02
  2.40494218e-02 -8.13413486e-02 -3.78245711e-02 -2.69369241e-02
  2.33902931e-01  7.12844729e-03 -8.79876837e-02 -1.25128776e-01
  7.00665638e-02 -7.75230676e-02 -6.57351613e-02  5.18657938e-02
 -1.75701067e-01 -1.25588447e-01 -3.45706612e-01  3.02825030e-02
  3.86603445e-01  3.55983637e-02 -1.81517795e-01  6.14732988e-02
 -9.07445028e-02 -1.98309813e-02  1.12318359e-01  7.04712570e-02
 -5.26864342e-02  3.00422460e-02 -1.55898303e-01  1.89630315e-04
  2.24745139e-01 -8.11224505e-02 -5.58025017e-02  1.45374432e-01
 -1.90082826e-02  1.14467703e-01  2.24558245e-02  3.09681352e-02
 -4.50536795e-02  7.42116943e-02 -1.05749324e-01 -3.07963789e-02
  1.20755695e-01 -5.49964905e-02  2.02719476e-02  1.17599085e-01
 -1.65877730e-01  4.62115929e-02  4.60171364e-02  6.75757751e-02
  6.96484521e-02 -6.29408006e-03 -9.84971002e-02 -1.10755406e-01
  9.11951587e-02 -1.79287419e-01  1.97734639e-01  1.79242551e-01
  2.83133249e-05  1.15098514e-01  1.27745092e-01  9.50614065e-02
 -5.61249144e-02  3.28937843e-02 -1.31623670e-01 -7.82098901e-03
  7.93061554e-02  7.04717338e-02  1.03611864e-01  3.47586647e-02]