[-9.45334211e-02  8.98327231e-02  3.27017494e-02 -3.59228812e-02
 -4.48974334e-02 -1.44081756e-01 -3.78176682e-02 -1.16264097e-01
  9.87644717e-02 -3.98018770e-02  2.98851579e-01 -4.83251475e-02
 -2.33515888e-01 -1.28719524e-01 -6.76411316e-02  1.48474485e-01
 -1.67674765e-01 -8.73108357e-02 -8.35411996e-02 -3.97828706e-02
  6.13620952e-02 -1.01233711e-02  6.86672628e-02  3.42347920e-02
 -4.31023203e-02 -3.03445548e-01 -1.01908922e-01 -5.58285378e-02
  6.79025128e-02 -3.77359875e-02 -6.08108528e-02  2.30275150e-02
 -1.92558363e-01 -1.38753995e-01  6.47382215e-02  6.44193739e-02
 -1.52715566e-02 -2.93816235e-02  2.01267630e-01  6.27126265e-03
 -1.75764307e-01  6.15584925e-02  2.65789460e-02  2.66309381e-01
  2.12691262e-01  9.57945734e-02  4.05365787e-03 -1.17373578e-01
  8.54971558e-02 -1.65451944e-01  6.00864775e-02  1.33033529e-01
  1.17666736e-01  8.79963394e-03  6.61207661e-02 -1.72201902e-01
 -2.78483313e-02  1.42496347e-01 -1.39463857e-01 -2.37848945e-02
  1.20711830e-02 -7.42890462e-02 -1.21931348e-03 -1.28704771e-01
  1.94021210e-01  7.48233572e-02 -1.15422308e-01 -1.36226162e-01
  1.43419057e-01 -1.15920164e-01 -4.50865887e-02  7.16750845e-02
 -1.28928527e-01 -1.24502294e-01 -3.14819157e-01  1.98444109e-02
  3.75955611e-01  8.96733776e-02 -1.57735899e-01  4.86274362e-02
 -5.56853414e-02 -1.31248906e-02  8.15998688e-02  6.43184856e-02
 -5.70769608e-02  3.00509911e-02 -9.99307185e-02 -3.20479944e-02
  1.35921657e-01 -5.78391217e-02 -8.24619606e-02  1.48865730e-01
 -7.37393796e-02  1.03322141e-01  4.45538126e-02 -1.17457854e-02
 -9.52798501e-02  2.56764889e-02 -1.31312117e-01 -2.29589567e-02
  2.64091436e-02 -7.78016075e-02  1.27435541e-02  7.21087083e-02
 -1.19840860e-01  1.72253232e-02  3.95931311e-05  3.15287150e-02
 -2.81433556e-02  1.31977079e-02 -7.16675743e-02 -2.80654915e-02
  9.63914618e-02 -2.69039363e-01  2.96027988e-01  1.89204380e-01
  9.52355471e-03  1.12436987e-01  1.17091142e-01  2.15463974e-02
 -1.63815022e-02 -1.20685995e-03 -1.32289633e-01 -6.91378340e-02
  6.65564090e-02 -3.32194567e-03  1.61903247e-01  5.51620871e-03]