[-0.13700472  0.08831667  0.02713577 -0.05084572 -0.02054897 -0.12716646
 -0.02981123 -0.15622763  0.09805219 -0.0183987   0.24228445 -0.037787
 -0.20806539 -0.16496186 -0.02317796  0.16512781 -0.18814835 -0.10169505
 -0.0788103  -0.08313662  0.01705955 -0.00404131  0.06887133  0.05114465
 -0.05196727 -0.35294864 -0.09966644 -0.10237467  0.00354809  0.02476035
 -0.07440337  0.0289587  -0.18202306 -0.13457076  0.05599266  0.07204988
 -0.01815748 -0.03014951  0.19042729 -0.02644207 -0.15543514  0.04846269
  0.09177917  0.26607648  0.23401999  0.08120364  0.02510534 -0.10096937
  0.07258871 -0.12044161  0.06110408  0.1123056   0.09177788  0.00663386
  0.04179894 -0.15655355 -0.00359472  0.07928402 -0.13555133 -0.04694506
  0.0281113  -0.10205638 -0.04731764 -0.06219448  0.22162032  0.0933157
 -0.08054181 -0.12469047  0.13828783 -0.11065344 -0.0391105   0.02199046
 -0.17330734 -0.14257793 -0.31696463  0.04046949  0.40086928  0.07972796
 -0.16201432  0.05878321 -0.06557597  0.00054672  0.15875883  0.07069873
 -0.05671215  0.00340896 -0.10880746  0.01784345  0.16196077 -0.05303442
 -0.09446269  0.12245108 -0.02735892  0.07227487  0.0587627   0.00218583
 -0.05106795  0.05923883 -0.16931568 -0.01174732  0.08783094 -0.03645314
  0.02997564  0.06635389 -0.1474656   0.00948336  0.05756825  0.00580864
 -0.00766076 -0.00392536 -0.08597947 -0.05622289  0.10673312 -0.2123431
  0.25910148  0.19979584  0.01257381  0.15107562  0.09233622  0.02819833
 -0.02311239 -0.01248359 -0.15070882 -0.02375314  0.11165752  0.04658214
  0.18701334  0.03876253]