[-0.08205919  0.10319479  0.01890567 -0.05375046 -0.01208892 -0.08247606
 -0.06587508 -0.12997316  0.10039908 -0.00108208  0.24053195 -0.00534763
 -0.18824592 -0.19297415 -0.01822417  0.13957861 -0.160778   -0.10282423
 -0.07333311 -0.03084488  0.05867254 -0.00232519  0.08013416 -0.01971988
 -0.09491187 -0.34761903 -0.09209906 -0.06973302  0.02320248 -0.02952266
 -0.03566905  0.04548198 -0.19203718 -0.09164708  0.03315715  0.09491401
 -0.01377187 -0.04762613  0.18309061 -0.01867186 -0.1550608  -0.00160616
  0.08473264  0.23847501  0.23602037  0.02393522  0.04849068 -0.10043366
  0.10096727 -0.12317236  0.04325764  0.13301222  0.10302094  0.07726608
  0.05083895 -0.09966519  0.04390449  0.09019716 -0.08821299 -0.05779204
  0.02610208 -0.05024408 -0.02788163 -0.05494028  0.22420044  0.03171821
 -0.09991323 -0.12461766  0.0547367  -0.07877645 -0.06137265  0.03565598
 -0.17421123 -0.11698838 -0.34192869  0.0215346   0.35755715  0.045143
 -0.19391599  0.06223062 -0.08973508 -0.02822858  0.11929504  0.06002042
 -0.06109231  0.03606059 -0.13299537  0.01198171  0.2128967  -0.08502942
 -0.04448388  0.1384422  -0.02292841  0.09818955  0.02869553  0.03806453
 -0.06074888  0.06375223 -0.10340921 -0.01387258  0.11321192 -0.06286269
  0.01388796  0.09707399 -0.14847775  0.05637376  0.06559052  0.06417719
  0.06112632 -0.01476646 -0.08529257 -0.10438267  0.09627064 -0.19878849
  0.22066264  0.17670362 -0.0111176   0.10428455  0.11595739  0.09696094
 -0.06452973  0.02519245 -0.11202402 -0.0080092   0.06580295  0.06482903
  0.09789087  0.01725379]