[-0.08462829  0.11926009  0.05524985 -0.02254856 -0.03823102 -0.05252898
 -0.04922777 -0.10043776  0.11790907 -0.01077289  0.2481685  -0.0274241
 -0.22204684 -0.16510399 -0.0467201   0.13334738 -0.15173163 -0.08964276
 -0.05530695 -0.02464947  0.07034297  0.0178255   0.05514843 -0.01541555
 -0.04798045 -0.32053614 -0.06842072 -0.08225106  0.04944934 -0.07049917
 -0.05658296 -0.00593808 -0.17481565 -0.12637712  0.00127203  0.0917955
 -0.03146733 -0.04753299  0.14136532 -0.00163281 -0.16309005  0.00961044
  0.03946259  0.23390161  0.23557477  0.08173103  0.00856327 -0.12157632
  0.07489327 -0.20682131  0.05599299  0.13135037  0.09864463  0.06546929
  0.0420372  -0.1423589  -0.00933862  0.08944042 -0.0691449  -0.0176856
  0.02716522 -0.0448573   0.00675906 -0.06492992  0.2089875   0.02708732
 -0.09438168 -0.09939357  0.06050641 -0.10331352 -0.10142559  0.04244023
 -0.12082879 -0.1234826  -0.33524179  0.0549561   0.37840015  0.06991164
 -0.17624214  0.03406944 -0.1129565  -0.0004672   0.08843421  0.05689986
 -0.04599935 -0.00106512 -0.13501471 -0.04007561  0.18447247 -0.10337373
 -0.03864532  0.14689666 -0.04447912  0.11488348  0.01893025  0.04032202
 -0.06645622  0.0721271  -0.10770436 -0.05231844  0.11584745 -0.07270219
  0.01378281  0.09184987 -0.1787771   0.05701209  0.04287184  0.03060082
  0.08759762 -0.03271455 -0.08246686 -0.04996034  0.15056896 -0.2058336
  0.25881964  0.21241787  0.02024408  0.12806357  0.15242934  0.08257886
 -0.03514699 -0.00254751 -0.11748942 -0.03714978  0.05456715  0.04224056
  0.06583376  0.02498806]