[-0.11278021  0.10963055  0.04219806 -0.04166425 -0.00273716 -0.08189426
 -0.05318558 -0.15409403  0.10605209 -0.02144515  0.23821495  0.00080769
 -0.18594806 -0.20250177 -0.02196197  0.15354501 -0.15021005 -0.11008652
 -0.05775866 -0.02836143  0.05085177  0.0253347   0.08929267 -0.02346613
 -0.08354013 -0.35888401 -0.06943399 -0.08354266 -0.00804925 -0.01411763
 -0.04923702  0.04677648 -0.18288486 -0.07630567  0.02682309  0.10629256
 -0.02190752 -0.03477888  0.18904895 -0.01740559 -0.1586186  -0.02508279
  0.08411385  0.23097105  0.23069695  0.02293004  0.0511595  -0.10834616
  0.09735862 -0.12439054  0.0271777   0.10607433  0.0861484   0.05263681
  0.04070229 -0.11933811  0.03281116  0.05203182 -0.0717627  -0.05687473
  0.02656983 -0.07979229 -0.04472816 -0.02328146  0.24196663  0.01117565
 -0.09309874 -0.12330552  0.06655204 -0.08045717 -0.06981711  0.04379285
 -0.17127524 -0.11936637 -0.34753498  0.0250528   0.38376522  0.02790003
 -0.17770579  0.06082879 -0.09848133 -0.0229315   0.12405758  0.07724609
 -0.05417346  0.02674476 -0.15337352 -0.00125349  0.22135063 -0.08413547
 -0.06106926  0.13243549 -0.02167906  0.11439401  0.0153327   0.02756539
 -0.054242    0.07768712 -0.10216638 -0.02795819  0.12374904 -0.04975157
  0.01751348  0.11984018 -0.16409527  0.04619418  0.05161428  0.05692173
  0.08225672 -0.011829   -0.09578138 -0.11336339  0.08577557 -0.18318638
  0.19987883  0.18400809  0.00924088  0.11783465  0.12422576  0.08727937
 -0.05253173  0.04265004 -0.14169215 -0.00374172  0.07829123  0.07051265
  0.10176509  0.03022582]