[-7.25283846e-02  9.99346226e-02  3.92523482e-02 -3.41923796e-02
 -3.29808183e-02 -1.26942500e-01 -3.23962420e-02 -6.77785426e-02
  1.04101181e-01 -6.60873950e-03  2.79310971e-01 -7.26318285e-02
 -2.24865779e-01 -5.83917983e-02 -8.11788663e-02  1.25899032e-01
 -1.60976291e-01 -6.47877827e-02 -1.24780677e-01 -7.87263215e-02
  6.13860004e-02 -1.98887344e-02  4.54462282e-02  5.75330332e-02
 -6.27195463e-02 -2.83766806e-01 -9.83523354e-02 -7.56208077e-02
  9.22958478e-02 -8.77265707e-02 -5.98051138e-02  6.44355593e-03
 -1.58625633e-01 -1.23149395e-01  4.07667644e-02  3.14944945e-02
 -8.70661251e-03 -6.60253763e-02  2.01180264e-01  1.72043201e-02
 -1.75780728e-01  7.04543740e-02  3.39339748e-02  2.62792200e-01
  2.43642733e-01  9.23253894e-02  2.02331003e-02 -1.05487861e-01
  9.72487852e-02 -1.90605700e-01  6.84114248e-02  1.69743240e-01
  1.19147614e-01  6.31669536e-02  5.53340018e-02 -1.61952183e-01
 -2.28977483e-02  1.16459429e-01 -1.04957022e-01 -7.37720216e-03
  4.60140295e-02 -5.51629625e-02  1.85624864e-02 -1.03634790e-01
  1.49287537e-01  6.98625222e-02 -1.14261307e-01 -1.17482744e-01
  1.27013475e-01 -1.23268269e-01 -3.55826728e-02  7.63870999e-02
 -1.40272543e-01 -1.35365203e-01 -2.83464998e-01  7.10570365e-02
  4.09485728e-01  1.26410857e-01 -1.31354377e-01  3.98304090e-02
 -1.01528324e-01 -2.24714051e-03  5.82962930e-02  3.90486494e-02
 -8.99958611e-02 -3.65655124e-03 -9.67887715e-02  1.07194036e-02
  1.47000656e-01 -6.19277768e-02 -7.55017027e-02  1.21173181e-01
 -6.59699589e-02  8.09377432e-02  2.93700602e-02  4.78981435e-02
 -1.22864746e-01  3.68946679e-02 -9.16226432e-02 -3.11131030e-03
  6.14290424e-02 -7.69326240e-02  1.94649156e-02  5.95057979e-02
 -1.35451600e-01  5.39461263e-02  1.27672029e-04  1.04431165e-02
 -2.30836086e-02  4.29367088e-02 -6.43647090e-02 -7.87476916e-03
  1.26041099e-01 -2.35716566e-01  2.73526520e-01  1.99225709e-01
  2.13862434e-02  1.04013525e-01  1.18738316e-01  5.28303981e-02
 -9.29336622e-03 -5.75954327e-03 -9.49498340e-02 -7.98483863e-02
  3.93011644e-02  4.04383577e-02  1.25270292e-01  3.84783605e-03]