[-0.11102362  0.12159952  0.0380599  -0.04092517 -0.00280779 -0.08087584
 -0.05284311 -0.15562969  0.10667924 -0.0151234   0.24154925  0.00348282
 -0.18098427 -0.20877896 -0.01199276  0.15288258 -0.14962865 -0.11657303
 -0.05692649 -0.02989062  0.05391863  0.01813701  0.08216157 -0.01888843
 -0.09466554 -0.35842431 -0.07095349 -0.08312471 -0.0032126  -0.02019085
 -0.04223612  0.03363394 -0.19080877 -0.07914395  0.02894468  0.10387504
 -0.01769618 -0.03807069  0.18633907 -0.02186239 -0.15643623 -0.02226649
  0.08387264  0.22800528  0.23313513  0.01828637  0.05799029 -0.10659863
  0.09641079 -0.11906695  0.0288184   0.10472965  0.08216362  0.05444943
  0.0401572  -0.11883074  0.02720265  0.05280862 -0.0776936  -0.0560775
  0.02732666 -0.06943012 -0.04472623 -0.02054586  0.23652516  0.01013688
 -0.09144661 -0.13058971  0.06928796 -0.08334059 -0.06525272  0.04173326
 -0.16811593 -0.12190314 -0.34981963  0.03198901  0.39160061  0.03290309
 -0.18123713  0.06074456 -0.10088482 -0.02391448  0.11934813  0.06580258
 -0.0515149   0.02818394 -0.15500724  0.00931016  0.22687601 -0.07725233
 -0.05881268  0.13480204 -0.02431207  0.11057079  0.01668794  0.03287387
 -0.05781179  0.08044185 -0.09840834 -0.02790978  0.12284332 -0.0473793
  0.0237204   0.12597974 -0.16244248  0.05054888  0.05378365  0.05841113
  0.07211044  0.00144002 -0.10245907 -0.11550279  0.08650432 -0.18155029
  0.20343459  0.18260908  0.00643667  0.11354975  0.12377168  0.08720668
 -0.04773067  0.04071003 -0.13622475 -0.00389666  0.06853297  0.06854818
  0.10601308  0.03227745]