[-0.0633723   0.11863893  0.05114952 -0.01598178 -0.09660246 -0.1170295
 -0.03808431 -0.0677999   0.09126765 -0.0180594   0.27655253 -0.05840416
 -0.20559429 -0.02151029 -0.06814788  0.10174936 -0.16623901 -0.04242291
 -0.16934085 -0.13394009  0.02523963 -0.019879    0.05158014  0.03368519
 -0.09587117 -0.27883264 -0.10007572 -0.08465033  0.12636477 -0.10593227
 -0.02339261  0.00611297 -0.17732483 -0.11194701  0.02333363 -0.01615411
 -0.0287534  -0.05571764  0.19738564  0.02954093 -0.18103191  0.07520445
  0.01974702  0.27291349  0.27149442  0.08140091  0.01402625 -0.09392769
  0.09605857 -0.22235654  0.06440275  0.20236464  0.1042838   0.07270591
  0.07734785 -0.13719203 -0.01429932  0.11743057 -0.1034531  -0.00578506
  0.06030643 -0.0491154  -0.01043945 -0.11468091  0.15685862  0.10582902
 -0.08910541 -0.12338412  0.16136232 -0.13223702 -0.04494594  0.08348276
 -0.13596906 -0.14247367 -0.27419636  0.07637834  0.41970029  0.16955483
 -0.13860881  0.02875666 -0.13107377  0.01261242  0.05293966  0.02251812
 -0.09869137 -0.03372101 -0.05452352  0.03875489  0.14016305 -0.0849314
 -0.06863072  0.14318852 -0.04463845  0.03970393  0.02806847  0.023299
 -0.13596331  0.01750764 -0.09388644 -0.01101858  0.0855601  -0.08394478
  0.02876295  0.0634889  -0.1633867   0.10234495 -0.00144595 -0.00841125
 -0.0148291   0.02966538 -0.0410396   0.01407786  0.15706204 -0.25327113
  0.3195686   0.21383443 -0.01281039  0.10790785  0.10459995  0.05178943
 -0.01811767 -0.00751945 -0.07545062 -0.10227048  0.01603853  0.00101792
  0.06809975 -0.0039916 ]