[-4.42986451e-02  1.13515697e-01  6.64590970e-02 -2.53954213e-02
 -7.68745691e-02 -1.05092667e-01 -4.94034700e-02 -6.05723523e-02
  6.97520673e-02 -5.71657671e-03  2.84051895e-01 -4.81261425e-02
 -1.83397651e-01 -2.10245438e-02 -9.68632624e-02  1.03949681e-01
 -1.62825748e-01 -6.68751001e-02 -1.37697071e-01 -9.88030359e-02
  5.32315373e-02 -3.28767602e-03  4.32459973e-02  2.97658388e-02
 -1.14903800e-01 -2.51069218e-01 -9.43234935e-02 -7.48283640e-02
  1.18365645e-01 -1.15634002e-01 -4.16335724e-02  1.99371278e-02
 -1.82096347e-01 -9.91478637e-02  4.80674133e-02  2.68550753e-03
 -2.39565056e-02 -7.44015649e-02  2.07939625e-01  3.22222002e-02
 -1.87636063e-01  9.57945213e-02  2.07830574e-02  2.76187658e-01
  2.59911627e-01  5.91001213e-02  1.67723577e-02 -1.14558414e-01
  9.74051580e-02 -2.04314664e-01  7.40253702e-02  1.99989662e-01
  1.02234833e-01  8.61487016e-02  4.75497805e-02 -1.42040446e-01
 -1.33734820e-02  1.03864372e-01 -8.18495825e-02 -2.35326588e-04
  5.19533567e-02 -5.92787452e-02  2.82997042e-02 -1.33852527e-01
  1.18925452e-01  7.42282122e-02 -9.43570361e-02 -1.45180374e-01
  1.28340438e-01 -1.18720293e-01 -6.71775788e-02  9.12092105e-02
 -1.38468370e-01 -1.24578528e-01 -2.89649874e-01  5.73671237e-02
  4.19368356e-01  1.55854940e-01 -1.51849121e-01  4.03372906e-02
 -1.15881622e-01 -5.28487843e-03  4.61579561e-02  4.25126068e-02
 -9.45811421e-02 -6.15216777e-05 -6.59377649e-02  4.34290133e-02
  1.74549267e-01 -7.72488639e-02 -9.00026411e-02  1.24079801e-01
 -6.13902695e-02  6.92083687e-02  3.91852073e-02  4.35282253e-02
 -1.32922187e-01  3.13613079e-02 -9.09065828e-02 -1.94007752e-03
  4.91907261e-02 -7.64105096e-02  1.70341209e-02  1.01831868e-01
 -1.42593071e-01  1.02023065e-01 -7.31998542e-03  2.36027385e-03
 -2.72188131e-02  4.23321538e-02 -5.67156263e-02  1.14717009e-02
  1.39616534e-01 -2.36031041e-01  3.02530497e-01  2.02549025e-01
  1.86972450e-02  8.83424282e-02  1.41103894e-01  4.66831885e-02
 -2.47691143e-02  8.54209065e-04 -9.42497104e-02 -9.39320847e-02
  2.55985167e-02  1.94833223e-02  1.02848724e-01 -3.75685107e-04]