[-0.08008149  0.09329373 -0.01054073 -0.074748   -0.0800383  -0.03851227
 -0.02443398 -0.16052029  0.18729609 -0.05931462  0.25469634 -0.00399105
 -0.19515847 -0.11569219 -0.05293375  0.1769028  -0.23392868 -0.1577023
  0.00981298  0.00635263  0.14369367  0.01026882 -0.01422795  0.02344044
 -0.12379028 -0.2972115  -0.10611638 -0.04623735  0.04605046 -0.02575646
 -0.0447188   0.10045876 -0.21280466 -0.09509498  0.10182341  0.12018322
  0.00638307 -0.05889997  0.17199521 -0.02174082 -0.24358426  0.08348333
  0.07800912  0.24758713  0.19682147  0.01245152  0.00670352 -0.17802723
  0.14690961 -0.13205621  0.02309866  0.16957872  0.06846672  0.01772036
  0.00574739 -0.14763586  0.02632156  0.09304064 -0.17724536 -0.02914671
  0.12265964 -0.11362429 -0.00572641 -0.10705705  0.11866186  0.02003299
 -0.08181963 -0.24790291  0.12387037 -0.15118758 -0.08394381  0.08747662
 -0.16120929 -0.1812738  -0.31396055 -0.02783116  0.40323767  0.09033423
 -0.16210105  0.14585148 -0.01686141 -0.02311911  0.1581293   0.14930335
  0.04582734  0.07033437 -0.13222608  0.00405209  0.25630236 -0.05265693
 -0.01801216  0.23381455 -0.01734037  0.08205114  0.05362441  0.03311739
 -0.05190376  0.05495011 -0.15600562 -0.02753217 -0.0188106  -0.02473453
 -0.00244956  0.13521199 -0.13747029  0.09144328 -0.0045728   0.08413151
 -0.03473276 -0.07255503 -0.05957173 -0.04733193  0.10151791 -0.248403
  0.19708848  0.14780799  0.04152315  0.08860789  0.10400661  0.05234107
 -0.01044251 -0.0460969  -0.24888435 -0.01031422  0.06556989 -0.0460746
  0.1068957  -0.00887497]