[-0.10258436  0.0841405   0.02412563 -0.06960117 -0.06757095 -0.07652987
  0.02764436 -0.16419128  0.13913332 -0.06894234  0.28920445 -0.06683611
 -0.19013917 -0.11620124 -0.0458531   0.20894623 -0.25430295 -0.11264408
 -0.02487736 -0.02786313  0.13965583  0.00748825 -0.01138325  0.0406279
 -0.07553109 -0.30406111 -0.10601564 -0.05633159  0.04567544 -0.01161972
 -0.01450235  0.12489002 -0.18576203 -0.07625147  0.07836795  0.08257953
  0.00635798 -0.07827485  0.17839745 -0.02934222 -0.21143889  0.0581419
  0.11565176  0.24595146  0.2254688  -0.00678641  0.01111278 -0.12735507
  0.14019881 -0.14250354 -0.06266346  0.1376124   0.06600144  0.02438132
  0.02477594 -0.14489479  0.01531586  0.07142969 -0.18126762 -0.05936393
  0.08701779 -0.12361018 -0.00559128 -0.10726049  0.14066997  0.03178386
 -0.08801289 -0.21364594  0.14480422 -0.15886857 -0.06834403  0.0675725
 -0.18195796 -0.16223326 -0.29070112 -0.04202139  0.38430318  0.07922048
 -0.14017853  0.13382855 -0.01255637 -0.02326235  0.15560228  0.15478665
  0.05007192  0.06584896 -0.11707153  0.00568137  0.21390788 -0.07382921
 -0.01245259  0.23642771 -0.03246496  0.04908104  0.04342604 -0.01493104
 -0.04590594  0.05176347 -0.16256328 -0.01371566 -0.05363176 -0.03761688
  0.00751393  0.09321079 -0.12906647  0.07008674 -0.01380535  0.08023524
 -0.08713377 -0.08903327 -0.05384901  0.01042556  0.09101903 -0.22778974
  0.17332767  0.15687472  0.00225332  0.09421501  0.08457275  0.04547014
 -0.01964476 -0.03965447 -0.21316753 -0.00475754  0.07355145 -0.04050235
  0.10010368 -0.03203387]