[-0.07727017  0.10299534  0.00760539 -0.08072209 -0.10210551 -0.0762597
 -0.00100649 -0.14369735  0.15562844 -0.0444615   0.244525   -0.04003699
 -0.20850645 -0.10311022 -0.06083659  0.20586787 -0.23674479 -0.11834731
 -0.03872731 -0.00964058  0.1441118   0.02649598  0.01394939  0.04492589
 -0.09601747 -0.35115632 -0.11380612 -0.04920444  0.01361363 -0.03358026
 -0.03054537  0.13455488 -0.20643511 -0.10225192  0.10165135  0.09142469
 -0.02076337 -0.09473661  0.17798121  0.00074807 -0.22685428  0.02430319
  0.11404338  0.24484788  0.18773143 -0.01885354  0.03503316 -0.12744179
  0.13358741 -0.13330774 -0.01505707  0.14331387  0.05166182  0.05600176
  0.01660909 -0.15139794  0.02910024  0.10950936 -0.1855983  -0.06983414
  0.08836787 -0.13616341 -0.04956597 -0.12319138  0.14459042  0.06396205
 -0.06880519 -0.25256652  0.14395171 -0.14059903 -0.06267571  0.07155308
 -0.18939553 -0.1520531  -0.28694358 -0.03676775  0.3729606   0.08252718
 -0.13578074  0.09591792 -0.02559638 -0.03111104  0.1081442   0.13962436
  0.0306696   0.111831   -0.10265881  0.04805634  0.21696131 -0.06971265
 -0.02569508  0.23099804 -0.01956413  0.07363645  0.05759652 -0.02880303
 -0.06555416  0.052239   -0.17787753 -0.01288926 -0.02421634 -0.03716175
 -0.01135582  0.11231793 -0.1204008   0.07600994 -0.0028621   0.05527414
 -0.08124927 -0.09801    -0.08268172 -0.0327532   0.10662287 -0.20434685
  0.19501667  0.15254466  0.0417282   0.09228653  0.07904357  0.03325839
 -0.01852788 -0.06093671 -0.23501609  0.01740692  0.12032149 -0.04134113
  0.08462893 -0.04743506]