[-0.10881603  0.09813944 -0.00851934 -0.10238719 -0.092003   -0.05536419
  0.01323319 -0.16841051  0.18068267 -0.06483671  0.2445859  -0.02399426
 -0.19784105 -0.10629112 -0.05253552  0.21062391 -0.2310289  -0.12362105
 -0.01703892 -0.02833206  0.13054985  0.03685097 -0.00103923  0.0697177
 -0.09239125 -0.34124705 -0.11193184 -0.07269348 -0.00271213 -0.03672757
 -0.01463268  0.16121303 -0.17199033 -0.08413667  0.09472003  0.11135855
 -0.02534676 -0.07458135  0.19026546  0.00301228 -0.2252603   0.04326586
  0.11217126  0.2705211   0.19965756 -0.03585323  0.02878839 -0.10574221
  0.151005   -0.16186187 -0.05146021  0.13281707  0.05758659  0.02974148
  0.0437755  -0.14966893  0.01102571  0.10564541 -0.18045439 -0.05106732
  0.06811982 -0.15657318 -0.03203496 -0.10814698  0.14182878  0.06437533
 -0.08524732 -0.21095946  0.13422894 -0.14473654 -0.0769402   0.07658291
 -0.19470665 -0.18535517 -0.27722651 -0.02246827  0.37357056  0.110728
 -0.14357702  0.10484443 -0.00356739 -0.01278345  0.13744895  0.15113868
  0.04299117  0.07611269 -0.10258362  0.02081318  0.22075079 -0.05580771
 -0.0276206   0.24568112 -0.02493552  0.09019255  0.03665165 -0.01788723
 -0.05616658  0.03689734 -0.18729293 -0.01992895 -0.04372131 -0.02149275
 -0.00213981  0.11307426 -0.13468011  0.07911067 -0.01116165  0.05505186
 -0.09976456 -0.08033779 -0.06782982  0.00093146  0.10591765 -0.20983875
  0.18267049  0.17181562  0.00870504  0.10677595  0.08504927  0.001388
 -0.01415813 -0.06639457 -0.22408739  0.00438624  0.12842952 -0.03804269
  0.08001411 -0.0598163 ]