[-0.12538902  0.10461998  0.01322712 -0.07168929 -0.03891712 -0.05059184
  0.01126258 -0.14517091  0.12707029 -0.08857666  0.25929311 -0.05518591
 -0.207334   -0.12609819 -0.01556875  0.21878302 -0.21197386 -0.14117506
 -0.03874923 -0.04309068  0.08679081 -0.00508364  0.01941326  0.03054243
 -0.10792487 -0.31122002 -0.06755486 -0.06270413  0.01229148 -0.01130063
 -0.02113193  0.15537155 -0.19606833 -0.04713885  0.06247115  0.09016611
  0.00366546 -0.05207261  0.19981897 -0.00540335 -0.19898207 -0.0063533
  0.07152116  0.267692    0.20415489 -0.03374575  0.00419797 -0.08753537
  0.12483349 -0.14168969 -0.05594297  0.11412262  0.0385599   0.04759596
  0.02346546 -0.13677159  0.0339657   0.08040019 -0.15351036 -0.0871965
  0.02637731 -0.15365705 -0.04194533 -0.11668449  0.18558224  0.04991325
 -0.08525653 -0.16032666  0.15459393 -0.0689261  -0.05950172  0.0477278
 -0.19187026 -0.14356478 -0.30743331 -0.01119636  0.32559547  0.08364923
 -0.15937193  0.10839766  0.02579061  0.00107406  0.15405335  0.14314674
 -0.00474232  0.06929538 -0.07483467  0.02305417  0.18868232 -0.05886626
 -0.07164016  0.16728798 -0.05785113  0.05281267  0.05900803 -0.00895522
 -0.02860491  0.02308908 -0.19907761 -0.0252821   0.00774982 -0.04787669
 -0.01087261  0.11622965 -0.12159937  0.04988308  0.01810723  0.05566506
 -0.07285406 -0.04196286 -0.06384258 -0.00059313  0.06127088 -0.20456815
  0.20322564  0.17111146 -0.01523417  0.10844964  0.10389371  0.02844826
 -0.04094062 -0.00764197 -0.1825522  -0.03679194  0.14934334  0.02780669
  0.12079551 -0.0307585 ]