[-0.12229216  0.11191469  0.04658316 -0.04893574 -0.04476718 -0.07407021
  0.02061389 -0.16675371  0.16679627 -0.09660623  0.24645515 -0.06717261
 -0.21871941 -0.03420971 -0.04268802  0.21764584 -0.19173746 -0.12857553
 -0.01117067  0.00299213  0.13949476  0.02197832 -0.00538176  0.02168598
 -0.13282207 -0.24362373 -0.11837264 -0.02505578  0.00122119  0.02066202
 -0.01247181  0.10183638 -0.19507478 -0.05889177  0.09148034  0.08944348
 -0.00739192 -0.08292378  0.19108492 -0.04333128 -0.26846299  0.02306462
  0.13171025  0.25826427  0.15008424  0.00321715 -0.02954054 -0.16131899
  0.13090593 -0.14937468 -0.02704465  0.11392843  0.04013815  0.07027619
  0.01368765 -0.19802953  0.10198702  0.08592293 -0.19165049 -0.0621505
  0.09043506 -0.13614212  0.02294405 -0.06160275  0.15849751  0.0287584
 -0.09837169 -0.18293993  0.11291306 -0.11311697 -0.02673739  0.11055869
 -0.18511187 -0.19331367 -0.36691889 -0.04269037  0.36965939  0.07626815
 -0.12334023  0.114641    0.03419887  0.03015542  0.17071097  0.17751907
  0.0020118   0.06359164 -0.12830476  0.0221446   0.22481453 -0.08653452
 -0.05033123  0.22006984 -0.01836616  0.03019134  0.01393528  0.07068899
 -0.07271659  0.00775053 -0.16963787 -0.01956635  0.02547792 -0.00327494
 -0.00987782  0.17760916 -0.18344259  0.0626976   0.01087707  0.04173417
 -0.07421248 -0.06244988 -0.04975634 -0.01019767  0.05169936 -0.22036079
  0.16884398  0.15335886 -0.02642304  0.09303799  0.09178795  0.02715998
 -0.04448755 -0.02316212 -0.20902918 -0.01787054  0.11311672 -0.00230169
  0.13355395 -0.01331901]