[-0.13374197  0.08092019  0.04950141 -0.04458432 -0.04888825 -0.06328932
 -0.02436158 -0.1398001   0.11305366 -0.07314225  0.24420109 -0.07522019
 -0.18282029 -0.0948917  -0.04358197  0.1852839  -0.18115427 -0.15863532
  0.00985891  0.02371949  0.11392595  0.01053001 -0.04043121  0.04494076
 -0.10443459 -0.2346514  -0.15086643 -0.04396636  0.00357769 -0.00878454
 -0.03605751  0.07908833 -0.15546435 -0.08621588  0.08944113  0.12658991
  0.01305893 -0.07475375  0.17197783 -0.03795285 -0.21846052  0.05384759
  0.11702199  0.29763731  0.16246885  0.03381506 -0.00184746 -0.16187577
  0.11894    -0.14208251  0.04908976  0.13823952  0.09342152  0.05721999
  0.03592668 -0.18500261  0.08064149  0.09196952 -0.17067075 -0.01121955
  0.07674639 -0.07849414  0.02917797 -0.08412092  0.14865707  0.05798795
 -0.09194001 -0.21486245  0.11539476 -0.12148622 -0.08853013  0.09646447
 -0.18358836 -0.17571549 -0.35789448 -0.00692514  0.36988509  0.0677684
 -0.17939387  0.12742093  0.05704718 -0.01757292  0.15950048  0.18289346
 -0.00993889  0.05882219 -0.13111703  0.00392863  0.2190951  -0.0574042
 -0.03772475  0.16282998 -0.00977627  0.01248376  0.07426379  0.07254996
 -0.02755239  0.04249039 -0.16524999 -0.00921591  0.0433368  -0.03051674
 -0.03077446  0.13602071 -0.15791495  0.08213831  0.01055896  0.02455576
 -0.09495712 -0.08945718 -0.07659083  0.03212678  0.11365626 -0.23107497
  0.17089762  0.1360606  -0.00189949  0.09733079  0.11500023  0.06784197
 -0.02708282 -0.03168047 -0.19768985 -0.02627716  0.09064304 -0.01046116
  0.1309658   0.01893084]