[-0.06369723  0.11044184 -0.00270164 -0.08053371 -0.06726947 -0.07433734
 -0.00450487 -0.1544355   0.18345089 -0.07599434  0.24185823 -0.06827704
 -0.22060251 -0.06912949 -0.06042526  0.22942971 -0.25304914 -0.12802485
 -0.02782113 -0.03099657  0.1316434   0.00599435  0.00134597  0.06459455
 -0.10078569 -0.32042047 -0.11262254 -0.06714036 -0.02492734 -0.01868476
 -0.0129981   0.14479728 -0.18367891 -0.06929509  0.10574289  0.07574527
 -0.02485727 -0.07825624  0.18273699 -0.0063819  -0.21524906  0.02707128
  0.11319415  0.26527593  0.19417687 -0.01652232  0.00916659 -0.13302007
  0.1229796  -0.14886121 -0.01087233  0.13994436  0.05215069  0.03602169
  0.04232543 -0.15185069  0.03486722  0.10416545 -0.17295282 -0.07370605
  0.1075322  -0.13759647 -0.06165027 -0.10876296  0.16873789  0.08286547
 -0.07373606 -0.24271014  0.15594049 -0.13686112 -0.06865765  0.05382788
 -0.1868653  -0.16347767 -0.27195439 -0.05380082  0.36456227  0.07388329
 -0.14039515  0.13434897 -0.00434574 -0.01124149  0.14281288  0.14943732
  0.03139223  0.07377172 -0.09460529  0.03330818  0.20244889 -0.08418515
 -0.02423268  0.22754829 -0.04208751  0.03534448  0.04877702 -0.07006295
 -0.05476784  0.05819976 -0.19864582 -0.02812685 -0.03541473 -0.00309266
 -0.0295236   0.10172629 -0.14242694  0.05050023  0.0040398   0.04882928
 -0.06790711 -0.07847866 -0.09505069 -0.0333012   0.11199739 -0.22586463
  0.16771512  0.13171044  0.03556976  0.08269193  0.0744414   0.0353575
  0.00521286 -0.05103778 -0.26683965  0.03426636  0.130942   -0.03118917
  0.0641894  -0.04874087]