[-0.08493332  0.14148605 -0.01843993 -0.0651533  -0.0419944  -0.07323524
 -0.01710441 -0.12300271  0.14582752 -0.04460326  0.2363973  -0.05340977
 -0.22635341 -0.11347172 -0.02286203  0.2162967  -0.23534063 -0.13897058
 -0.02900326 -0.0038919   0.10458592  0.01469518  0.03215568  0.03999857
 -0.12066294 -0.32228461 -0.07637723 -0.05103198 -0.00563156 -0.02451289
  0.0049895   0.13142639 -0.21748486 -0.04653157  0.09696864  0.07390886
  0.00755793 -0.07652552  0.20880675 -0.01034771 -0.21783029  0.0190677
  0.09297567  0.26758972  0.19619742 -0.04960242  0.02405641 -0.16121304
  0.12845914 -0.12155864 -0.02738426  0.14444301  0.04313001  0.03264074
  0.02120229 -0.15225279  0.04476199  0.1155945  -0.17298763 -0.08146106
  0.06020328 -0.09555418 -0.04608121 -0.11490667  0.17310166  0.04425003
 -0.08824437 -0.21177807  0.12776338 -0.10059559 -0.03742189  0.08689509
 -0.17571704 -0.17377967 -0.31156084 -0.04473227  0.28724059  0.06052672
 -0.1797283   0.11948132  0.01650625 -0.00146671  0.14428906  0.1526507
 -0.01554427  0.06883752 -0.10390247  0.04664461  0.22998761 -0.06474739
 -0.04416886  0.19061841 -0.03418068  0.02670283  0.05057815 -0.01717941
 -0.05498403  0.02404911 -0.19453834 -0.02421342  0.00522784 -0.03524162
 -0.03983184  0.13099627 -0.13954557  0.03576928  0.02214402  0.03153276
 -0.06643873 -0.07514533 -0.06035757 -0.02638348  0.08350185 -0.20842086
  0.21372811  0.12630521 -0.0030183   0.09315852  0.08229417  0.05093964
 -0.05251399 -0.03042697 -0.19984417  0.00961242  0.1327282   0.00571876
  0.12192515 -0.06325103]