[-0.07444533  0.11282127  0.01107009 -0.06394493 -0.07336179 -0.03821882
 -0.0083179  -0.1521434   0.16930521 -0.08584999  0.2407354  -0.07295527
 -0.21793507 -0.09988183 -0.04340544  0.21397217 -0.23407994 -0.14210948
 -0.02661547 -0.01416807  0.15158607  0.04131841 -0.01371371  0.01890354
 -0.10517186 -0.34041685 -0.10719879 -0.05412768  0.02429712 -0.03047886
 -0.04329982  0.12420916 -0.18522766 -0.06726826  0.08960155  0.07193598
 -0.01638081 -0.07840236  0.19656584  0.01445358 -0.23783611  0.03499146
  0.09406117  0.26607475  0.18494801 -0.02449518  0.01148447 -0.12044694
  0.12222522 -0.12228782 -0.01695386  0.16192366  0.07553345  0.03611958
  0.04016715 -0.14633475  0.00586319  0.08277015 -0.16179179 -0.05639526
  0.11387926 -0.138647   -0.03842169 -0.11026209  0.15259992  0.03038588
 -0.06576109 -0.2341491   0.16027036 -0.11731185 -0.06472307  0.05022398
 -0.18507276 -0.15434496 -0.2708703  -0.04225146  0.37352696  0.06880587
 -0.16102484  0.13967514 -0.00718836 -0.02883037  0.15203272  0.16496776
  0.04175637  0.10310775 -0.09143853  0.02920009  0.20756181 -0.08230035
 -0.01275567  0.23645477 -0.02468429  0.05091885  0.06220311 -0.06227188
 -0.0457391   0.03898862 -0.16665071 -0.02500761 -0.03161824 -0.04220892
 -0.00921232  0.11674112 -0.1288085   0.07652857  0.01786764  0.07041571
 -0.05911719 -0.06577513 -0.07692099 -0.03846671  0.10116421 -0.22570221
  0.14999409  0.13210282  0.02124172  0.09063995  0.0881779   0.05808644
 -0.00171385 -0.0320619  -0.25776705  0.00610139  0.10925676 -0.0172119
  0.06876835 -0.02255243]