[-0.09069581  0.13244483  0.03283374 -0.06089329 -0.05054493 -0.06540575
  0.02486924 -0.19443358  0.14411213 -0.10581001  0.25953543 -0.09580877
 -0.23944962 -0.02622845 -0.02370519  0.22039066 -0.20076056 -0.15341711
 -0.04343392  0.00276721  0.10408604 -0.00427164 -0.00823393  0.04924864
 -0.07643896 -0.24551971 -0.11734163 -0.01228902  0.03556285  0.00502487
 -0.03736321  0.07409938 -0.21046619 -0.06756219  0.08328129  0.09312569
  0.00252102 -0.10308228  0.19709994 -0.03464865 -0.24951804  0.05131613
  0.10417736  0.261976    0.1541725   0.0136012  -0.03145667 -0.17127505
  0.13624303 -0.18042183 -0.01229268  0.10316592  0.04235083  0.05016736
 -0.00952505 -0.21231115  0.07903     0.07701837 -0.1825255  -0.05856711
  0.10546571 -0.11824665  0.00933127 -0.09381222  0.17524372  0.0491005
 -0.09913077 -0.1946371   0.09033371 -0.12606202 -0.0377511   0.10377753
 -0.16808791 -0.15865068 -0.36686024 -0.03589335  0.38841954  0.06832638
 -0.15014668  0.08343061  0.01010298  0.03369396  0.1799573   0.1457722
 -0.0010279   0.05485259 -0.15925819  0.01518224  0.24754433 -0.09797873
 -0.05829471  0.22262411 -0.02230625  0.0544324   0.01931044  0.07881328
 -0.0642063  -0.00755982 -0.19506688 -0.02075998  0.01166851  0.01004309
 -0.03861139  0.16501109 -0.18757087  0.0572977   0.00710157  0.02927557
 -0.07144541 -0.07272723 -0.07263172 -0.01558047  0.07643235 -0.23727706
  0.15066895  0.17530502 -0.00948809  0.0688708   0.09723424  0.01651359
 -0.04161527 -0.02839807 -0.22110222 -0.03126296  0.12370955  0.01139061
  0.11674658 -0.01456904]