[-0.09380468  0.13015501  0.04746021 -0.06919655 -0.06214888 -0.0670164
  0.01087158 -0.18626015  0.14729482 -0.09052967  0.25295034 -0.10192405
 -0.23813663 -0.01518882 -0.02675853  0.22819176 -0.20036726 -0.14827816
 -0.03650268 -0.0043959   0.09326987 -0.00092549 -0.01961535  0.04788644
 -0.06870692 -0.25590453 -0.13730447 -0.00883088  0.03120413  0.01236092
 -0.03632188  0.09180269 -0.20234726 -0.07689145  0.09385603  0.0909368
  0.00160626 -0.11662457  0.18151693 -0.02996739 -0.24493454  0.04648129
  0.1151427   0.26881948  0.15218009  0.00043268 -0.01773111 -0.16038059
  0.13354094 -0.16848247 -0.02421531  0.12054219  0.04162657  0.05966041
 -0.00434371 -0.20636757  0.09584435  0.09385433 -0.19219233 -0.05481499
  0.11586735 -0.12784766  0.01307903 -0.09213211  0.17128213  0.06040118
 -0.09490311 -0.21261993  0.08250233 -0.10713502 -0.02541725  0.10479488
 -0.19980292 -0.16135632 -0.36750284 -0.02736458  0.39296827  0.05938141
 -0.1326703   0.09383022  0.01177459  0.03404635  0.171434    0.14811783
 -0.00150664  0.04835865 -0.15191418  0.02892416  0.23932917 -0.09866981
 -0.05248376  0.20707715 -0.03436087  0.0434938   0.01270452  0.08680242
 -0.06433398 -0.00371051 -0.18304923 -0.0130427   0.00838812  0.0028764
 -0.0345603   0.15711826 -0.18476236  0.04622606  0.01042696  0.03305956
 -0.09027405 -0.08808326 -0.06525652 -0.00213185  0.08632781 -0.23827958
  0.15571196  0.17421106 -0.01618842  0.06659137  0.08564935  0.01478809
 -0.04991011 -0.04128715 -0.20057814 -0.02082372  0.11894808  0.01443191
  0.10773414 -0.02101192]