[-0.13346411  0.11780918  0.03234546 -0.06497573 -0.05827075 -0.10745328
  0.00939932 -0.16554748  0.1408208  -0.10267172  0.25324956 -0.05500471
 -0.20979331 -0.10423386 -0.0234234   0.22348368 -0.23398159 -0.14198111
 -0.0189807   0.00070585  0.09546721 -0.01241532  0.03712054  0.01926808
 -0.08473858 -0.3018415  -0.11086158 -0.04778905  0.0112802  -0.0142034
  0.01322176  0.11788364 -0.18850574 -0.038294    0.06611277  0.07768756
 -0.00600481 -0.07978815  0.19424397 -0.01199152 -0.22717802 -0.03497959
  0.08356644  0.2465421   0.21304081 -0.03633651  0.01480822 -0.14854124
  0.14050764 -0.13850263 -0.0717421   0.11545558  0.0366941   0.03810729
  0.0456013  -0.14802168  0.063953    0.11475777 -0.17534976 -0.08476603
  0.07090694 -0.11160902 -0.01648134 -0.09370031  0.19175272  0.06105111
 -0.08455389 -0.16319497  0.18543954 -0.10297137 -0.03096272  0.07819206
 -0.17448084 -0.17089532 -0.27128106 -0.07251566  0.3197695   0.06802216
 -0.11780377  0.088167    0.00326524  0.00583184  0.13585293  0.14495817
 -0.02252871  0.05730938 -0.1009151   0.00778382  0.21058337 -0.06727819
 -0.0127204   0.18824653 -0.04764271  0.02310123  0.05091233 -0.02794898
 -0.04729839  0.03399161 -0.1842455  -0.02995572 -0.03448445 -0.08079418
 -0.0146327   0.1145507  -0.13026239  0.030804    0.01344928  0.05267997
 -0.08986451 -0.07721724 -0.03867541 -0.00067558  0.06530675 -0.19836898
  0.20667513  0.15070386 -0.03946196  0.10148092  0.06313171  0.06906088
 -0.06834255 -0.04742999 -0.16735277  0.00518938  0.1028607  -0.00207103
  0.10341354 -0.05446647]