[-6.93889111e-02  9.06043351e-02  3.00869923e-02 -8.82539004e-02
 -1.04332976e-01 -5.87884560e-02 -1.34261819e-02 -1.24681592e-01
  1.27793714e-01 -2.32049469e-02  2.29629502e-01 -6.07319251e-02
 -2.11535841e-01 -7.94235393e-02 -8.05082843e-02  2.25901961e-01
 -2.24923924e-01 -1.26082391e-01 -3.86602841e-02  9.44619533e-03
  1.23480879e-01  3.17860506e-02  1.49877621e-02  4.40031588e-02
 -1.00103341e-01 -3.27632308e-01 -8.67914781e-02 -4.94321324e-02
  7.46643776e-03 -4.16861176e-02 -8.67338385e-03  1.51185557e-01
 -1.82473123e-01 -4.94396351e-02  8.85980949e-02  8.75799432e-02
 -9.57943485e-05 -1.08560316e-01  1.92296967e-01  3.20780138e-03
 -2.68017024e-01  4.43999469e-02  1.32764310e-01  2.48227701e-01
  2.22463116e-01 -3.10456660e-02  3.05796117e-02 -1.01431191e-01
  1.45839453e-01 -1.56641528e-01 -2.19713207e-02  1.31275386e-01
  4.46721725e-02  4.10855897e-02  3.95176075e-02 -1.38110787e-01
  3.07324361e-02  1.25447869e-01 -1.76217943e-01 -6.39525130e-02
  7.45292157e-02 -1.11972287e-01 -3.55133531e-03 -1.17188267e-01
  1.45043954e-01  5.54190837e-02 -6.70394227e-02 -2.21640944e-01
  1.42302662e-01 -1.35200903e-01 -6.69573769e-02  9.52988639e-02
 -1.89308822e-01 -1.37502030e-01 -2.77200848e-01 -4.36105691e-02
  3.58073294e-01  7.95358568e-02 -1.53450221e-01  1.07006133e-01
  1.62888896e-02 -1.86704602e-02  1.29617140e-01  1.43924952e-01
  3.66737396e-02  8.32139775e-02 -1.14189915e-01  6.66130194e-03
  2.42064044e-01 -6.70151636e-02 -1.90164279e-02  2.30276585e-01
 -1.19773941e-02  2.55246554e-02  5.44022731e-02 -1.51235983e-02
 -5.94518669e-02  3.94292921e-02 -1.82008445e-01 -3.87999415e-02
 -2.71422304e-02 -2.10805144e-02 -1.26885492e-02  1.10599063e-01
 -1.18689440e-01  5.86429536e-02 -1.03784986e-02  6.08711317e-02
 -7.62308165e-02 -7.25520402e-02 -4.48341779e-02 -1.76731963e-02
  1.03641927e-01 -1.90331966e-01  1.76823020e-01  1.23943686e-01
  1.24797961e-02  6.24898188e-02  8.09112862e-02  4.87113856e-02
 -2.74491739e-02 -4.60573994e-02 -1.85659692e-01 -1.73240236e-03
  1.23925865e-01 -3.31904776e-02  1.04910769e-01 -3.66621539e-02]