[-0.11659559  0.08244475 -0.01478085 -0.09359929 -0.09301337 -0.05285504
  0.01551752 -0.17061801  0.18534786 -0.07152891  0.23730128 -0.01788316
 -0.19164141 -0.10530128 -0.04378433  0.20741871 -0.22747742 -0.12983708
 -0.00856892 -0.0321749   0.13526416  0.02619987 -0.00553191  0.07316049
 -0.10805879 -0.33054534 -0.11660873 -0.07866594  0.00398897 -0.04551597
 -0.01820841  0.15695524 -0.17612509 -0.08959209  0.08489932  0.10550671
 -0.02230432 -0.07601362  0.19578934  0.00221829 -0.22721045  0.04218404
  0.10376175  0.27031869  0.1928132  -0.03670858  0.02362243 -0.10387111
  0.15055324 -0.15782167 -0.04252411  0.12272131  0.06011745  0.02755542
  0.03638847 -0.15039781  0.01370097  0.10576055 -0.19155008 -0.03999853
  0.06594466 -0.15514491 -0.02923213 -0.09956039  0.13387631  0.06960816
 -0.07120984 -0.21347764  0.14054744 -0.14537029 -0.07661808  0.07588321
 -0.18918285 -0.19331905 -0.27865878 -0.02670988  0.37173715  0.11682326
 -0.14826959  0.10641209  0.00104761 -0.01964282  0.14805911  0.14938454
  0.04728305  0.07571433 -0.09967631  0.02405643  0.22030106 -0.04605364
 -0.02988287  0.24827407 -0.01671753  0.08435488  0.04346129 -0.01348073
 -0.05667429  0.04018385 -0.18726571 -0.02850748 -0.03709361 -0.01142943
  0.00646756  0.12040593 -0.13468686  0.08998964 -0.00780863  0.05500323
 -0.10115757 -0.07539147 -0.07145129  0.00099239  0.10232992 -0.20758525
  0.17375642  0.17194341  0.00853889  0.10674661  0.08003914 -0.00312138
 -0.01216311 -0.06417961 -0.23867515  0.01394593  0.1331434  -0.04190377
  0.08527362 -0.04877202]