[-0.1054606   0.14292365  0.04152476 -0.06775593 -0.05895407 -0.06667829
  0.01561105 -0.18541621  0.14433384 -0.10186108  0.25688717 -0.09685588
 -0.24314289 -0.04792954 -0.02881122  0.2206533  -0.18275742 -0.17490545
 -0.02188216  0.00935778  0.10920701 -0.01797686 -0.01291344  0.04493759
 -0.06490207 -0.25350758 -0.12780862 -0.00046583  0.02194895  0.00896574
 -0.03655749  0.08144523 -0.20992696 -0.07027471  0.07993549  0.09805561
  0.01042209 -0.09648084  0.18551277 -0.03116203 -0.24118216  0.04332731
  0.10750116  0.27142096  0.1492011   0.0038709  -0.01718232 -0.16942166
  0.12532507 -0.17474984 -0.01538547  0.12468028  0.06005609  0.04892455
 -0.00584175 -0.20367198  0.09520467  0.06983192 -0.18433858 -0.05413685
  0.10503659 -0.11828239 -0.00467782 -0.10123253  0.17890534  0.05120995
 -0.09406271 -0.21231253  0.09414456 -0.11046766 -0.03671791  0.1162584
 -0.18785842 -0.15914635 -0.35983124 -0.02503023  0.38854715  0.0687068
 -0.14988673  0.09516287  0.00642221  0.03143018  0.15369625  0.14615503
 -0.00682002  0.05841402 -0.16982143  0.02412033  0.23695377 -0.10190165
 -0.05766791  0.20233367 -0.01335903  0.05588073  0.01864304  0.08044283
 -0.05252435 -0.00098885 -0.19340651 -0.02213133  0.00681876 -0.00479997
 -0.04862899  0.15187293 -0.18501835  0.05270707  0.00787932  0.02386708
 -0.0988823  -0.08490217 -0.06083507 -0.00158225  0.06959852 -0.23603244
  0.1533048   0.17436358 -0.00311582  0.07011179  0.09252976  0.0218528
 -0.04125439 -0.0430093  -0.19327649 -0.03345735  0.11003973  0.00724943
  0.11248092 -0.01232374]