[-1.34465858e-01  1.19071260e-01  1.85978711e-02 -7.14847445e-02
 -6.02803938e-02 -9.99265164e-02  1.29875308e-02 -1.59221515e-01
  1.44391939e-01 -9.83835459e-02  2.58590668e-01 -5.53142540e-02
 -2.08644554e-01 -1.07139520e-01 -2.52549034e-02  2.13531017e-01
 -2.41253734e-01 -1.34247646e-01 -2.00869590e-02 -1.57373529e-02
  9.73495767e-02 -4.76376992e-03  4.33876924e-02  1.80716272e-02
 -7.87060410e-02 -3.09523106e-01 -1.10228695e-01 -6.18939400e-02
  2.99884863e-02 -6.76033786e-03  1.95586961e-02  1.18540227e-01
 -1.79828212e-01 -5.26395030e-02  6.46801069e-02  6.24436811e-02
 -1.57021284e-02 -6.74798414e-02  2.04829291e-01 -1.14925001e-02
 -2.18380734e-01 -2.73475293e-02  7.92652667e-02  2.67037183e-01
  1.97898060e-01 -2.04098634e-02  2.00955626e-02 -1.45278171e-01
  1.37154028e-01 -1.32182956e-01 -4.71681505e-02  1.16811335e-01
  3.62877324e-02  3.08170412e-02  4.75184470e-02 -1.49594367e-01
  5.96519709e-02  1.16695359e-01 -1.85981557e-01 -7.20659271e-02
  7.74138644e-02 -1.08814560e-01 -2.15493869e-02 -9.20737609e-02
  1.85806498e-01  6.13313578e-02 -7.86014125e-02 -1.65528253e-01
  1.81946918e-01 -1.01174057e-01 -3.30277942e-02  7.99981952e-02
 -1.78302869e-01 -1.71162233e-01 -2.80158162e-01 -5.73110543e-02
  3.24893326e-01  7.46638924e-02 -1.07558705e-01  8.06739181e-02
  1.77732352e-02  6.24670973e-03  1.52834445e-01  1.44077227e-01
 -4.07905169e-02  5.55886701e-02 -1.00837938e-01  7.80351320e-03
  1.89742520e-01 -6.46831095e-02 -3.94126289e-02  1.83234677e-01
 -3.77447791e-02  1.77073870e-02  6.12474345e-02 -1.72544699e-02
 -5.32956719e-02  2.46909577e-02 -1.99122354e-01 -3.45480107e-02
 -2.15720478e-02 -7.73449466e-02 -2.02127639e-02  1.11730397e-01
 -1.24499798e-01  3.65521647e-02  1.04074823e-02  4.15062383e-02
 -1.03536539e-01 -7.94535801e-02 -4.17901613e-02 -2.19208931e-04
  6.91431090e-02 -1.87683925e-01  1.96999550e-01  1.55539081e-01
 -2.07071509e-02  1.16745435e-01  7.43878335e-02  5.15169278e-02
 -6.85777739e-02 -4.69835885e-02 -1.72351584e-01 -1.94174505e-03
  1.11074641e-01  1.25245517e-02  1.15734838e-01 -5.13352454e-02]