[-1.01732053e-01  9.39844400e-02 -1.08477790e-02 -9.18065310e-02
 -8.51291344e-02 -6.26161918e-02  1.16367480e-02 -1.77268505e-01
  1.91536859e-01 -6.05060458e-02  2.55626768e-01 -1.66982729e-02
 -1.97719797e-01 -1.16913021e-01 -4.80404310e-02  2.12565705e-01
 -2.32318804e-01 -1.27219453e-01 -5.45127178e-03 -3.42091583e-02
  1.31797493e-01  2.56282929e-02  9.90704633e-03  7.32967108e-02
 -1.03025042e-01 -3.28112274e-01 -1.16564803e-01 -7.69599155e-02
 -1.67836249e-03 -4.71965186e-02 -1.53544759e-02  1.63949355e-01
 -1.75587818e-01 -8.67293701e-02  9.46970508e-02  8.96039903e-02
 -1.88037902e-02 -7.76927024e-02  1.94982737e-01  2.60322564e-03
 -2.22141415e-01  2.88882144e-02  1.05257727e-01  2.70420551e-01
  1.97254151e-01 -2.85650734e-02  2.20097303e-02 -1.08343713e-01
  1.45423874e-01 -1.52876809e-01 -4.93279994e-02  1.29252404e-01
  5.29299639e-02  1.52051719e-02  3.59507017e-02 -1.52212784e-01
  5.74632874e-03  1.05504349e-01 -1.83978632e-01 -5.34865446e-02
  6.03042059e-02 -1.59011558e-01 -4.01039235e-02 -1.07633784e-01
  1.45744771e-01  6.89366534e-02 -8.09397921e-02 -2.06616506e-01
  1.36480495e-01 -1.41109541e-01 -7.79291540e-02  7.63590261e-02
 -1.93927750e-01 -1.90863654e-01 -2.78560966e-01 -3.80347595e-02
  3.73345226e-01  1.00631110e-01 -1.51941612e-01  1.08111538e-01
 -1.04365393e-03 -1.24358227e-02  1.38732389e-01  1.55072659e-01
  4.09797058e-02  7.88228512e-02 -1.04606405e-01  1.07253212e-02
  2.18904853e-01 -5.68992607e-02 -2.87344940e-02  2.50370890e-01
 -3.09754256e-02  8.42740759e-02  3.85667793e-02 -2.47228350e-02
 -5.19484282e-02  3.91677730e-02 -1.86518162e-01 -3.48362029e-02
 -4.25820500e-02 -8.51537660e-03 -1.86101650e-03  1.15728490e-01
 -1.39116123e-01  7.04006180e-02  2.66986346e-04  5.31029068e-02
 -9.48387831e-02 -8.12208578e-02 -6.50294796e-02 -1.36228651e-02
  9.90027115e-02 -2.15080172e-01  1.74752191e-01  1.69167310e-01
  1.19306678e-02  1.09024368e-01  7.28097707e-02  6.03543548e-03
 -1.67264547e-02 -6.63032755e-02 -2.22700745e-01  1.35326786e-02
  1.32933304e-01 -4.35510278e-02  8.42928216e-02 -6.34582564e-02]