[-0.08738736  0.09346278  0.01012628 -0.06943623 -0.09249748 -0.08375803
 -0.00394111 -0.1674736   0.15255284 -0.0662178   0.25376487 -0.04343442
 -0.21940866 -0.09118833 -0.04520106  0.18665229 -0.22885607 -0.12607752
 -0.0180267  -0.02387685  0.15230356  0.01734019  0.00433148  0.04527977
 -0.11170914 -0.32108605 -0.11955807 -0.06767517  0.00414228 -0.04144887
 -0.01658776  0.14477941 -0.19221811 -0.07835683  0.09010034  0.08622479
 -0.02278342 -0.06823765  0.21318439  0.00280017 -0.20718256  0.01649213
  0.08845299  0.2553682   0.19702822 -0.02357928  0.02232615 -0.10598766
  0.11886555 -0.13177676 -0.02724514  0.16261552  0.07011531  0.02734377
  0.03055774 -0.14617287  0.02551475  0.09366827 -0.19639003 -0.07110745
  0.09621124 -0.15018722 -0.06067739 -0.09775092  0.1356459   0.05322019
 -0.054939   -0.23079994  0.15366139 -0.14802265 -0.0724766   0.06716954
 -0.19988048 -0.16632359 -0.26005897 -0.05367509  0.37167129  0.0793828
 -0.1408788   0.13191883 -0.00692025 -0.04390031  0.1368925   0.11789787
  0.03824303  0.0927421  -0.09880325  0.05256767  0.19347323 -0.07308332
 -0.01042279  0.22446135 -0.02311359  0.05666352  0.06785465 -0.06683463
 -0.0370482   0.04941187 -0.17044954 -0.01754369 -0.03988138 -0.03190023
 -0.00270984  0.09854621 -0.13184321  0.06467084  0.00145463  0.04780514
 -0.09547309 -0.09864321 -0.09737817 -0.02632422  0.11223903 -0.22570796
  0.16434501  0.14906098 -0.00209674  0.08489222  0.06626841  0.02807536
 -0.00911612 -0.04571738 -0.25562316  0.01545413  0.11682039 -0.0312698
  0.08025175 -0.05212141]