[-0.04906028  0.0722337   0.07227715  0.00421037 -0.05903274  0.01468951
  0.04698167 -0.12580046  0.16572289 -0.09680771  0.20760146 -0.05158001
 -0.255712   -0.11314657  0.08841174  0.11605724 -0.18897213 -0.11400616
 -0.05249253 -0.04695426  0.06143736  0.06654672 -0.00901527 -0.01275801
 -0.17399667 -0.38721594 -0.08687246 -0.08458837  0.07664701 -0.0383762
 -0.07028694  0.12623508 -0.142546   -0.07076849  0.05082384  0.08649465
 -0.04666984 -0.08377905  0.14219373  0.00275145 -0.21815541  0.01536883
  0.00590612  0.23870206  0.20457478 -0.02444904  0.00087492 -0.09093607
  0.10739829 -0.2169545   0.00537991  0.16394848  0.07802759  0.08338635
  0.08268733 -0.12569492 -0.03000958  0.06751619 -0.18849228 -0.01242142
  0.03270229 -0.09624223  0.0257677  -0.06138256  0.07993291  0.03326306
 -0.06567914 -0.10961425  0.12152106 -0.15888482 -0.07177284  0.04898528
 -0.15766039 -0.20187323 -0.30820355  0.01337328  0.37416756  0.13585387
 -0.17539491  0.02457542 -0.02908022 -0.02467575  0.15317474  0.10834932
 -0.00316196 -0.00700054 -0.04762428  0.08257416  0.19787972 -0.06527287
 -0.04489108  0.23102362 -0.01783592  0.05995909  0.04599365  0.02265608
 -0.01821489  0.01633045 -0.14168446 -0.01883969  0.07812753 -0.07626285
  0.02571475  0.15415995 -0.20026754  0.15426497  0.0561606   0.00277205
  0.05922419 -0.06008012 -0.084412    0.01233491  0.15253459 -0.26856968
  0.18029201  0.22114754 -0.02580645  0.13068432  0.0048323  -0.00175959
 -0.02461449 -0.07745874 -0.18984552 -0.05412329  0.08819431  0.02063232
 -0.00335816 -0.02571572]