[-0.11119927  0.02727364  0.05343338 -0.06951156 -0.13325648 -0.07845217
 -0.00718868 -0.1384443   0.16527976 -0.11517405  0.22495818 -0.09171645
 -0.25714982 -0.04857197 -0.02210355  0.23081437 -0.15126069 -0.15743856
 -0.05116456 -0.02721966  0.02430432  0.01304379  0.02768753  0.0650395
 -0.13626434 -0.39394742 -0.12592982 -0.05616886 -0.00576439 -0.01131753
 -0.08868386  0.10246179 -0.1435363  -0.06645354  0.09979579  0.11902912
 -0.0207025  -0.10938847  0.14617652  0.03188377 -0.29073271 -0.04054401
  0.09841704  0.26957318  0.17005099  0.04955509  0.0497153  -0.12890059
  0.11857565 -0.17733891  0.05352938  0.09576129  0.05910548  0.01040085
  0.06586917 -0.14862578  0.00474328  0.14212202 -0.1603245  -0.05492152
  0.08286022 -0.05955775 -0.02368715 -0.11909833  0.24057344  0.09652713
 -0.12916309 -0.09949671  0.19184868 -0.12041173 -0.05075546  0.01524319
 -0.19193278 -0.17611563 -0.31509981 -0.0263962   0.44482151  0.09009562
 -0.1269522   0.05347585 -0.0272428   0.02751815  0.11344359  0.16997047
 -0.00896659  0.05244534 -0.07793915  0.01929735  0.21774879 -0.09098285
 -0.00524361  0.18312258 -0.02241551  0.05156113  0.02673029  0.03287632
 -0.10083304  0.01671558 -0.15218835 -0.04695988  0.03284315  0.00119192
  0.02427007  0.11952757 -0.18792874  0.08213605  0.04785524  0.00401104
  0.01950602 -0.00743035 -0.04502814 -0.09619024  0.07620298 -0.23873197
  0.1319152   0.18311563  0.02425564  0.13632713  0.05396174  0.03238351
  0.00404271 -0.04783079 -0.18371053 -0.01688464  0.11409368 -0.01815538
  0.07440148  0.01084852]