[-0.13013262  0.11005564  0.10087913 -0.07383292 -0.1180433  -0.0249619
 -0.01223953 -0.1205194   0.20621109 -0.05969546  0.19565877 -0.04475985
 -0.25215799 -0.05590407  0.03839824  0.16115233 -0.15489887 -0.13592525
 -0.0400322  -0.00298083  0.03559489  0.05308304 -0.0183775   0.02197883
 -0.18056428 -0.35449794 -0.110397   -0.05201074  0.01001637 -0.00595009
 -0.07316815  0.1076409  -0.16463906 -0.13983193  0.11572398  0.17006229
 -0.05402183 -0.09223577  0.11991812 -0.024149   -0.27987254  0.00187994
  0.08228906  0.25307667  0.18300276  0.0166967   0.03246241 -0.14000466
  0.13260582 -0.18965511  0.01072474  0.17060111  0.06618627  0.0569498
  0.09067602 -0.1729549   0.03299747  0.13241743 -0.16130796 -0.07012167
  0.0745238  -0.07692733  0.01399049 -0.09139381  0.13571365  0.04817899
 -0.0965133  -0.13902712  0.09920847 -0.09995065 -0.04291045  0.07425442
 -0.18985343 -0.19521812 -0.31809789 -0.00787378  0.40503263  0.07837892
 -0.15008675  0.08721884 -0.03619192  0.00768522  0.09866596  0.14240128
 -0.00203874  0.0391506  -0.0516715   0.04501108  0.21619383 -0.09085541
  0.04098038  0.17817985 -0.0054233   0.04891285  0.02229984  0.04710023
 -0.08629683  0.03711686 -0.13056152 -0.02217813  0.08442111 -0.02694969
  0.03421488  0.13950102 -0.25324237  0.11108517  0.06710221  0.02033977
  0.03711968 -0.0782009  -0.03011486 -0.03747483  0.14522395 -0.27385786
  0.17714787  0.20043576 -0.08726119  0.13257852  0.06522878  0.01755892
 -0.00807162 -0.02788087 -0.15948866 -0.03554751  0.10492126 -0.02226681
  0.03603864 -0.02869447]