[-0.05907265  0.05404403  0.09884181 -0.04993861 -0.06688373 -0.06476561
 -0.0192203  -0.16416089  0.15177546 -0.04022109  0.20548666 -0.01938371
 -0.2352542  -0.09025315  0.0421385   0.17256142 -0.13997    -0.13386084
 -0.08499081 -0.03923548 -0.00876091  0.00426875  0.05578062  0.02282337
 -0.18203419 -0.34342188 -0.12358963 -0.0593782   0.01510913  0.00983141
 -0.06543779  0.08747442 -0.16000891 -0.04984766  0.12960672  0.14257178
 -0.05115869 -0.1066291   0.14946024 -0.02036026 -0.2828452  -0.01815516
  0.04883391  0.21864639  0.2475442   0.00896661  0.0598562  -0.10977668
  0.13705854 -0.17831956  0.08321222  0.13832028  0.05339855  0.02229105
  0.0593789  -0.14425386 -0.02084995  0.19886003 -0.16072981 -0.05726509
  0.06921896 -0.09888589 -0.04552749 -0.06614518  0.13802508  0.11859109
 -0.15863433 -0.12362955  0.16055635 -0.12321522 -0.00200425  0.05444233
 -0.20995696 -0.19282089 -0.32479802 -0.00559174  0.46592069  0.06251704
 -0.16784672  0.00562207 -0.05505843  0.06527917  0.11362975  0.13485785
 -0.0180578   0.00402171 -0.08006154  0.03040396  0.22112237 -0.08606527
 -0.02321502  0.17837539 -0.04024397  0.0439986  -0.0067973   0.05870806
 -0.05510166  0.01264572 -0.14338753 -0.04333836  0.04889604  0.00586482
  0.03100105  0.14568818 -0.18390159  0.10615473  0.08606775  0.03646997
  0.06689572 -0.04347463 -0.04608771 -0.10388875  0.11782108 -0.25803015
  0.16086018  0.19964617 -0.02568574  0.11010496  0.0413815   0.04308283
  0.01284442 -0.06266703 -0.16611418 -0.00781694  0.07899304  0.01885019
  0.05190421 -0.02051808]