[-7.54392594e-02  5.64542226e-02  9.03926194e-02 -7.15182200e-02
 -5.95193394e-02 -4.27059829e-02 -3.70315723e-02 -1.69849500e-01
  1.55711249e-01 -7.02577457e-02  2.69130528e-01 -8.18368942e-02
 -2.48219952e-01 -6.96535930e-02 -2.48044953e-02  2.24622652e-01
 -2.04617411e-01 -1.09344900e-01 -3.14902477e-02  7.44321663e-03
  2.39816047e-02  2.69774022e-03  4.66462895e-02  1.77809354e-02
 -1.40759841e-01 -3.50075573e-01 -1.02082349e-01 -7.22388700e-02
 -1.05863279e-02  9.64966323e-03 -9.32686552e-02  6.91786632e-02
 -1.70023054e-01 -6.37711436e-02  1.06455438e-01  1.22722507e-01
 -5.72179956e-03 -1.04047991e-01  1.71283409e-01 -2.80306190e-02
 -2.79589385e-01  1.13651939e-02  9.34782848e-02  2.18066409e-01
  1.73463836e-01  9.00951796e-04  3.33382152e-02 -1.72586083e-01
  1.29117921e-01 -1.50263205e-01  3.77015881e-02  1.02029756e-01
  6.64279386e-02  1.23101762e-02  1.52039155e-02 -1.58812702e-01
 -2.58120745e-02  1.70084447e-01 -1.19557001e-01 -6.04731925e-02
  9.91883948e-02 -4.79924455e-02 -2.00699847e-02 -1.11740947e-01
  1.96184546e-01  7.54182339e-02 -1.63566336e-01 -1.36170611e-01
  1.18192211e-01 -5.71168028e-02 -1.64767411e-02  5.47533892e-02
 -2.06458613e-01 -1.90888271e-01 -3.11854452e-01 -1.76622029e-02
  4.27657574e-01  9.87114757e-03 -1.86705828e-01  2.26952434e-02
 -6.84581622e-02  2.41246875e-02  1.33179069e-01  1.70122311e-01
  4.60045338e-02  4.38216701e-02 -6.72944784e-02  1.16257258e-02
  2.34047681e-01 -1.26853496e-01  9.75118019e-03  1.79104015e-01
 -4.48697284e-02  7.14389533e-02 -2.32951250e-02  5.18024154e-02
 -7.42445216e-02  5.32665215e-02 -1.68912694e-01 -1.84651911e-02
  1.52750937e-02  2.63288971e-02  1.42369913e-02  1.31721780e-01
 -1.95982933e-01  5.56336045e-02  8.49417672e-02  1.13723781e-02
  8.30969140e-02 -3.52413170e-02 -2.83300225e-02 -1.13885455e-01
  1.16379164e-01 -2.63416380e-01  1.51909590e-01  1.84701800e-01
  1.85309295e-02  1.09628275e-01  6.55120984e-02  5.35018705e-02
  4.05359361e-03 -1.42516261e-02 -2.11919710e-01  1.80194713e-02
  1.08131766e-01  4.08192718e-04  5.99782579e-02 -3.40704843e-02]