[-1.10773206e-01  4.77100722e-02  1.21231757e-01  6.53821230e-03
 -8.36073533e-02 -5.77522777e-02  4.03498374e-02 -1.54022127e-01
  1.45085350e-01 -1.04878522e-01  2.06457883e-01 -7.42641240e-02
 -2.48334512e-01 -7.92582035e-02  3.87282185e-02  1.95024341e-01
 -1.51241407e-01 -1.17182054e-01 -8.74953121e-02 -2.04694476e-02
  1.49138113e-02  1.07283080e-02  3.46905850e-02  2.84278374e-02
 -1.05989210e-01 -4.06015873e-01 -1.02226846e-01 -8.48085210e-02
  2.65667774e-02  1.54770855e-02 -9.33480635e-02  9.08081457e-02
 -1.74361408e-01 -1.15379870e-01  7.06786439e-02  1.20894812e-01
 -3.92284654e-02 -6.58730492e-02  1.35379434e-01 -2.41501760e-02
 -2.65556902e-01 -4.48817313e-02  4.85607311e-02  2.10793138e-01
  2.07333118e-01  1.74681898e-02  3.34300697e-02 -1.00962915e-01
  6.71942309e-02 -1.96736261e-01 -1.90886389e-02  1.05402246e-01
  9.01920125e-02  5.22860177e-02  4.36675064e-02 -1.81324318e-01
  3.68024426e-04  7.88962618e-02 -1.28636971e-01 -7.88576528e-02
  2.35852581e-02 -9.06646624e-02  1.01071876e-02 -2.68780049e-02
  1.75737962e-01  2.46241484e-02 -9.38102305e-02 -7.72751793e-02
  1.49932727e-01 -1.41718984e-01  1.78886112e-02  1.56843364e-02
 -1.72704905e-01 -1.83635458e-01 -3.16578716e-01 -3.82184722e-02
  4.55066919e-01  6.14983812e-02 -1.76904961e-01  2.65310314e-02
 -1.15450017e-01  8.89503490e-03  9.95256826e-02  1.31282419e-01
  8.26185010e-03  4.16254811e-02 -6.55207559e-02  2.38029528e-02
  1.72385588e-01 -1.16184168e-01  2.58966144e-02  1.86951816e-01
 -1.78443938e-02  5.18380702e-02  3.75306793e-02  8.30976479e-03
 -5.36161065e-02  2.37281751e-02 -1.41087472e-01 -3.44556645e-02
  1.43686133e-02 -5.06752506e-02  3.48851979e-02  1.07116453e-01
 -2.54097134e-01  1.02557503e-01  6.85973093e-02  4.01909649e-03
  6.40948042e-02 -2.79354062e-02 -6.36712238e-02 -8.73177871e-02
  1.43997476e-01 -2.39422128e-01  1.30451605e-01  2.70228416e-01
 -7.47728050e-02  1.62696883e-01  3.34108286e-02  4.70920280e-02
 -2.02290006e-02 -2.58406289e-02 -1.74603328e-01 -4.55927709e-03
  9.38090831e-02 -1.51356338e-02 -6.04217872e-04 -1.35178119e-02]