[-0.126477    0.05218345  0.10999706 -0.03840104 -0.13099489 -0.06075735
 -0.0195328  -0.13232164  0.10911256 -0.08992007  0.17526989 -0.07098202
 -0.24030717 -0.06377356  0.03699738  0.17562385 -0.09431382 -0.14576384
 -0.10514285 -0.03564988 -0.03727357  0.04336671  0.02276667  0.02000779
 -0.14688733 -0.39199468 -0.10783956 -0.04926558 -0.02076174 -0.0005256
 -0.12122297  0.12319638 -0.13911654 -0.09247489  0.11128122  0.15331323
 -0.04464329 -0.06641896  0.13997671  0.01366493 -0.27717894  0.01664672
  0.07066862  0.27846789  0.23778705 -0.00681896  0.03626936 -0.08817063
  0.14338776 -0.19852427  0.02523489  0.13767688  0.09973082  0.01224344
  0.10285979 -0.12329173 -0.01144538  0.15201809 -0.14887862 -0.06256622
  0.0416364  -0.10002136 -0.03218846 -0.11316601  0.15903555  0.08843284
 -0.12401672 -0.09885902  0.13872057 -0.10855585 -0.00603615  0.03103448
 -0.20306377 -0.17175023 -0.32077312  0.00477615  0.40746513  0.07187375
 -0.18572339  0.03503856 -0.04022308  0.02410237  0.08892193  0.13332383
 -0.01999983  0.00840514 -0.05718169  0.02853439  0.19079079 -0.09565506
  0.01546158  0.15372156 -0.0096184   0.03654223  0.03624057  0.04575577
 -0.10364815 -0.02116087 -0.15302253 -0.02287735  0.03118414 -0.06479485
  0.02315674  0.12130407 -0.21315537  0.10506095  0.04503276  0.01443282
  0.03329798 -0.05330688 -0.02118119 -0.0720275   0.10399108 -0.25182196
  0.1209913   0.20522283 -0.08470754  0.13376205  0.0414753   0.01408558
 -0.02446632  0.00329782 -0.13834417 -0.04947552  0.10332085  0.00731845
  0.01840634 -0.00849161]