[-1.30436972e-01  5.07277250e-02  9.71043557e-02 -2.71511823e-02
 -1.18394271e-01 -5.77932708e-02 -1.88539959e-02 -1.44997507e-01
  1.11225598e-01 -7.69146532e-02  1.82530269e-01 -6.81446642e-02
 -2.40120888e-01 -8.79159272e-02  3.57416980e-02  1.88170955e-01
 -8.50352198e-02 -1.53320596e-01 -1.13924019e-01 -2.29706839e-02
 -2.80052777e-02  1.00279022e-02  2.73448881e-02  2.38533523e-02
 -1.56326026e-01 -3.74947757e-01 -1.05532609e-01 -6.20095693e-02
 -2.97967140e-02 -1.00520458e-02 -1.16035841e-01  1.04134634e-01
 -1.51256919e-01 -1.11327998e-01  1.09403253e-01  1.61033377e-01
 -4.37280834e-02 -6.87094405e-02  1.40129179e-01 -2.12649070e-02
 -2.81809300e-01 -2.50942260e-03  8.17455426e-02  2.64265180e-01
  2.30959281e-01 -2.02519936e-03  4.68599387e-02 -9.91376862e-02
  1.52287170e-01 -2.14700103e-01  3.19549255e-02  1.12471364e-01
  1.05802834e-01  1.86221655e-02  9.98697206e-02 -1.18353426e-01
 -2.24817474e-03  1.67713076e-01 -1.34176508e-01 -4.16772217e-02
  4.98322919e-02 -9.22937021e-02 -4.35387343e-02 -1.19688332e-01
  1.61553070e-01  8.44131559e-02 -1.24605253e-01 -9.57215801e-02
  1.33279324e-01 -1.09850049e-01 -5.99395949e-03  4.12398279e-02
 -1.92456350e-01 -1.94821164e-01 -3.42782289e-01 -8.56547058e-03
  4.18970913e-01  7.84742907e-02 -1.95524871e-01  2.64332052e-02
 -3.71012241e-02  4.19834256e-02  9.78798866e-02  1.22578740e-01
 -8.00044555e-03  1.83106922e-02 -6.46555722e-02  2.34206356e-02
  2.23194107e-01 -1.06972456e-01  2.54326519e-02  1.59607038e-01
 -1.19777769e-02  4.15703952e-02  2.24421453e-02  4.81174998e-02
 -7.61170313e-02 -1.05510447e-02 -1.52470469e-01 -8.61247536e-03
  4.44664955e-02 -5.26742414e-02  3.25066261e-02  1.04579449e-01
 -2.07860380e-01  8.83650258e-02  4.91229706e-02  3.63695286e-02
  4.75212410e-02 -5.30430749e-02 -4.32672277e-02 -8.03114399e-02
  1.19165413e-01 -2.46360213e-01  1.25264481e-01  2.16680393e-01
 -8.27089623e-02  1.13894694e-01  5.21254204e-02  2.53896005e-02
 -1.41361598e-02 -2.12597850e-04 -1.50532603e-01 -3.57004218e-02
  1.16685711e-01 -4.44388483e-03  1.63123701e-02 -9.50282067e-03]