[-0.07247647  0.07766193  0.0817314  -0.06552668 -0.13157319  0.01175279
 -0.00715695 -0.08863663  0.20251314 -0.09424493  0.23243549 -0.07786598
 -0.23546426 -0.07750781 -0.00321135  0.23607957 -0.1658881  -0.14490752
 -0.085256   -0.001749    0.03071719  0.05675155 -0.01036643  0.03950868
 -0.12909943 -0.40729761 -0.07098077 -0.07986417  0.00614664 -0.06748009
 -0.11141594  0.07077914 -0.14778344 -0.06501598  0.0659801   0.1103669
 -0.0548529  -0.11520334  0.11438926 -0.03240158 -0.28849906  0.033138
  0.06840359  0.21814246  0.19831608 -0.00722762 -0.00241811 -0.11017027
  0.1210131  -0.15116392 -0.02809488  0.12223699  0.07737006  0.06472915
  0.0280248  -0.15164381 -0.00813243  0.14985316 -0.16166019 -0.0726563
  0.06712286 -0.10658407  0.00245338 -0.11151057  0.17575696  0.03802349
 -0.12160166 -0.15645838  0.0898326  -0.12845163 -0.0059548   0.00757353
 -0.18334469 -0.20201893 -0.26160607  0.0103734   0.34679767  0.09765635
 -0.19601898  0.04817805 -0.02366959  0.02991408  0.09444552  0.14471431
  0.03298677  0.02458335 -0.09774091  0.00362555  0.18872973 -0.11414623
  0.07097011  0.22134557 -0.03193043  0.06435906 -0.0050224  -0.01103879
 -0.10815039  0.08547827 -0.11751074  0.02601503 -0.02014474 -0.02191884
  0.02586895  0.07251712 -0.14422716  0.11877216  0.04682174  0.06065168
  0.03143593 -0.02916742 -0.05093771 -0.10463846  0.14006971 -0.21981466
  0.16972066  0.19029994  0.03634334  0.15255779  0.08683733  0.06505384
 -0.01855708 -0.00991366 -0.21970224  0.03371933  0.1244417  -0.06469075
  0.04029065 -0.00607081]