[-0.06072844  0.0640431   0.10456208 -0.04374984 -0.0958429  -0.03490558
 -0.0135179  -0.12629631  0.20072258 -0.14212601  0.22324958 -0.0842646
 -0.22988835 -0.08725812 -0.0267162   0.23338428 -0.18329166 -0.18979819
 -0.06921726 -0.00744534  0.04438282  0.04997158 -0.00563082  0.01763013
 -0.09460127 -0.36516854 -0.0764709  -0.04695142  0.02037509 -0.04573934
 -0.0927484   0.1010562  -0.14076051 -0.05367604  0.07024387  0.12615913
 -0.02238913 -0.12157625  0.14853843 -0.05969125 -0.30144167  0.02393219
  0.04759727  0.21216266  0.20107082 -0.01314691 -0.02914016 -0.14241728
  0.13745448 -0.14384149 -0.03514944  0.16951571  0.07797232  0.09455198
  0.00815767 -0.17224519  0.01378519  0.11263438 -0.11593881 -0.12149899
  0.06606644 -0.11355039  0.04835795 -0.11883081  0.16121513  0.0085045
 -0.10049075 -0.17325093  0.11620196 -0.13793479 -0.03003732  0.0286704
 -0.20216261 -0.16568422 -0.24783789 -0.0289133   0.33782312  0.08767507
 -0.17402147  0.07627269 -0.02684728  0.03040817  0.08196302  0.17597432
  0.03478792  0.05309179 -0.08966833 -0.01191173  0.18603115 -0.11485934
  0.03247916  0.20415072 -0.02414973  0.08795031  0.01719938 -0.03339527
 -0.05941342  0.10474607 -0.12458837  0.03040013 -0.02242735 -0.00038494
  0.02746167  0.09601498 -0.12060441  0.12637161  0.03191122  0.09970374
  0.03465131 -0.01156576 -0.01375317 -0.10209723  0.12394045 -0.21189237
  0.174293    0.18577525  0.03142921  0.15037279  0.07045285  0.11289326
 -0.03191951 -0.0150622  -0.22453585  0.02649797  0.10674973 -0.03171677
  0.04001724  0.01443211]