[-0.12054886  0.13758187  0.09206993  0.01076642 -0.0924285   0.03081895
  0.00759306 -0.07834068  0.12196793 -0.03675644  0.29894811  0.02688936
 -0.23703697 -0.13228007  0.0125011   0.14788345 -0.12065311 -0.13632217
 -0.15564243 -0.03634287  0.03404112 -0.02506318 -0.0161551  -0.01624294
 -0.20431383 -0.31582075 -0.07797793 -0.06087076  0.05094345 -0.16883586
 -0.0714723  -0.02049405 -0.1794425  -0.14198233  0.0036298   0.12459405
 -0.04960577 -0.06016665  0.17131953 -0.0224616  -0.20494273  0.03635068
  0.0582785   0.29469049  0.26529226  0.01652671  0.01830154 -0.03123027
  0.13940459 -0.25773969  0.09226822  0.06761451  0.18045658  0.10301973
  0.0947163  -0.15283532 -0.03009711  0.18054871 -0.1908022  -0.00188312
 -0.0005384  -0.12172331 -0.01602492 -0.08877894  0.15923221  0.07847687
 -0.1077397  -0.10080159  0.15580109 -0.12268475 -0.00710586  0.05793555
 -0.09706121 -0.16529456 -0.38505417  0.0659328   0.39326939  0.1186424
 -0.24296902 -0.00858312 -0.01435887 -0.02273792  0.04471676  0.07589202
 -0.01545036  0.02957882 -0.10245015  0.02596195  0.18439756 -0.02270882
 -0.00049764  0.19164166  0.00836412  0.00342433  0.09177049  0.08273006
 -0.09311467 -0.0221582  -0.10588378  0.02242475  0.01032451 -0.11063347
  0.00529162  0.07046606 -0.1465631   0.1653403   0.02530476  0.04847661
 -0.02683254 -0.08461489 -0.05322622 -0.01684167  0.17410527 -0.3138023
  0.17045029  0.20778862 -0.09695499  0.13117069  0.06029905  0.04581076
 -0.02482949  0.01477465 -0.16362435 -0.0618562   0.03734025 -0.10264315
  0.08650228  0.04702954]