[-0.13878842  0.12454734  0.06041586 -0.0246065  -0.07155084  0.01382265
  0.00299586 -0.05524636  0.11857074 -0.01136641  0.26537389  0.02405291
 -0.25459224 -0.20411944  0.04613953  0.12467485 -0.14364138 -0.10286295
 -0.15061532 -0.07782187 -0.01925715  0.03519538  0.01134889 -0.0010794
 -0.1766371  -0.37952331 -0.06557398 -0.08507795  0.00758994 -0.12897559
 -0.06168116  0.06022178 -0.15410264 -0.14015715  0.0577107   0.13281526
 -0.06794129 -0.01736423  0.16940312 -0.0246482  -0.17558263 -0.00491569
  0.09240202  0.30128837  0.25348362  0.04449761  0.03477066 -0.03766079
  0.15174545 -0.19999138  0.09356124  0.11942778  0.12385621  0.04643471
  0.13789691 -0.14261135 -0.05591216  0.15800558 -0.1599381   0.00481832
  0.00874702 -0.15894529 -0.07801752 -0.08049066  0.15737991  0.05301796
 -0.12743585 -0.12395441  0.15539597 -0.11911781 -0.00098198  0.09944395
 -0.10578519 -0.18253988 -0.33480966  0.09268171  0.40732199  0.11590447
 -0.19844224  0.01493194 -0.01692349 -0.05207203  0.10215914  0.12693089
 -0.04009201  0.01482263 -0.09279629  0.04936549  0.15397885  0.00647316
 -0.02647306  0.17665245 -0.00472654  0.0410128   0.07834876  0.03959393
 -0.09692582  0.00132417 -0.1116668   0.01156     0.09169745 -0.11952573
  0.01612137  0.04862783 -0.09133961  0.11856625  0.03995975  0.06334811
  0.0064672  -0.09270661 -0.06363161 -0.03443172  0.15210399 -0.32199565
  0.17540638  0.15681122 -0.0849786   0.15962881  0.08700383  0.06255331
  0.00259593 -0.03293192 -0.1547832  -0.05730239  0.07276276 -0.04556068
  0.12089963 -0.00465839]