[-0.07104099  0.04969342  0.02507617 -0.00924296 -0.11414077 -0.01735905
  0.04599319 -0.16796787  0.1903529  -0.12811451  0.1902432  -0.07601215
 -0.26189262 -0.07854866  0.00161349  0.23679189 -0.16281316 -0.16744241
 -0.08628136 -0.02579747  0.04283462  0.01765548  0.01463098  0.03410433
 -0.05890667 -0.35567185 -0.0770512  -0.05409509  0.02580006 -0.0114916
 -0.08844074  0.11349534 -0.13699499 -0.05354524  0.08658335  0.07088947
 -0.05925474 -0.08933073  0.19004427 -0.01449957 -0.27772096 -0.01663378
  0.05551565  0.20729737  0.17148812  0.02738847 -0.03003899 -0.13505419
  0.12809311 -0.1894498  -0.02493436  0.14287706  0.08871972  0.04987067
 -0.01651312 -0.18493223 -0.03039367  0.08921979 -0.14698255 -0.08754635
  0.06138061 -0.12265398 -0.04869522 -0.11277167  0.20559394  0.07906007
 -0.11934717 -0.13641356  0.12474044 -0.14229827 -0.01189489  0.01630404
 -0.16596608 -0.19070369 -0.19028971 -0.02514868  0.39170679  0.07093435
 -0.17805178  0.0036025  -0.06248211  0.02607502  0.11451147  0.15126082
  0.01418979  0.00357191 -0.07676972 -0.04373356  0.1807438  -0.15310407
  0.02342082  0.2398148  -0.00488118  0.08873119 -0.0068999  -0.03043405
 -0.06257632  0.06613999 -0.14143315 -0.05025951 -0.00148478 -0.00842391
  0.05277468  0.07389608 -0.13879381  0.11538833  0.04143745  0.07543091
  0.07458659 -0.03904057 -0.05928645 -0.12667802  0.10527306 -0.2000612
  0.15564783  0.1724948  -0.00344451  0.15053391  0.06366538  0.11139081
 -0.00445441 -0.02475289 -0.21575263  0.02384686  0.16332404 -0.00894488
  0.00325534 -0.03454415]