[-0.0767449   0.08901127  0.09624807  0.00230324 -0.11690706 -0.07880297
 -0.01865412 -0.15615547  0.16139443 -0.08298814  0.21232121 -0.09603112
 -0.2449615  -0.10363358 -0.04808728  0.23865898 -0.17335016 -0.20100966
 -0.06695165 -0.00746332  0.02733356  0.00226393 -0.00465697  0.02167234
 -0.09353334 -0.39274442 -0.08181957 -0.09684285  0.01783077 -0.02886189
 -0.08725867  0.05626592 -0.15429132 -0.05798985  0.08141926  0.0565847
 -0.0310107  -0.07604288  0.18024024 -0.05391555 -0.31467316 -0.00157098
  0.05326715  0.23203819  0.21021104  0.04122901  0.0080062  -0.16877759
  0.13955341 -0.13318986 -0.00086988  0.16817248  0.07881241  0.07557613
 -0.01567861 -0.18237726 -0.01710315  0.12316536 -0.15729521 -0.08220243
  0.06857606 -0.11320849 -0.02905632 -0.12865689  0.22895156  0.00919829
 -0.14462088 -0.15008889  0.1323112  -0.16690533 -0.01708411  0.0281612
 -0.18150453 -0.18487619 -0.31285107 -0.0201913   0.3840355   0.07336365
 -0.20458908  0.03034012 -0.05367833  0.03336096  0.0851667   0.18219529
  0.00680451  0.05200924 -0.0903144  -0.04850085  0.19596958 -0.13308966
  0.02860902  0.189713   -0.03568406  0.08625609 -0.02182009 -0.00542982
 -0.08836203  0.05050918 -0.12074438 -0.021103   -0.00929639  0.02688343
  0.02064909  0.08698069 -0.14567228  0.12628983  0.0474721   0.07531998
  0.00188023 -0.05318778 -0.01971769 -0.11648721  0.13872311 -0.21098518
  0.20801397  0.19218788  0.05796694  0.14950693  0.0696243   0.0564127
 -0.05291779 -0.0351779  -0.22215489  0.0271231   0.13666651 -0.05546321
  0.0720078  -0.00898947]