[-1.43777952e-01  1.72240898e-01  8.54185224e-02 -1.69553645e-02
 -7.92746544e-02  6.06217347e-02  2.20589336e-05 -7.92853013e-02
  1.37776569e-01 -1.91236883e-02  3.34337711e-01 -1.27931731e-02
 -2.55383134e-01 -1.78816423e-01  1.91744976e-02  1.65342897e-01
 -1.31645918e-01 -1.34030670e-01 -9.03085992e-02 -1.71916839e-02
  2.14389618e-02 -5.58044715e-03 -1.49845751e-02 -1.43430447e-02
 -1.77655861e-01 -3.85272861e-01 -6.54892474e-02 -8.18240047e-02
  2.27743909e-02 -1.17597736e-01 -8.63343403e-02  1.79716628e-02
 -1.71581432e-01 -1.27971321e-01  3.62085924e-02  1.52865857e-01
 -5.99590130e-02 -6.78187534e-02  1.53635249e-01 -5.63018620e-02
 -2.10091457e-01 -5.66201424e-03  8.36377665e-02  2.80950874e-01
  1.93574890e-01  1.05144745e-02  5.40825799e-02 -7.21164569e-02
  1.15389049e-01 -1.93556786e-01  9.14624855e-02  9.70515311e-02
  1.29872665e-01  6.82301819e-02  8.07568431e-02 -1.65423051e-01
 -1.94435697e-02  1.58928141e-01 -1.90390572e-01 -2.22404357e-02
  1.52284969e-02 -1.00342177e-01 -4.30894047e-02 -6.50192276e-02
  1.84407637e-01  8.98911878e-02 -1.00922398e-01 -1.64823547e-01
  1.58652171e-01 -9.30227488e-02 -1.67694055e-02  9.02957469e-02
 -1.21080160e-01 -2.04994351e-01 -3.58382881e-01  8.14720765e-02
  4.12792295e-01  8.91490132e-02 -2.16999039e-01  3.89852263e-02
 -1.60769802e-02 -5.15326038e-02  9.98654813e-02  1.24676637e-01
 -4.83425707e-03  4.83726971e-02 -1.30603120e-01  3.05358563e-02
  2.10431859e-01 -3.35752219e-02 -2.11086329e-02  1.76858053e-01
 -2.41924985e-03  2.14159507e-02  8.21749717e-02  8.01848546e-02
 -6.89084157e-02  3.12449932e-02 -1.25354201e-01 -1.62880647e-03
  6.56103641e-02 -9.08565894e-02 -2.84460913e-02  7.41909072e-02
 -1.67139277e-01  1.24723218e-01  5.48273437e-02  4.76148613e-02
 -5.70194423e-03 -1.17967442e-01 -4.56833616e-02 -1.71378180e-02
  1.68691769e-01 -3.27127397e-01  1.79727599e-01  1.70285553e-01
 -3.48161273e-02  1.62819013e-01  1.07200623e-01  2.66458895e-02
  3.09181940e-02 -5.69854937e-02 -1.99766845e-01 -4.73356545e-02
  6.61089495e-02 -7.28343576e-02  8.84966701e-02  3.05078458e-02]