[-0.13807672  0.12434133  0.07444393 -0.01809343 -0.07574204  0.02632474
  0.00643952 -0.06443071  0.12156415 -0.02940739  0.27563611  0.00191927
 -0.25464803 -0.18218671  0.0449209   0.13458808 -0.14451984 -0.12560306
 -0.1436834  -0.07088681 -0.01169295  0.03046687 -0.01319609 -0.00301679
 -0.19352303 -0.37480029 -0.06421421 -0.07932834  0.00637221 -0.11667465
 -0.07940149  0.0592617  -0.15725242 -0.13969545  0.06508791  0.14019145
 -0.05671266 -0.0212683   0.16416563 -0.03673368 -0.18648081  0.00454196
  0.10225089  0.3051255   0.24293993  0.04202643  0.0327533  -0.03931121
  0.13684157 -0.212961    0.09780695  0.11736742  0.12567429  0.05806644
  0.12334651 -0.1569145  -0.06454321  0.16471343 -0.15146905  0.01229261
  0.01860433 -0.1586664  -0.06236532 -0.07872564  0.17150526  0.05665654
 -0.13060346 -0.12790908  0.15574455 -0.11215837 -0.01106067  0.07991233
 -0.11455178 -0.18128216 -0.34669456  0.09323779  0.41154224  0.10195943
 -0.21225618  0.02420858 -0.0100046  -0.04177815  0.10709959  0.13528804
 -0.01955015  0.01502937 -0.09371576  0.05217003  0.17752729 -0.00269516
 -0.01830388  0.17655176 -0.00759938  0.02553434  0.07891774  0.05203506
 -0.090624   -0.00263668 -0.12237766  0.01815382  0.07728908 -0.09843261
  0.00546885  0.06781938 -0.10834663  0.12009225  0.0364458   0.05512201
 -0.00050187 -0.09837775 -0.0537633  -0.03272926  0.15329246 -0.32421139
  0.16668375  0.1639692  -0.07393038  0.1621974   0.08387702  0.04670348
  0.02251792 -0.0229783  -0.1747636  -0.05870544  0.07427015 -0.05322856
  0.10811178  0.01013814]