[-0.14464849  0.17340516  0.07397657 -0.02283715 -0.07391248  0.03908237
 -0.01603182 -0.08945296  0.14290278 -0.01884255  0.33406845 -0.00586062
 -0.23154877 -0.19253509  0.00651583  0.15969758 -0.13321356 -0.12001947
 -0.0844157  -0.01621122  0.02402247 -0.01060067  0.00180659 -0.0211958
 -0.15959212 -0.37469146 -0.06254279 -0.08080424  0.02888799 -0.11345301
 -0.0668149   0.00868804 -0.19177158 -0.13441418  0.03366747  0.15474407
 -0.06378198 -0.05009606  0.16628934 -0.06474885 -0.20358443  0.00202032
  0.07182002  0.27714881  0.19226803  0.0209603   0.05243207 -0.09667473
  0.12796713 -0.15773183  0.09600413  0.10326187  0.12843387  0.05495638
  0.07131594 -0.14049163 -0.01887313  0.15039545 -0.16709815 -0.04246864
  0.03677362 -0.08502685 -0.05466031 -0.07485898  0.19324225  0.07400677
 -0.10024237 -0.16042015  0.15605453 -0.08194523 -0.01672604  0.08706348
 -0.11445923 -0.19053301 -0.34237534  0.07664514  0.40790391  0.07537811
 -0.2162807   0.04336298 -0.03180701 -0.05231519  0.10281793  0.12879024
  0.00046171  0.05768089 -0.11871578  0.02927856  0.20588398 -0.04693098
 -0.01386151  0.16353834  0.00367784  0.0311787   0.0671412   0.05570382
 -0.07445838  0.04569873 -0.12616436 -0.00706308  0.07198726 -0.06537645
 -0.01833739  0.0688155  -0.15500809  0.13053007  0.06508838  0.05818756
  0.01344129 -0.10676356 -0.03835223 -0.04088647  0.15357606 -0.3061448
  0.19523835  0.14390844 -0.03577813  0.15981002  0.11917033  0.05216565
  0.02754526 -0.04161105 -0.19835852 -0.04304548  0.06535094 -0.05558753
  0.10684488  0.02232451]