[-0.06512991  0.09235728  0.06288058 -0.02842602 -0.08786727 -0.00905498
  0.04738181 -0.09389078  0.13732018 -0.0016373   0.23530643 -0.02319574
 -0.24551105 -0.14708914  0.05919721  0.09205031 -0.14840142 -0.09572145
 -0.12278797 -0.09199844 -0.04030428 -0.00975926  0.01131109 -0.0060126
 -0.17862134 -0.33913118 -0.08347904 -0.06552216  0.00242435 -0.10581906
 -0.02594165  0.1862741  -0.18125845 -0.12573938  0.05004752  0.10119905
 -0.08804592 -0.03076419  0.17261845 -0.05331764 -0.12585901 -0.02390503
  0.08270159  0.25913078  0.22853446 -0.0161897   0.02086536 -0.05953211
  0.16263548 -0.20257175  0.04577676  0.15048356  0.10209993  0.07654699
  0.09541064 -0.11539797  0.01062458  0.12234252 -0.22926977  0.01992324
  0.00345434 -0.18933499 -0.10404637 -0.08800899  0.09384729  0.08547135
 -0.05646601 -0.15851374  0.15688537 -0.14302631 -0.01622037  0.10399783
 -0.12544483 -0.19825055 -0.34679988  0.02693691  0.34150079  0.09701418
 -0.18198547  0.02980595  0.00447378 -0.08466908  0.08388459  0.09015416
 -0.05924741 -0.00092633 -0.087201    0.09754327  0.17676686 -0.0348211
 -0.04636663  0.17834383 -0.00194378  0.0192309   0.07299881  0.03847795
 -0.05218593  0.00559175 -0.16154245  0.02629704  0.0815016  -0.13196264
 -0.02786857  0.05601183 -0.13334948  0.14654489  0.04095628  0.01759831
 -0.04289503 -0.17721519 -0.07110603  0.01194038  0.18441683 -0.31780788
  0.17120484  0.15205967 -0.07413264  0.14337187 -0.00137894  0.02802896
 -0.02229338 -0.07103966 -0.14480758 -0.04548342  0.08306169 -0.02841741
  0.04407674 -0.00757542]