[-0.06564008  0.07035099  0.13427439 -0.02875516 -0.10251373 -0.05209648
 -0.03594097 -0.10633405  0.1745941  -0.07578947  0.22429505 -0.04277416
 -0.19945389 -0.09314758  0.00854592  0.19681783 -0.1895119  -0.15419593
 -0.0500627   0.02097379  0.0343318   0.05817814  0.00885564  0.00873313
 -0.13741586 -0.3646706  -0.0766473  -0.07048163  0.01590247 -0.02298199
 -0.09938686  0.07724138 -0.14732984 -0.04926832  0.078968    0.12648454
 -0.05046479 -0.10972613  0.14966297 -0.04815345 -0.31609768  0.03549331
  0.05235492  0.20629136  0.24845271 -0.00698823 -0.01344477 -0.1375692
  0.15294032 -0.14796826 -0.00642489  0.18099608  0.05034793  0.1068085
  0.01416609 -0.15730296  0.01080805  0.127009   -0.13802193 -0.11822114
  0.06408478 -0.10345657  0.05717103 -0.11993212  0.16729899  0.02464485
 -0.10870347 -0.1710538   0.09669733 -0.15188061 -0.05330713  0.05523629
 -0.20878935 -0.16826263 -0.29162368 -0.01499736  0.36465475  0.08830068
 -0.17424911  0.06280111 -0.04714386  0.0077829   0.08518993  0.17481358
  0.0443569   0.04016655 -0.08057874 -0.02447392  0.21526325 -0.10299162
  0.04508464  0.19561648 -0.00904263  0.09347831  0.01073846 -0.02781097
 -0.05755055  0.08556942 -0.1261608   0.01823868 -0.04812897 -0.00436497
  0.03602128  0.11475246 -0.15021475  0.14263813  0.06756778  0.08557983
  0.04130536 -0.02027617 -0.00959208 -0.10378353  0.12163333 -0.23133968
  0.20927702  0.17028521  0.05089915  0.1428711   0.05446858  0.10196618
 -0.06981944 -0.00798096 -0.20401721  0.04061391  0.09049986 -0.02945992
  0.05862135  0.01878082]