[-0.05124358  0.07256183  0.08920778 -0.04010941 -0.14282964 -0.05637214
 -0.04833839 -0.12387671  0.20146416 -0.10023972  0.20280592 -0.05070169
 -0.22611478 -0.08100638 -0.03838361  0.22167312 -0.18865803 -0.16673248
 -0.0655575   0.01724025  0.03840338 -0.00937908  0.01228993  0.00201596
 -0.08420306 -0.39268911 -0.06910846 -0.08784764 -0.00196493  0.00707999
 -0.0790177   0.06362392 -0.16336694 -0.08250037  0.04237357  0.06334964
 -0.03083383 -0.09357281  0.15966132 -0.05386157 -0.30339164  0.02063954
  0.03372279  0.18208914  0.19825616  0.03487787  0.01648997 -0.17884843
  0.16848035 -0.1570525  -0.00357632  0.15469015  0.05620527  0.06556204
  0.01798689 -0.15688348  0.01784643  0.14011817 -0.14131561 -0.08349618
  0.06766021 -0.06087073 -0.01556012 -0.15427212  0.23610421  0.05620037
 -0.10571897 -0.14457059  0.13850364 -0.10304203 -0.04172431  0.02247936
 -0.19113976 -0.1727044  -0.2693412  -0.02658803  0.38114682  0.07998871
 -0.20009339  0.02243979 -0.08653327  0.03579709  0.1076922   0.13256657
  0.03277182  0.01347128 -0.08410875 -0.04950816  0.20933795 -0.13494943
  0.0371908   0.20706849 -0.00362073  0.09711122 -0.02253971 -0.01586548
 -0.08406108  0.09782415 -0.15622316 -0.00972597  0.03185409  0.02527067
  0.02551587  0.07847314 -0.13733517  0.08602927  0.04995708  0.09480431
  0.06700276 -0.02894065 -0.0358428  -0.12675397  0.13806872 -0.19053565
  0.22579308  0.16007683  0.03900842  0.13710447  0.07411764  0.08758106
 -0.05931377 -0.04226468 -0.23260093  0.03048961  0.13724327 -0.02127636
  0.03877726  0.01299528]