[-0.11109122  0.12352405  0.07691016 -0.01545345 -0.07719704  0.02663473
 -0.00278548 -0.05885867  0.10934798 -0.02892235  0.28816691  0.02136385
 -0.25422117 -0.20128737  0.05591007  0.13016894 -0.13229842 -0.1231538
 -0.1498839  -0.07067844 -0.02988418  0.02257263 -0.00336357 -0.02249279
 -0.18782608 -0.37238488 -0.06852353 -0.07033572  0.00235197 -0.12152858
 -0.06401736  0.07854401 -0.15357108 -0.1315615   0.07741435  0.13805528
 -0.04830519 -0.02335127  0.16746993 -0.04126929 -0.17763539  0.00087944
  0.09274426  0.29133254  0.24465345  0.0296237   0.04419441 -0.03343404
  0.14658903 -0.20968254  0.09326144  0.11370524  0.12536469  0.06003828
  0.11766199 -0.15735218 -0.05857195  0.17953573 -0.15049301  0.0013893
 -0.00357827 -0.17613833 -0.07471118 -0.08029484  0.16299208  0.06119853
 -0.13201995 -0.13836811  0.1571217  -0.11227275 -0.00390281  0.08904638
 -0.12081613 -0.17002486 -0.34796405  0.09172338  0.40545192  0.09332355
 -0.21831469  0.01501724 -0.00271929 -0.04242842  0.08508603  0.13777162
 -0.02352198  0.00658341 -0.08835073  0.04264529  0.18562047 -0.00425902
 -0.02073987  0.17355421 -0.01509423  0.03778088  0.07866192  0.04280728
 -0.07169677 -0.01176971 -0.10908784  0.02832032  0.06201591 -0.12430651
 -0.00642642  0.06522061 -0.10974431  0.11597724  0.02715275  0.06097236
  0.00314109 -0.10174213 -0.03633773 -0.03675724  0.15634443 -0.33430663
  0.17224815  0.17371769 -0.07725234  0.16448601  0.07486632  0.06129546
  0.01602245 -0.03101601 -0.16454619 -0.06584411  0.06002326 -0.05403573
  0.0901424  -0.00127369]