[-1.26445621e-01  1.37257859e-01  6.34994805e-02  8.58878251e-03
 -7.12082461e-02  3.96771282e-02  1.39670046e-02 -7.37838522e-02
  1.34164095e-01 -3.99817638e-02  2.78396010e-01  3.57120000e-02
 -2.17827678e-01 -1.03790738e-01  2.99357679e-02  1.44964054e-01
 -1.28594831e-01 -1.31841883e-01 -1.70805573e-01 -8.40339661e-02
  3.11955698e-02 -1.67959798e-02 -1.36106284e-02 -1.25691118e-02
 -2.23498687e-01 -2.88849086e-01 -5.61186671e-02 -8.12660232e-02
  8.61780122e-02 -1.71402037e-01 -7.08537325e-02 -5.32244258e-02
 -1.84559926e-01 -1.23993471e-01 -1.86934031e-03  1.09057844e-01
 -7.08566457e-02 -7.84391984e-02  1.74066052e-01 -3.61688137e-02
 -1.93003371e-01  5.48748039e-02  5.67627624e-02  2.82023340e-01
  2.76195675e-01  4.47204290e-03  2.90733576e-02 -4.41582426e-02
  1.54989839e-01 -2.55256623e-01  1.01036005e-01  5.56990579e-02
  1.67788863e-01  1.03838064e-01  9.73784477e-02 -1.53119624e-01
 -4.09652889e-02  1.86678454e-01 -1.55178547e-01  3.73628996e-02
  1.30294804e-02 -9.63687226e-02 -2.64239348e-02 -8.74627307e-02
  1.54063210e-01  5.76691404e-02 -1.23176597e-01 -9.11289752e-02
  1.30270109e-01 -1.26613379e-01 -1.32907005e-02  5.48593476e-02
 -8.12374651e-02 -1.88500032e-01 -3.64488900e-01  7.43866861e-02
  3.99293900e-01  1.25533462e-01 -2.37812907e-01  2.49260031e-02
 -7.08490750e-03 -1.69150587e-02  6.73927367e-02  9.62287188e-02
 -2.47266572e-02  1.64151937e-02 -8.74435231e-02  2.79357322e-02
  2.12198928e-01 -1.38049275e-02 -1.33559648e-02  1.97472379e-01
 -4.02381131e-03  6.72233244e-03  7.10396245e-02  8.98823366e-02
 -1.07297681e-01 -3.12735103e-02 -7.51469657e-02  6.01760810e-03
  3.02577801e-02 -1.14318609e-01 -7.51768518e-03  6.24812953e-02
 -1.56180754e-01  2.00566605e-01  2.29156725e-02  8.15054327e-02
 -2.05100325e-04 -6.32393360e-02 -4.82496656e-02  1.70167186e-03
  1.73118800e-01 -3.07516456e-01  1.76131681e-01  2.17796639e-01
 -8.26218352e-02  1.37332305e-01  7.84064457e-02  3.93123887e-02
  1.36620668e-03  5.56209981e-02 -1.92128047e-01 -5.69039844e-02
  3.19567658e-02 -1.03408694e-01  8.91074538e-02  5.99559657e-02]