[-0.07612702  0.03580948  0.09604392 -0.05605532 -0.11634301 -0.0337422
 -0.01949926 -0.14296721  0.16608129 -0.12766516  0.21342027 -0.12548018
 -0.22483103 -0.06186466 -0.03240968  0.21841864 -0.1949002  -0.15418743
 -0.0646164  -0.01144737  0.00496028  0.0039335  -0.00331537  0.01089241
 -0.06554362 -0.41578951 -0.09857271 -0.074021    0.01478223 -0.0204201
 -0.08705793  0.04457355 -0.18770851 -0.06345032  0.04692671  0.07729528
 -0.02576462 -0.09584594  0.13045104 -0.07115588 -0.28673565  0.04269993
  0.05362726  0.19637474  0.18086465  0.03014937 -0.00574035 -0.18385316
  0.13105845 -0.14601099  0.01405356  0.12165111  0.04560864  0.06047181
 -0.00221516 -0.16237262 -0.01884131  0.13648102 -0.12698887 -0.02646529
  0.07912516 -0.07500254  0.01449416 -0.13890238  0.22509162  0.04844538
 -0.11622477 -0.18696816  0.11691821 -0.14951456  0.00535058  0.04545228
 -0.17313969 -0.19845207 -0.29145595  0.00892881  0.35870668  0.08935478
 -0.19496922  0.01416489 -0.07048988  0.04178161  0.13226636  0.18046489
  0.04435175  0.05018941 -0.08072061 -0.02290015  0.22058921 -0.12383733
  0.00228823  0.22732119 -0.04246506  0.07786983 -0.01198965  0.00127539
 -0.09256371  0.05230577 -0.15575205 -0.01474884  0.00619569  0.01992469
  0.01112109  0.10751557 -0.13363089  0.11157767  0.0049558   0.05914728
  0.03327954 -0.03894558 -0.00804305 -0.11458003  0.14855491 -0.22853434
  0.18644603  0.19216929  0.06715081  0.15703109  0.05735597  0.07504921
 -0.03966654 -0.02072092 -0.22288156  0.05691136  0.11556911 -0.01980607
  0.05502452  0.0025148 ]