[-0.08237659  0.10612442  0.07714745 -0.01656961 -0.05561127  0.02224681
  0.07575804 -0.09550299  0.15533213  0.00201361  0.22471268 -0.02861332
 -0.25501722 -0.12781532  0.06140834  0.0999781  -0.15123165 -0.11201018
 -0.14195351 -0.09042734 -0.02236686 -0.00859408 -0.00638968  0.01215957
 -0.18207003 -0.33766022 -0.07287865 -0.08617996  0.02568012 -0.12012687
 -0.03161394  0.13054709 -0.17910685 -0.12694518  0.02869242  0.08310119
 -0.08027013 -0.0523275   0.14694901 -0.05638809 -0.14725773 -0.01964847
  0.08502758  0.2524353   0.22744393  0.01161162  0.02048237 -0.06893408
  0.14776175 -0.20932229  0.07142936  0.1181509   0.11504187  0.08850246
  0.09878287 -0.165161   -0.00574305  0.10632312 -0.21141091  0.05776474
  0.02540424 -0.1691467  -0.08083455 -0.06683725  0.08626221  0.06857397
 -0.07518975 -0.1413791   0.15044244 -0.14404982 -0.001021    0.09785377
 -0.10706697 -0.20564519 -0.35023096  0.04164538  0.36497566  0.10610005
 -0.19494115  0.00545027 -0.0144374  -0.03765384  0.10122582  0.10464133
 -0.05779991 -0.0185594  -0.09727719  0.07205141  0.1644619  -0.00776616
 -0.05752137  0.18668385 -0.0145605   0.00041133  0.05601526  0.06930488
 -0.07287899  0.01898348 -0.1363961   0.02131605  0.07702853 -0.1036059
 -0.02703965  0.05938441 -0.13639705  0.15794252  0.04920751  0.03923668
 -0.01970976 -0.14703377 -0.08499203  0.01636323  0.18509604 -0.32478794
  0.15873413  0.1725603  -0.06794278  0.14451489  0.01516367  0.03916223
  0.0008571  -0.05850196 -0.17496008 -0.03640009  0.0849236  -0.04290742
  0.0407348   0.01056902]