[-0.13670866  0.12829989  0.06179208 -0.01443045 -0.06905074  0.01127502
  0.00686588 -0.06577721  0.12592062 -0.01138167  0.28509209  0.0196019
 -0.24322782 -0.191568    0.02438821  0.13055137 -0.13186039 -0.12450009
 -0.13464861 -0.06283219 -0.00243605  0.02267035 -0.00750878 -0.01431782
 -0.1751156  -0.37283751 -0.06883498 -0.08287602 -0.00071041 -0.12432206
 -0.06731657  0.059654   -0.16664378 -0.14583802  0.07083615  0.1428694
 -0.05610544 -0.01697623  0.17558877 -0.02570153 -0.17584872  0.00550763
  0.10590404  0.31006679  0.23866077  0.04328561  0.04566875 -0.05515653
  0.13842951 -0.18981421  0.09599244  0.11584753  0.12585382  0.04937461
  0.12739985 -0.1427841  -0.0587849   0.14293472 -0.14850858  0.00374327
  0.03054865 -0.14659436 -0.08183476 -0.08514903  0.17485915  0.05819539
 -0.11902898 -0.13637637  0.16533358 -0.11566096 -0.02311078  0.07775595
 -0.10708352 -0.17330721 -0.33092475  0.08627371  0.41508317  0.09558745
 -0.20728469  0.04205802 -0.01503584 -0.05441676  0.1060344   0.12899724
 -0.01897746  0.04111242 -0.09945921  0.0477447   0.19222876 -0.00049268
 -0.01692574  0.15962009 -0.01457956  0.03194237  0.0856416   0.03671164
 -0.08692189  0.00834842 -0.1316396   0.00685688  0.07370555 -0.09986506
  0.00473958  0.05642002 -0.10254576  0.10461346  0.03456122  0.05640444
 -0.00949119 -0.10224264 -0.05773312 -0.02661013  0.14575969 -0.31345093
  0.18582331  0.14031152 -0.07579993  0.14926906  0.09614952  0.05383688
  0.02194905 -0.02784089 -0.1769093  -0.06224592  0.0611594  -0.04265412
  0.1204828   0.0031276 ]