[-0.07894215  0.08742585  0.05587348 -0.0356206  -0.07801557 -0.00968908
  0.05911524 -0.0765425   0.1407408   0.01024877  0.23628287 -0.03539444
 -0.2459069  -0.14800566  0.06829273  0.09461936 -0.15121613 -0.08346947
 -0.14270173 -0.08914987 -0.02430942 -0.0275613   0.00816903  0.01092947
 -0.17366226 -0.34173664 -0.08678059 -0.08891582  0.02230331 -0.11621348
 -0.02123046  0.14479314 -0.17920552 -0.14098509  0.03659832  0.0919168
 -0.09658431 -0.04424079  0.16201767 -0.07201694 -0.14322214 -0.00765496
  0.07877427  0.24722247  0.23305781  0.00980867  0.02833018 -0.06315269
  0.16799937 -0.20679604  0.06302678  0.13461672  0.12375437  0.06959742
  0.11354009 -0.1256184   0.00580089  0.12282825 -0.23762237  0.01642384
 -0.00318698 -0.15040968 -0.10065348 -0.08438288  0.08870211  0.09103544
 -0.06814109 -0.14776745  0.17151277 -0.14855036  0.01024389  0.11616919
 -0.12036277 -0.21088544 -0.33913288  0.04270329  0.34551406  0.09502118
 -0.18170688  0.01975385 -0.00294166 -0.06341282  0.07527325  0.08960415
 -0.06745477 -0.00420753 -0.08191379  0.08830494  0.15303445 -0.04678663
 -0.03390345  0.18128073  0.00704817 -0.00049232  0.06690585  0.04900651
 -0.06168476  0.00832318 -0.14470798  0.02671898  0.10714356 -0.12105413
 -0.02499719  0.04587775 -0.13683569  0.14387915  0.03821668  0.01699317
 -0.03552129 -0.16552509 -0.06737644  0.00346608  0.18344155 -0.32201645
  0.16343138  0.16254173 -0.09075747  0.13558227 -0.00348153  0.03299385
 -0.00960334 -0.06615396 -0.15614936 -0.03876625  0.08879407 -0.02887237
  0.02881046 -0.01203491]