[-0.12211045  0.119792    0.07235824 -0.01851469 -0.08570335  0.03526603
  0.0263074  -0.06268524  0.12965374 -0.01803328  0.26506773  0.00201394
 -0.25451323 -0.16163327  0.0424846   0.11994407 -0.14678323 -0.12899704
 -0.15471593 -0.08761266 -0.0267878   0.03123956 -0.0272648   0.0018128
 -0.19810525 -0.36779985 -0.06008916 -0.07623596  0.00928672 -0.12642477
 -0.06655792  0.06636681 -0.16226612 -0.13849692  0.0692149   0.12799637
 -0.05523915 -0.03463116  0.15544923 -0.03093915 -0.16350061  0.01025754
  0.10384779  0.30361515  0.23255241  0.03679824  0.03310576 -0.02930428
  0.13775669 -0.23242961  0.08370278  0.11299143  0.11449555  0.05352059
  0.13097182 -0.15924805 -0.07532348  0.15807715 -0.15291558  0.04192265
  0.01803292 -0.17015442 -0.07500308 -0.09340401  0.15881023  0.05813183
 -0.13112919 -0.12776634  0.14489874 -0.12094691 -0.00926269  0.07801326
 -0.09100478 -0.17901482 -0.33133587  0.10192281  0.41887513  0.10694554
 -0.21258214  0.0143615  -0.01238955 -0.04119841  0.09300043  0.12003453
 -0.02424744  0.00836434 -0.10043498  0.06248925  0.18643104  0.00850688
 -0.01449839  0.18602268 -0.02272444  0.01834101  0.06974274  0.05742534
 -0.10353916 -0.00233289 -0.10857697  0.02819654  0.08798464 -0.10858786
  0.00518502  0.0592796  -0.10690655  0.11905751  0.01852041  0.04334269
 -0.00442708 -0.11044971 -0.06193925 -0.01205551  0.16778497 -0.33950692
  0.16658139  0.16237819 -0.07910766  0.16098893  0.06684634  0.03362839
  0.02587471 -0.02410051 -0.16354351 -0.07402004  0.05872503 -0.06562044
  0.09121069  0.00264851]