[-0.16597526  0.17435864  0.06792413 -0.01547364 -0.08648394  0.050487
 -0.00148209 -0.0676438   0.1428778   0.01161088  0.30395696  0.00081301
 -0.25153384 -0.20039573  0.01489545  0.1647175  -0.11885827 -0.10993663
 -0.09933945 -0.04242335  0.01594076 -0.02349017  0.00659658 -0.00181611
 -0.17668869 -0.36850724 -0.05607853 -0.10888632  0.01599684 -0.13875401
 -0.07118026  0.00981978 -0.18200415 -0.15183848  0.02615525  0.15671952
 -0.07044021 -0.04119993  0.15818895 -0.06823651 -0.1900959  -0.01021487
  0.07685038  0.27265498  0.20352855  0.01787567  0.06279193 -0.07407673
  0.13271199 -0.17500201  0.0934526   0.09409427  0.14155036  0.05885294
  0.09571805 -0.14507674 -0.02250677  0.15275398 -0.17694739 -0.01878366
  0.01352367 -0.09310526 -0.06451792 -0.06373357  0.18183945  0.08199744
 -0.09252489 -0.14567181  0.17106019 -0.09102136  0.00710657  0.10117922
 -0.10117141 -0.20607935 -0.33702895  0.08657136  0.40084726  0.10547775
 -0.229133    0.02447956 -0.04012188 -0.05029861  0.0852686   0.11287168
 -0.01538288  0.06130031 -0.12206566  0.03148424  0.18686791 -0.04372592
 -0.00155291  0.17648809  0.02190514  0.02418978  0.07805352  0.0604336
 -0.08918621  0.02496679 -0.12355427 -0.02291778  0.08605693 -0.09288853
 -0.00345704  0.04388159 -0.14719504  0.1223015   0.05699326  0.052614
 -0.01864159 -0.10378724 -0.0463892  -0.02969993  0.17706148 -0.298724
  0.18733911  0.15526831 -0.0712998   0.15834431  0.11146019  0.05536481
  0.02181771 -0.05644761 -0.15857847 -0.03984102  0.07353058 -0.06699847
  0.100463    0.02123588]