[-8.71096775e-02  2.96161976e-02  8.80030617e-02 -5.91878854e-02
 -1.23185828e-01 -3.40132825e-02 -3.64241973e-02 -1.35267407e-01
  1.62920579e-01 -1.25376657e-01  2.13377357e-01 -1.11970983e-01
 -2.14779168e-01 -6.10738285e-02 -3.96368280e-02  2.11445332e-01
 -1.97605893e-01 -1.53919205e-01 -7.23541901e-02 -2.90439278e-02
  1.63803619e-04  5.97697636e-03 -2.12016292e-02  3.56118684e-03
 -6.97357878e-02 -4.23182458e-01 -8.44144747e-02 -6.94019720e-02
  5.56488102e-03 -2.47681383e-02 -7.02589005e-02  5.55102527e-02
 -2.01667190e-01 -7.20189437e-02  4.95409928e-02  7.94000700e-02
 -2.34571528e-02 -1.02274396e-01  1.35940373e-01 -7.31073841e-02
 -2.69320071e-01  3.67650352e-02  5.58013283e-02  2.06406027e-01
  1.84065595e-01  1.74351167e-02 -7.04645319e-03 -1.73056364e-01
  1.52076751e-01 -1.42920837e-01 -6.09316165e-03  1.21015333e-01
  5.62803149e-02  5.74045666e-02  2.15263944e-03 -1.53241530e-01
 -1.73995650e-04  1.28559023e-01 -1.31616101e-01 -4.06368487e-02
  7.04849213e-02 -9.50778127e-02  8.85682832e-03 -1.48679793e-01
  2.20935449e-01  4.15419899e-02 -1.01088025e-01 -1.89884484e-01
  1.23389304e-01 -1.37880802e-01  4.52610431e-03  3.63312922e-02
 -1.73613548e-01 -1.95052549e-01 -3.11416000e-01  3.85928154e-03
  3.51145715e-01  9.56062004e-02 -1.97267413e-01  1.74345057e-02
 -5.31025827e-02  3.71431634e-02  1.34030089e-01  1.75176382e-01
  3.86514068e-02  4.47034836e-02 -7.54731223e-02 -4.91181901e-03
  2.27868244e-01 -1.05021708e-01 -1.18938144e-02  2.06491664e-01
 -3.98121290e-02  7.26665109e-02 -6.31437916e-03 -3.86077212e-03
 -9.74776968e-02  5.24893664e-02 -1.54343411e-01  5.68308681e-03
  1.06075751e-02  3.03784553e-02  1.97400767e-02  1.18793726e-01
 -1.21626191e-01  1.07899368e-01 -4.74003656e-03  5.99588454e-02
  1.98410954e-02 -4.92555611e-02 -8.56636371e-03 -1.05811551e-01
  1.40882879e-01 -2.19019055e-01  1.82764441e-01  1.85249522e-01
  6.56973496e-02  1.61891103e-01  5.14794365e-02  5.56860380e-02
 -5.08122332e-02 -1.09096980e-02 -2.36165807e-01  4.49492894e-02
  1.06322229e-01 -1.79303642e-02  6.40946403e-02  2.06592376e-03]