[-0.14146242  0.13321559  0.0510007  -0.03117244 -0.08351938  0.03111782
  0.02815179 -0.06343798  0.13049084 -0.00518706  0.27030423 -0.0014523
 -0.26337269 -0.18251272  0.04770466  0.12871194 -0.15492421 -0.12220939
 -0.15621452 -0.08614436 -0.02362378  0.02334243 -0.02073224  0.00634448
 -0.18443118 -0.35640374 -0.06068088 -0.08324068  0.01814965 -0.1187483
 -0.06142206  0.06289234 -0.1633611  -0.14061813  0.05435447  0.10955822
 -0.05877873 -0.0305756   0.1671311  -0.04859493 -0.16953088 -0.01928948
  0.0986001   0.29831561  0.2246307   0.02922888  0.04135718 -0.03473754
  0.12071364 -0.21374612  0.08536788  0.12545706  0.12150802  0.05700849
  0.11001261 -0.15684907 -0.05910015  0.16701832 -0.15235315  0.02506492
  0.0297891  -0.17254193 -0.06976014 -0.0898512   0.17591994  0.05040384
 -0.12923157 -0.13605851  0.14081314 -0.10771813 -0.01137301  0.08656498
 -0.0981538  -0.19016568 -0.34202734  0.10235746  0.41423115  0.11364728
 -0.21065889  0.01603444 -0.03494067 -0.05477181  0.10723807  0.11723174
 -0.03131    -0.00051877 -0.11096849  0.05689361  0.18799523 -0.00788438
 -0.01793508  0.17040671 -0.00616225  0.01102741  0.05456472  0.05612259
 -0.08925522  0.01268853 -0.09036062  0.0405363   0.08838106 -0.11141653
  0.00136634  0.05503237 -0.10325304  0.12693352  0.04243953  0.04578527
 -0.01916469 -0.12036959 -0.05681586 -0.01837199  0.16735189 -0.32733083
  0.17680012  0.16113244 -0.06776498  0.17207836  0.07215492  0.05230724
  0.01523173 -0.03473454 -0.16387284 -0.06320511  0.08337165 -0.06090627
  0.1128706   0.0119552 ]