[-0.07935161  0.10614993  0.06022641 -0.02947228 -0.0593811  -0.00572551
  0.06768756 -0.11065217  0.15988055  0.00252905  0.23557334 -0.03246477
 -0.24972832 -0.13516454  0.04146859  0.10083192 -0.14704753 -0.10979463
 -0.13199301 -0.0996894  -0.03199673 -0.01051392  0.00604561  0.02193439
 -0.1800539  -0.32507795 -0.08864219 -0.07751895  0.01507852 -0.11435904
 -0.02096008  0.15911631 -0.18949227 -0.12041961  0.04161623  0.07400407
 -0.07818812 -0.04014551  0.17222212 -0.05139159 -0.14067753 -0.01636063
  0.08900557  0.24867861  0.23004387  0.00157393  0.0203596  -0.08582661
  0.15437873 -0.18156578  0.05035814  0.14304876  0.1145378   0.07335758
  0.08453513 -0.15158519 -0.01177507  0.11619971 -0.22579215  0.03108372
 -0.00367124 -0.17920752 -0.10224384 -0.07344822  0.08294306  0.07886352
 -0.0700298  -0.15674655  0.17855008 -0.1525424   0.00550465  0.12028587
 -0.10983421 -0.2079381  -0.33764246  0.03087762  0.35186902  0.08701729
 -0.18145201  0.02848907 -0.01482075 -0.06418593  0.06669836  0.09982865
 -0.0756584  -0.01134607 -0.08704168  0.07450697  0.17127649 -0.01761421
 -0.04849495  0.183826   -0.01426604  0.00079211  0.06100484  0.06268607
 -0.07567921  0.01006412 -0.137035    0.01097111  0.07192452 -0.11445729
 -0.03018816  0.05573042 -0.14718708  0.1502661   0.04372077  0.01451136
 -0.0450866  -0.15491246 -0.059329    0.01051997  0.18230429 -0.32854465
  0.16732483  0.15345261 -0.07810187  0.15253097  0.00165528  0.0438007
 -0.0125676  -0.07042247 -0.15015988 -0.04450124  0.08984096 -0.04121703
  0.05300065 -0.00650991]