[-0.13406746  0.13932745  0.08388639 -0.01440382 -0.08069443  0.0436287
 -0.0023258  -0.07201347  0.12473863 -0.03678538  0.30465275  0.01143156
 -0.2572372  -0.17183022  0.0418674   0.12550615 -0.15680955 -0.12482097
 -0.14439373 -0.05435859 -0.01244656  0.03174346 -0.01631772 -0.02205629
 -0.17615499 -0.37105986 -0.06999919 -0.06942669  0.03374821 -0.12959369
 -0.08458882  0.03802114 -0.15863332 -0.13189091  0.05706147  0.12293573
 -0.03927037 -0.0271207   0.15521072 -0.04505851 -0.18394928  0.0125311
  0.09511531  0.2878488   0.23395649  0.0398661   0.02909381 -0.05364695
  0.11156386 -0.2082461   0.08427719  0.11260761  0.13164899  0.0491803
  0.11109277 -0.18118672 -0.07323903  0.14929484 -0.14242239  0.01792902
  0.01954996 -0.15207575 -0.06602821 -0.07123184  0.1682497   0.05857155
 -0.1341296  -0.15325175  0.13656533 -0.11303641 -0.01503267  0.08428269
 -0.10214919 -0.17566329 -0.33866879  0.08063524  0.4274478   0.08252662
 -0.23552874  0.02799925 -0.01860226 -0.05909717  0.09816959  0.13882646
 -0.02420317  0.01680719 -0.11154314  0.04441826  0.18077517 -0.00382571
 -0.00885411  0.1761881  -0.01291191  0.03391584  0.08051528  0.06604361
 -0.08926979 -0.00077355 -0.10922506  0.01616653  0.06777178 -0.10539818
 -0.01332866  0.06730254 -0.11220684  0.12855838  0.03694174  0.04914076
  0.00681028 -0.10697284 -0.0367844  -0.022797    0.16436706 -0.34256858
  0.1669233   0.17289662 -0.06984258  0.16839181  0.08761749  0.05406598
  0.02554551 -0.00710235 -0.18065295 -0.06769951  0.04217022 -0.07972767
  0.09772559  0.00821181]