[-6.56571388e-02  5.89757226e-02  2.25355718e-02 -4.05874290e-02
 -9.42790285e-02 -2.64911409e-02 -5.04914531e-03 -1.77912846e-01
  2.03695580e-01 -1.39733061e-01  1.96089834e-01 -7.94848129e-02
 -2.31096983e-01 -1.11160137e-01 -2.95911729e-02  2.52145976e-01
 -1.92358047e-01 -1.92590624e-01 -5.51692620e-02 -3.37294489e-02
  2.61952411e-02 -1.86380278e-03 -7.64966337e-03  4.98442091e-02
 -8.71688947e-02 -3.51193458e-01 -9.09821987e-02 -8.10050815e-02
 -1.11393267e-02 -3.92667353e-02 -7.64341354e-02  1.19971596e-01
 -1.32017627e-01 -4.62205149e-02  7.64127076e-02  9.17495266e-02
 -3.52676474e-02 -8.95793214e-02  1.73021674e-01 -1.26348706e-02
 -2.68235415e-01  5.64280890e-05  6.10827468e-02  2.20256552e-01
  1.94015667e-01  1.65129881e-02 -3.25279944e-02 -1.44302830e-01
  1.75665334e-01 -1.36823580e-01 -4.18661423e-02  1.33062512e-01
  1.02834716e-01  5.62597811e-02 -1.58134345e-02 -1.89463124e-01
 -2.53911992e-03  1.00253440e-01 -1.66632757e-01 -9.97779965e-02
  2.76201572e-02 -1.39921561e-01 -3.88863049e-02 -9.13808420e-02
  2.03618333e-01  8.29489753e-02 -1.03101231e-01 -1.63562819e-01
  1.63579151e-01 -1.37456462e-01 -1.41604692e-02  2.70248596e-02
 -1.79079473e-01 -1.84557170e-01 -2.20539689e-01 -4.43987213e-02
  3.55498999e-01  5.98470978e-02 -1.81892976e-01  2.87623983e-02
 -3.36229429e-02  2.22404301e-02  9.77444723e-02  1.68748811e-01
  6.32882258e-03  1.53858503e-02 -7.91046098e-02 -5.93336038e-02
  1.88424110e-01 -1.26251459e-01  1.59090441e-02  2.12086156e-01
 -2.57793274e-02  9.03376862e-02  1.14568779e-02 -4.22090851e-02
 -7.88589790e-02  8.44879821e-02 -1.43265978e-01 -5.24393134e-02
 -1.65236015e-02 -1.00165233e-03  3.21771242e-02  7.13371262e-02
 -1.31301165e-01  1.07657552e-01  4.74968627e-02  7.83029124e-02
  2.51404140e-02 -2.80388724e-02 -4.42391969e-02 -1.16701722e-01
  1.28332943e-01 -2.08649710e-01  1.62835345e-01  1.70953095e-01
  2.29765605e-02  1.56370685e-01  6.88426420e-02  9.94490013e-02
 -3.08723897e-02 -4.09676731e-02 -2.19951555e-01  3.78645696e-02
  1.49913386e-01 -2.33223904e-02  2.97073629e-02 -2.75078844e-02]