[-0.08326514  0.07332571  0.13504563  0.0096324  -0.145863   -0.02524991
 -0.06840952 -0.11361866  0.14842328 -0.11420816  0.19936632 -0.06259986
 -0.22366957 -0.05978345 -0.03195338  0.22350065 -0.16806868 -0.15596408
 -0.02997493  0.0269009   0.04142219 -0.00867611  0.01027276 -0.00851203
 -0.07858204 -0.40636554 -0.09840836 -0.08772819 -0.02954787 -0.05022637
 -0.12262525 -0.02348242 -0.1483227  -0.06602392  0.03874322  0.0550602
 -0.03091779 -0.13031612  0.15158986 -0.03102339 -0.27466092  0.02837053
  0.03433719  0.1829917   0.19054765  0.06004246  0.01816213 -0.13284089
  0.15824154 -0.15718114  0.03560039  0.12043889  0.10336305  0.04817182
  0.01608227 -0.18078777 -0.01299503  0.143894   -0.12425917 -0.02140964
  0.06932028 -0.05304341  0.01408362 -0.10217446  0.22280565  0.06166029
 -0.11741259 -0.13763052  0.1280124  -0.09568928 -0.01611694 -0.00921856
 -0.19493796 -0.22335766 -0.25623161  0.02949884  0.38962084  0.09184549
 -0.21265049 -0.01981322 -0.0602111   0.04547048  0.08635802  0.16462107
  0.0399321   0.0014089  -0.08928559 -0.05598173  0.20561254 -0.11668434
  0.0111105   0.20485424 -0.03194586  0.07866818 -0.02059991 -0.0122716
 -0.07869521  0.09169782 -0.11600202  0.00043778  0.00133347 -0.01907795
  0.00372576  0.09384062 -0.15797411  0.06525683  0.01414662  0.05813907
  0.02840993 -0.01686222 -0.08717622 -0.10234026  0.13318665 -0.22137199
  0.20325945  0.21256486  0.04382102  0.16030903  0.07896674  0.08670738
  0.01021391 -0.01616232 -0.21909156  0.00413598  0.11085423 -0.01177873
  0.03307385  0.02811883]