[-7.14103281e-02  5.92476614e-02  1.27098307e-01 -1.02277808e-02
 -1.51557118e-01 -3.08559444e-02 -7.59176537e-02 -1.11144200e-01
  1.58251524e-01 -1.11161567e-01  1.91008076e-01 -5.52372634e-02
 -2.18072817e-01 -6.72904179e-02 -3.85675021e-02  2.29526863e-01
 -1.78718984e-01 -1.85219213e-01 -4.20199148e-02  2.90172989e-03
  2.47941818e-02 -1.21020619e-03  9.13010072e-03  3.81757709e-04
 -1.02952518e-01 -4.14114147e-01 -8.84756073e-02 -8.64794999e-02
 -4.02303748e-02 -6.00784719e-02 -1.11052573e-01  1.11836214e-02
 -1.72781274e-01 -7.25514218e-02  4.70796525e-02  6.51414320e-02
 -1.73722692e-02 -1.49966389e-01  1.61682710e-01 -2.44110133e-02
 -2.80044556e-01  5.30499294e-02  3.72911207e-02  1.99647933e-01
  1.93940565e-01  4.14715186e-02  1.82451401e-02 -1.25535965e-01
  1.84797272e-01 -1.50406495e-01  1.85260978e-02  1.32674024e-01
  8.78419429e-02  4.86534350e-02  1.32249026e-02 -1.82331011e-01
  1.02731157e-02  1.38823435e-01 -1.20840505e-01 -2.94039901e-02
  5.94569854e-02 -8.63584802e-02  3.03128306e-02 -1.15366004e-01
  2.35428855e-01  4.68769483e-02 -1.06159106e-01 -1.33766577e-01
  1.42813340e-01 -7.76432827e-02 -1.40044261e-02 -1.38579281e-02
 -2.12996483e-01 -2.03598529e-01 -2.77225971e-01  2.98733804e-02
  3.80756378e-01  8.38517100e-02 -2.20448330e-01  8.83870572e-03
 -4.95689623e-02  6.89068437e-02  8.00743252e-02  1.83492556e-01
  3.34926508e-02  1.71128958e-02 -9.08338726e-02 -4.16587479e-02
  2.27159500e-01 -9.43584815e-02 -6.78725308e-03  2.06956983e-01
 -3.14179845e-02  8.51345286e-02  8.71546473e-03 -1.70811564e-02
 -8.41145664e-02  7.64625743e-02 -1.18739821e-01  2.94391699e-02
  8.56163725e-03 -1.87599603e-02  2.14196299e-03  1.07119635e-01
 -1.39021635e-01  5.43108955e-02  4.04492533e-03  6.49700314e-02
  1.08431354e-02 -4.48919320e-03 -6.79927021e-02 -1.09934509e-01
  1.21284619e-01 -2.27391109e-01  2.22208545e-01  2.08730578e-01
  4.73601893e-02  1.64755404e-01  7.17925951e-02  8.32630917e-02
 -1.67995244e-02 -4.22445918e-03 -2.13294372e-01 -3.16255772e-03
  1.17677324e-01 -6.34797616e-03  5.49443848e-02  4.21792790e-02]