[-1.74778014e-01  1.72459036e-01  7.18783215e-02 -1.53803024e-02
 -6.86873719e-02  2.86659878e-02  6.14878349e-03 -8.25498477e-02
  1.45187706e-01 -2.60990262e-02  3.16791981e-01 -1.91761069e-02
 -2.48646364e-01 -1.84150919e-01  1.08127752e-02  1.70652807e-01
 -1.37267604e-01 -1.32695347e-01 -1.16696052e-01 -4.54816706e-02
  1.53439371e-02 -5.10565843e-03  1.65713986e-03  4.12646076e-03
 -1.83877766e-01 -3.84999722e-01 -5.51748537e-02 -8.55997205e-02
  2.66073793e-02 -1.21731095e-01 -8.20817575e-02  1.73861645e-02
 -1.78721234e-01 -1.30938902e-01  2.63881665e-02  1.65243462e-01
 -5.28377667e-02 -6.31732941e-02  1.72635183e-01 -2.90687978e-02
 -2.14367390e-01 -1.54787842e-02  7.42857084e-02  2.96634912e-01
  2.13280484e-01  1.07200434e-02  3.97308469e-02 -3.90092917e-02
  1.33755848e-01 -2.13521153e-01  8.26555565e-02  9.78593603e-02
  1.29712746e-01  6.11255355e-02  1.02622904e-01 -1.50652841e-01
 -2.66522467e-02  1.52789295e-01 -1.70329139e-01 -3.92854027e-02
  1.32206185e-02 -1.03774428e-01 -3.76681052e-02 -6.28235564e-02
  1.92244887e-01  9.62610617e-02 -1.03921942e-01 -1.32597834e-01
  1.69834152e-01 -9.82051864e-02  4.60454816e-04  9.64902118e-02
 -1.00918822e-01 -1.83241546e-01 -3.45387012e-01  8.58703479e-02
  4.30385262e-01  9.08276290e-02 -2.00715661e-01  1.40097290e-02
 -3.74660902e-02 -5.48109971e-02  9.42967162e-02  1.08543731e-01
 -1.79817043e-02  4.21855152e-02 -1.27971128e-01  1.92970615e-02
  2.09597901e-01 -1.45080416e-02 -2.60043293e-02  1.79481477e-01
  2.87045928e-04  1.97308492e-02  7.75996000e-02  6.54734746e-02
 -8.76558572e-02  2.08923463e-02 -1.00258462e-01  4.30658320e-03
  7.28471205e-02 -1.05979145e-01 -2.44332310e-02  6.58216104e-02
 -1.63172945e-01  1.14778273e-01  5.06282821e-02  5.25184758e-02
 -2.48745270e-03 -8.23530555e-02 -5.34318350e-02 -2.53689885e-02
  1.52174801e-01 -3.19580674e-01  1.77545488e-01  1.73719227e-01
 -6.37176186e-02  1.57968104e-01  9.83748883e-02  3.15379128e-02
  2.34447513e-02 -3.56482528e-02 -1.67412654e-01 -7.01379552e-02
  6.11551106e-02 -6.65061399e-02  8.79625604e-02  2.67841276e-02]