[-0.07866386  0.06268211  0.11783268 -0.02147491 -0.14744051 -0.03353566
 -0.07482342 -0.11382762  0.15772378 -0.10654525  0.18909709 -0.06731275
 -0.21583264 -0.0577118  -0.04599909  0.22842263 -0.17928258 -0.17717035
 -0.04496037  0.01120087  0.02399706  0.00412045  0.0042477   0.00181572
 -0.09014954 -0.40669471 -0.08713637 -0.0857655  -0.03462573 -0.05946028
 -0.10931529  0.00640908 -0.16905826 -0.07896303  0.05189276  0.06876177
 -0.00911573 -0.14769056  0.15409903 -0.02816069 -0.27782795  0.04723303
  0.03939443  0.19888367  0.19151306  0.04344339  0.01541592 -0.1375138
  0.18441212 -0.14937653  0.00587406  0.12101336  0.08688986  0.04160094
  0.00463192 -0.17399852  0.0153796   0.13384062 -0.12826751 -0.03025145
  0.075479   -0.08321973  0.02772819 -0.1187451   0.23129502  0.03826757
 -0.107261   -0.14163573  0.13650201 -0.08550811 -0.01519338 -0.0142501
 -0.20016146 -0.20378347 -0.27648345  0.02106072  0.37506691  0.09294782
 -0.20917855  0.01644163 -0.05468452  0.06432374  0.07534932  0.17661545
  0.03037092  0.02825286 -0.09218787 -0.04038758  0.23080058 -0.09732288
  0.00261944  0.20711283 -0.03657122  0.0903191   0.00046033 -0.01549737
 -0.09062978  0.08020218 -0.11621564  0.02796276  0.0111136  -0.01078998
  0.01658172  0.11163875 -0.14066646  0.06066227 -0.00650398  0.06726729
  0.01425191 -0.01125236 -0.05969886 -0.10732851  0.12803054 -0.21513806
  0.20571041  0.20595406  0.05776178  0.15621495  0.08001884  0.07617214
 -0.01279499  0.00262743 -0.22369556  0.00066535  0.1153155  -0.01314225
  0.06014001  0.04102877]