[-0.03848931  0.09091916  0.04803167 -0.05447143 -0.11284669 -0.07653227
 -0.05906246 -0.1407162   0.15290084 -0.09302082  0.27856752 -0.07972981
 -0.22161858 -0.05705275 -0.03406272  0.20608981 -0.21069086 -0.11596304
 -0.05163552  0.01723662  0.07063669  0.03793586 -0.0022943   0.0202492
 -0.09511533 -0.34976751 -0.11208781 -0.09784245  0.02288358 -0.03029034
 -0.06394079  0.06680799 -0.14975989 -0.08429164  0.08289031  0.07603186
 -0.03250259 -0.11466193  0.16223252 -0.04657046 -0.25787142  0.00098329
  0.0830242   0.20310128  0.14848617 -0.02629407  0.05267702 -0.15910251
  0.11497388 -0.1230665  -0.06342565  0.10658194  0.08312204  0.06013591
  0.04253147 -0.1358836   0.0205847   0.13756119 -0.1476769  -0.05274079
  0.08898722 -0.10189398 -0.00202581 -0.10198133  0.19335626  0.00667973
 -0.09248983 -0.16053586  0.11585274 -0.11295452 -0.05886188  0.08667168
 -0.16239111 -0.19499366 -0.29583326 -0.05282314  0.36096686  0.06206207
 -0.1529737   0.07242883 -0.02295172 -0.01165856  0.12505272  0.1143318
  0.03974501  0.07204993 -0.12227271  0.03991265  0.25451463 -0.15545861
  0.05201078  0.18544117 -0.04001907  0.08593055  0.00906299  0.01476146
 -0.06156444  0.04661762 -0.13459258  0.02928764  0.02771999 -0.01034194
 -0.00446394  0.07046012 -0.11761557  0.01440715  0.03777782  0.00868424
 -0.02230544 -0.06522325 -0.06386389 -0.07938633  0.1507944  -0.21780936
  0.17468177  0.16676758  0.0146784   0.10287427  0.06358496  0.02204477
 -0.05929876 -0.08902982 -0.21657316 -0.00287099  0.10824305 -0.00169915
  0.05424726 -0.05594689]