[-0.08108707  0.12496334  0.06780028 -0.0273791  -0.16001998 -0.00998577
  0.00780889 -0.1643198   0.15393181 -0.07279646  0.26922491 -0.09934861
 -0.27382311 -0.05476021 -0.04012749  0.22279648 -0.18194209 -0.15792871
 -0.05123555  0.01617852  0.08575799  0.03129673 -0.0099524   0.02859622
 -0.07641285 -0.35783005 -0.10046351 -0.06316268  0.03461597 -0.04234907
 -0.0959457   0.05777469 -0.15017113 -0.11820319  0.07811066  0.052228
 -0.03288313 -0.10768127  0.16536073 -0.05777326 -0.26969811  0.00811769
  0.12434572  0.21913905  0.11914364  0.00283675  0.0250723  -0.16118264
  0.07977684 -0.14865656 -0.03354178  0.1315522   0.08006268  0.05752162
  0.01915144 -0.16177322 -0.01285722  0.12016014 -0.13609794 -0.03666372
  0.08800752 -0.09045091 -0.01777644 -0.13111505  0.16538751 -0.00256674
 -0.07364857 -0.16855447  0.09587269 -0.10449304 -0.08104989  0.06901784
 -0.17793711 -0.18775718 -0.31044251 -0.04045932  0.41656682  0.06722381
 -0.16480033  0.0577674  -0.02518108 -0.00892412  0.10824829  0.12400232
  0.03535957  0.06568856 -0.12189662  0.03996789  0.21539664 -0.14362533
  0.03512035  0.21132755  0.00534875  0.08350381  0.01905143  0.05638335
 -0.04688392  0.03462698 -0.16089164 -0.01237465  0.02354125  0.00083215
  0.00849548  0.08921898 -0.16709433  0.03944951  0.05252989  0.02133084
 -0.01731471 -0.06987908 -0.0508471  -0.06165114  0.1441876  -0.22864719
  0.13662811  0.20229848  0.00307758  0.09760454  0.06672173  0.00999148
 -0.0246633  -0.0739056  -0.21050763 -0.01293819  0.13575903 -0.03652218
  0.04031366 -0.01816705]