[-7.59983584e-02  1.08278356e-01  4.16694582e-02 -3.04166079e-02
 -1.28934368e-01 -6.52162060e-02 -2.08597332e-02 -1.36175200e-01
  1.60659298e-01 -9.02412683e-02  2.49602392e-01 -4.80978191e-02
 -2.33063221e-01 -7.60550126e-02 -3.28195058e-02  2.02430293e-01
 -1.92950755e-01 -1.38234973e-01 -4.70107459e-02  1.38262501e-02
  1.00224279e-01  1.42401531e-02 -6.09930651e-03  4.99229208e-02
 -9.97630060e-02 -3.61189783e-01 -1.00127697e-01 -9.87783894e-02
 -5.75471018e-03 -4.18709889e-02 -4.38548252e-02  1.10453896e-01
 -1.31640509e-01 -5.10153435e-02  7.29740188e-02  1.04048811e-01
 -2.66378261e-02 -7.15253577e-02  1.74347118e-01 -5.13941310e-02
 -2.58052319e-01 -2.69782729e-02  6.81577772e-02  2.17450187e-01
  1.45861506e-01 -3.59543599e-02  5.07556461e-02 -1.34239092e-01
  1.45324469e-01 -1.14123642e-01 -4.90685701e-02  1.60088629e-01
  7.37381801e-02  9.03317854e-02  4.75782268e-02 -1.27449736e-01
  4.77233864e-02  1.12444654e-01 -1.42258689e-01 -8.40574503e-02
  6.18924983e-02 -1.06584154e-01 -1.04069356e-02 -8.13053995e-02
  1.69737414e-01  5.88682992e-03 -7.02002048e-02 -1.72418922e-01
  1.45284697e-01 -1.37302026e-01 -7.59116039e-02  7.52155930e-02
 -2.04862505e-01 -1.90876827e-01 -2.72283733e-01 -3.72472666e-02
  4.01058882e-01  9.42005143e-02 -1.54737085e-01  8.06287229e-02
 -2.53251083e-02 -4.13943306e-02  1.21174328e-01  1.42081305e-01
  3.59153338e-02  7.70469531e-02 -1.21761732e-01  5.69162145e-02
  2.23818660e-01 -1.30663633e-01  4.62288931e-02  2.01655909e-01
  1.10487714e-02  1.02839760e-01  2.32579671e-02 -2.14074254e-02
 -3.33451629e-02  6.48535267e-02 -1.40950799e-01  1.57784764e-02
  1.77061927e-04 -4.53186641e-03 -8.26365501e-03  6.75001666e-02
 -1.13389611e-01  4.84554954e-02  5.21741025e-02  5.30222170e-02
 -4.82866876e-02 -3.04893740e-02 -8.01142603e-02 -9.53487456e-02
  1.24531142e-01 -1.96565181e-01  1.70934677e-01  1.64599925e-01
  7.86056556e-03  9.06589031e-02  4.61707972e-02  4.82450314e-02
 -2.87135150e-02 -9.98250023e-02 -2.09423259e-01  1.70928668e-02
  1.31494686e-01 -9.27955750e-03  6.88291481e-03 -5.29540181e-02]