[-0.06212155  0.08075285  0.00750972 -0.06328725 -0.12384788 -0.00616642
  0.00516063 -0.1357723   0.15505511 -0.11336658  0.25014564 -0.0726402
 -0.24802144 -0.08641794 -0.06404526  0.2412097  -0.20184246 -0.18667661
 -0.07295769  0.0088103   0.0951719   0.00361593 -0.02456488  0.03964932
 -0.1027102  -0.36622366 -0.10386977 -0.05157846 -0.03415933 -0.04600655
 -0.04846693  0.10973729 -0.13814726 -0.01239272  0.07051492  0.05826215
 -0.01612425 -0.08876512  0.18498228  0.00799846 -0.26562136  0.05425626
  0.10276259  0.22427796  0.15745388 -0.00760502  0.03064371 -0.15332468
  0.12647635 -0.13411215 -0.01693713  0.15505087  0.10926779  0.10021656
 -0.00094833 -0.13649176  0.01060475  0.09568359 -0.13072994 -0.06856395
  0.05348576 -0.10040083 -0.04219943 -0.1145756   0.15102366  0.03890004
 -0.09600231 -0.20684512  0.14179328 -0.13007085 -0.09367099  0.06434406
 -0.1995988  -0.1934986  -0.25671777  0.011       0.41692135  0.11288799
 -0.1825252   0.041892   -0.01682442 -0.00821525  0.10693562  0.15304132
  0.01433973  0.03168395 -0.10172138  0.02696822  0.2230119  -0.11919048
 -0.01083762  0.22232972  0.03341245  0.09427252  0.01519961  0.00759141
 -0.01524914  0.08354229 -0.12767382  0.00061609 -0.00890389 -0.00730211
 -0.00302363  0.06940433 -0.10685176  0.089473    0.0310031   0.04456986
 -0.02522418  0.02181026 -0.06230035 -0.09384424  0.08519713 -0.23146486
  0.14864725  0.19157432  0.04443493  0.10206653  0.07587277  0.09509588
 -0.01162207 -0.06056454 -0.20496607 -0.00813004  0.13789932  0.02241042
  0.0315634  -0.02183182]