[-0.09137582  0.13003689  0.03106218 -0.07115435 -0.1281295  -0.03783751
 -0.02854372 -0.1326745   0.16528587 -0.09612476  0.23875216 -0.06308495
 -0.2792494  -0.06787124 -0.07418662  0.22327082 -0.18660355 -0.16009597
 -0.0349995   0.02954612  0.11699744  0.04973173  0.00481176  0.01678572
 -0.08223756 -0.34532091 -0.10353731 -0.04435911 -0.04236181 -0.07129275
 -0.02351532  0.08046987 -0.15307729 -0.047968    0.07743088  0.08414755
 -0.0144622  -0.07922935  0.16453132 -0.05729843 -0.29314789 -0.01005793
  0.14075898  0.22861139  0.15021603 -0.03332616  0.01443731 -0.17839973
  0.0996343  -0.11617371 -0.06918798  0.14817522  0.0495763   0.06564672
  0.02605639 -0.15839675  0.03910528  0.11159388 -0.1069876  -0.06776759
  0.09918813 -0.13097635 -0.01330071 -0.09564234  0.18324867 -0.04349605
 -0.09086903 -0.21691246  0.1310195  -0.12182434 -0.06474975  0.11731712
 -0.20246319 -0.19764139 -0.30466935 -0.04007131  0.37018535  0.07261711
 -0.12555328  0.11072917 -0.02468641  0.02561349  0.10189451  0.14639391
  0.02606143  0.08177262 -0.14529662  0.04826159  0.24630852 -0.13319145
  0.00894432  0.18543704  0.00329716  0.08946413  0.02995558  0.01698808
 -0.0422195   0.04105448 -0.17861205  0.01729629 -0.00433616 -0.04414744
 -0.01155857  0.10983906 -0.11064181  0.0162861   0.04123105  0.02858746
 -0.05670114 -0.02102045 -0.0701102  -0.08530267  0.11790437 -0.21756759
  0.18958078  0.17725179  0.04420936  0.09045935  0.09734309  0.07464031
 -0.04742219 -0.06304152 -0.1864768   0.00882867  0.11340014 -0.00513176
  0.07688349 -0.040353  ]