[-0.07994912  0.12053535  0.05435797 -0.02602346 -0.1170027  -0.05020204
 -0.03046996 -0.16259538  0.16463058 -0.08178115  0.25667569 -0.06472697
 -0.23571305 -0.07438972 -0.02806723  0.20392707 -0.202489   -0.1346513
 -0.04321698  0.00320842  0.08809087 -0.00172646  0.01914871  0.05599046
 -0.10924023 -0.36728093 -0.11681994 -0.12618725 -0.00584586 -0.0085445
 -0.07463548  0.08282429 -0.12894005 -0.04917944  0.07702392  0.11659668
 -0.04362031 -0.08766987  0.17523877 -0.06124431 -0.24341238 -0.03121369
  0.06386673  0.19942729  0.16222683 -0.03530812  0.06293382 -0.11610495
  0.12812398 -0.1160207  -0.02720365  0.15647541  0.09139871  0.09314051
  0.06208767 -0.145294    0.02617195  0.12693489 -0.13924566 -0.0825671
  0.05043637 -0.09592839 -0.01552962 -0.07415181  0.17184594  0.04939313
 -0.0779585  -0.17761077  0.16052304 -0.12872311 -0.06188591  0.08715195
 -0.21761167 -0.20669042 -0.27315235 -0.03710876  0.42327815  0.10157222
 -0.15869789  0.04535809 -0.04183975 -0.03122261  0.1084545   0.12440035
  0.03568816  0.07535116 -0.13328438  0.04776302  0.20851283 -0.1438159
  0.02557276  0.20435143 -0.00103555  0.09586298  0.01410636 -0.0074045
 -0.02451776  0.06236551 -0.14892231  0.00322638 -0.00095049  0.0017477
 -0.01785777  0.05899398 -0.13007434  0.02713308  0.05620012  0.03667977
 -0.06763037 -0.04308657 -0.09350877 -0.07381981  0.15056111 -0.23140514
  0.15288262  0.18282242 -0.00074223  0.10718846  0.03874237  0.03157936
 -0.01602793 -0.12389711 -0.21188043  0.00717478  0.11788966  0.00978219
 -0.0029057  -0.0352527 ]