[-0.11131044  0.11933806  0.04074892 -0.03483744 -0.16021782  0.01498702
 -0.01880376 -0.16643208  0.17347422 -0.14505513  0.25050592 -0.08685764
 -0.27319449 -0.06490944 -0.07101009  0.20105973 -0.13754579 -0.19659398
 -0.00823046 -0.01244759  0.08554443 -0.01644846 -0.04432792  0.05100666
 -0.09317201 -0.35614359 -0.10299452 -0.08098494 -0.02687275 -0.06275325
 -0.02007451  0.08985382 -0.11923571 -0.03880973  0.02600919  0.10318471
 -0.02601448 -0.08422468  0.17681043 -0.05319378 -0.28710195  0.00636081
  0.1123875   0.22498015  0.11611481 -0.02465951  0.02331192 -0.14772919
  0.12206125 -0.17038193 -0.03232929  0.17244516  0.05119235  0.06765721
  0.05762818 -0.14996134  0.0211543   0.09983931 -0.13103765 -0.0474943
  0.07486828 -0.0706308  -0.01272006 -0.10126679  0.16389732  0.05543935
 -0.04845376 -0.17095974  0.1704613  -0.14189786 -0.0797343   0.12493902
 -0.17740874 -0.22586219 -0.21747708  0.02500859  0.47830296  0.15494049
 -0.1021688   0.09880026 -0.01920675 -0.02773348  0.12926103  0.12112943
  0.04599331  0.03079515 -0.09840497  0.04103344  0.2222065  -0.08486524
  0.01875558  0.20541982  0.02243508  0.08898369  0.04005125  0.01903483
 -0.0339889   0.07119149 -0.1661199  -0.02548894  0.0025934  -0.01944922
  0.01830683  0.04072532 -0.13905017  0.06000701  0.04306657  0.03186952
 -0.03318024  0.01370539 -0.04839115 -0.02037162  0.14151999 -0.24707504
  0.16297041  0.14315601  0.01956994  0.12362359  0.10678966  0.06357246
  0.01057444 -0.13718167 -0.18745472 -0.02442035  0.108024   -0.02129115
  0.02901384 -0.02214117]