[-1.10604063e-01  1.21511295e-01  5.98742180e-02  8.92926473e-03
  4.75940120e-04 -5.38538061e-02  4.86779697e-02 -1.40805483e-01
  1.54040977e-01 -2.70591378e-02  2.82276928e-01 -4.59324606e-02
 -2.14418083e-01 -1.84308261e-01  2.97475960e-02  1.44232184e-01
 -2.25352198e-01 -1.54028296e-01 -3.58925201e-02 -5.83763979e-02
  4.25018407e-02  1.14223100e-02 -6.53623778e-04  3.35971788e-02
 -9.72129852e-02 -3.45057845e-01 -6.73299730e-02 -1.64853111e-01
  1.09143190e-01 -4.79094498e-02 -2.51614898e-02  7.14753047e-02
 -1.99851722e-01 -8.72489288e-02 -1.89561478e-03  4.40509021e-02
  8.04626476e-03 -1.11432411e-02  1.71890840e-01  4.04989626e-03
 -1.87248781e-01 -8.44744965e-02  1.30728930e-02  2.66059101e-01
  1.61355197e-01  1.55215953e-02  2.67759394e-02 -8.55855122e-02
  5.73428907e-03 -1.27554029e-01  2.53200084e-02  1.62153289e-01
  1.40630096e-01  8.20277631e-02 -1.95232611e-02 -1.91288993e-01
 -2.24522408e-02 -3.81908603e-02 -1.77848145e-01 -2.77122501e-02
  5.32800220e-02 -6.32936880e-02 -4.52251844e-02 -2.06932966e-02
  2.28315637e-01  1.53555097e-02 -8.84981304e-02 -1.37477323e-01
  1.37481034e-01 -1.47544131e-01 -6.88707307e-02  5.98207228e-02
 -1.35248348e-01 -1.53533757e-01 -3.14612091e-01  3.87839340e-02
  3.87095600e-01  4.93682846e-02 -2.03748569e-01  6.43044487e-02
 -1.33635297e-01 -6.08542971e-02  9.55977440e-02  1.24002770e-01
 -3.65862511e-02  1.03883378e-01 -8.73874351e-02  1.41197387e-02
  1.25933811e-01 -7.85401687e-02 -4.05819453e-02  1.50782108e-01
 -4.54097055e-02  3.87427770e-02  5.36059625e-02  1.12287551e-02
  2.29134271e-03  6.57837614e-02 -9.40659046e-02 -3.70341614e-02
  6.06352389e-02 -4.86964993e-02  1.02750215e-04  7.49712512e-02
 -1.73895404e-01  1.23496987e-01  1.00925878e-01 -5.38408617e-03
  1.47600994e-02 -1.42609952e-02 -8.96503553e-02 -9.83912349e-02
  1.68281555e-01 -2.48594403e-01  2.20907733e-01  2.07565188e-01
 -4.94930847e-03  1.59888133e-01  5.67840151e-02  1.00987174e-01
 -4.30146009e-02 -3.94397341e-02 -1.55503556e-01 -1.31480964e-02
  8.61664116e-02 -2.03260984e-02  4.45407405e-02  3.04090534e-03]