[-0.13297565  0.14134423  0.0166323  -0.06025593 -0.02018568 -0.0711961
  0.00137216 -0.16691224  0.15276065 -0.05395077  0.29693681 -0.04546869
 -0.22896476 -0.1548308   0.01103595  0.14987546 -0.18170923 -0.14693612
 -0.03018841  0.01780245  0.04640769 -0.06359993  0.05526287  0.03876274
 -0.1027203  -0.33273879 -0.13867603 -0.09509659  0.07033354 -0.0128661
 -0.06503935  0.05077872 -0.22582947 -0.11587508  0.05151576  0.13896887
 -0.02398126 -0.03226766  0.19083901 -0.00916056 -0.21602218 -0.05773045
  0.03933603  0.26063859  0.19475813  0.02895645  0.05222764 -0.120364
  0.07550807 -0.13952504  0.03847387  0.14022104  0.13049692  0.06389099
  0.01951387 -0.17479549  0.05048694  0.06787286 -0.18389322 -0.08260847
  0.05464005 -0.06094005 -0.01817599 -0.04387413  0.23543465  0.07650483
 -0.09487801 -0.16261791  0.19055635 -0.12292062 -0.01827022  0.10314049
 -0.17160873 -0.17686488 -0.34682676  0.00578614  0.38963673  0.08886195
 -0.11279731  0.08620035 -0.08948865 -0.03712444  0.06649551  0.11449311
 -0.05836445  0.12714159 -0.10221081  0.03407834  0.18619685 -0.08999524
 -0.02878781  0.14184125 -0.04293089  0.08151378  0.05830297  0.0311702
 -0.01814449  0.03159533 -0.14992337 -0.00509141  0.01677402 -0.06485035
  0.00242715  0.11160824 -0.19556315  0.05049556  0.05229622 -0.00466033
 -0.05935617 -0.05410467 -0.05664288 -0.06616137  0.10885154 -0.29636994
  0.2084351   0.21100684 -0.02103677  0.11248656  0.08650513  0.04366414
 -0.01199959 -0.05691292 -0.16607903 -0.02164833  0.07629778 -0.00271432
  0.08580586 -0.00336792]