[-1.35136232e-01  1.33868501e-01  1.70098264e-02 -6.58167526e-02
  5.56516368e-03 -8.15923437e-02  3.27862576e-02 -1.62273213e-01
  1.42088160e-01 -7.00887963e-02  3.06994826e-01 -4.13304232e-02
 -2.22164318e-01 -1.70372710e-01  4.77972766e-03  1.65798366e-01
 -2.03364640e-01 -1.52551934e-01 -2.78426651e-02  1.55432289e-02
  5.62237799e-02 -5.18226400e-02  3.94172892e-02  5.09628467e-02
 -9.07460377e-02 -3.27124625e-01 -1.26268610e-01 -1.06089428e-01
  5.88584617e-02  1.09423995e-02 -5.79135828e-02  5.92951551e-02
 -2.24274158e-01 -1.15644813e-01  4.30689752e-02  1.19214535e-01
  2.17289853e-04 -2.38887724e-02  1.85926840e-01  1.42701028e-03
 -2.07044169e-01 -4.11190204e-02  4.09349762e-02  2.75619417e-01
  1.85923636e-01  1.92072820e-02  4.95667569e-02 -1.22956656e-01
  6.71766847e-02 -1.48355588e-01  3.84234600e-02  1.08678713e-01
  1.40486300e-01  6.29773960e-02 -1.21315243e-02 -1.85795352e-01
  5.74065819e-02  5.75907901e-02 -1.95147038e-01 -6.26692325e-02
  4.88269925e-02 -8.47339854e-02 -1.32656638e-02 -2.25654375e-02
  2.32707217e-01  6.41065910e-02 -1.01193167e-01 -1.58557385e-01
  1.88056082e-01 -1.27538219e-01 -2.73668300e-02  8.41343030e-02
 -1.70354292e-01 -1.63196951e-01 -3.71735424e-01  1.55528011e-02
  3.89814824e-01  8.81080031e-02 -1.11203693e-01  8.50307569e-02
 -9.94690955e-02 -2.18066182e-02  8.42277780e-02  1.32744655e-01
 -5.76773249e-02  1.04579985e-01 -1.03369735e-01  3.89328785e-02
  1.77610517e-01 -7.16362745e-02 -5.55430911e-02  1.56461865e-01
 -4.61796299e-02  8.64623711e-02  5.13944626e-02  2.96997484e-02
 -6.14594668e-04  4.20781486e-02 -1.36741787e-01  1.69562381e-02
  3.34930047e-03 -6.56237304e-02 -1.13902241e-03  1.26895785e-01
 -2.05660328e-01  4.21760939e-02  4.12174352e-02  3.78396362e-03
 -4.30051349e-02 -4.13508005e-02 -5.71957715e-02 -6.69613704e-02
  9.13117602e-02 -2.78371692e-01  2.03704476e-01  2.32487902e-01
  5.76796755e-03  1.16742432e-01  9.13518816e-02  2.45359205e-02
 -7.90950283e-03 -6.45806193e-02 -2.01828882e-01 -1.06125325e-03
  9.60167870e-02 -7.90009648e-03  9.73716676e-02  8.86815321e-03]