[-1.06048778e-01  1.23797826e-01  3.06513142e-02 -7.38056228e-02
 -7.47051984e-02 -6.74080147e-05 -1.09423578e-01 -1.42053589e-01
  1.06684342e-01 -9.23497975e-02  2.23085806e-01 -3.04017160e-02
 -1.84258699e-01 -1.53463751e-01 -1.26835173e-02  1.93179458e-01
 -1.73738271e-01 -1.80525407e-01 -3.04542929e-02  2.02019513e-02
  5.39365001e-02 -3.71770263e-02  9.82818753e-03  3.83378076e-03
 -8.16121995e-02 -3.79810303e-01 -1.17808990e-01 -5.03645800e-02
 -2.03757358e-04 -2.12133620e-02 -9.94126499e-02  3.68023030e-02
 -1.92460015e-01 -8.07069093e-02  4.64720093e-02  1.50749445e-01
 -3.04843523e-02 -5.24114557e-02  1.39715269e-01 -1.06250821e-02
 -2.27000833e-01  8.16343874e-02  3.45086828e-02  2.32437089e-01
  2.01283440e-01  5.51133156e-02  7.55928904e-02 -1.47322938e-01
  1.23857930e-01 -1.14159718e-01  8.37755725e-02  1.52068183e-01
  1.00461259e-01  7.09808618e-02  1.38751119e-02 -1.67032763e-01
  3.80998030e-02  1.03572309e-01 -1.20316856e-01 -1.43883396e-02
  7.28034154e-02 -6.48639202e-02 -9.47284233e-03 -9.63427797e-02
  2.02787206e-01  1.19096935e-01 -1.02417253e-01 -2.29960233e-01
  1.32422224e-01 -9.98042896e-02 -7.92773515e-02  2.98235957e-02
 -1.82144150e-01 -1.71861678e-01 -3.29779625e-01  3.23768444e-02
  3.61365616e-01  9.94847864e-02 -2.16249615e-01  5.71733974e-02
  1.41228549e-04 -3.69043881e-03  1.37059048e-01  1.96485981e-01
 -1.56657007e-02  6.78393319e-02 -8.68587196e-02 -2.48424485e-02
  2.18092188e-01 -4.40463461e-02 -5.84489107e-02  1.74736679e-01
 -1.31866429e-02  1.18966244e-01  6.60711974e-02  5.61461337e-02
 -3.02526951e-02  6.68689087e-02 -1.35783449e-01  7.38582481e-03
  9.27366130e-03 -6.27822652e-02 -3.48307155e-02  1.05689503e-01
 -1.04112461e-01  1.23107828e-01 -5.32623287e-03  1.09110832e-01
 -3.79254222e-02 -1.16172386e-02 -5.36408797e-02 -5.68307713e-02
  1.07676439e-01 -2.40081117e-01  2.17008755e-01  2.13580802e-01
  3.02601457e-02  1.22193515e-01  1.62230477e-01  1.05718099e-01
  1.04615642e-02 -1.53721860e-02 -2.33335361e-01 -2.22925842e-02
  7.07788840e-02  4.24184231e-03  7.89032131e-02  5.86209260e-02]