[-0.14500912  0.12718989  0.0828772  -0.07067803 -0.06853795  0.00843935
 -0.04754106 -0.09834327  0.1281985  -0.10419527  0.25397816 -0.03736879
 -0.24191843 -0.06880868 -0.01598894  0.22628756 -0.13033009 -0.17805812
 -0.06160363 -0.03491351  0.06837925 -0.00472385 -0.05517555  0.01637758
 -0.09895115 -0.3877165  -0.11400803 -0.0570639  -0.01246724 -0.07834926
 -0.10132601 -0.04021462 -0.1269221  -0.02361792 -0.01069092  0.06260825
 -0.02328467 -0.08784147  0.15562768  0.08143076 -0.22410396  0.05316287
  0.08225315  0.29676312  0.18737689  0.02237555  0.07241798 -0.07050187
  0.10475951 -0.25961861  0.06991469  0.09775143  0.11838535  0.11165668
  0.05634728 -0.16288978 -0.02713154  0.122756   -0.17801766  0.07839014
  0.07121371 -0.05035848 -0.02332862 -0.08877469  0.25537968  0.20885625
 -0.15075891 -0.14391607  0.13189067 -0.11562238 -0.08793675 -0.02566052
 -0.15410484 -0.16343985 -0.31406233  0.07675304  0.38712707  0.1249729
 -0.20625463 -0.01653027 -0.0524344   0.00359465  0.10418542  0.11327727
 -0.03546154  0.02056637 -0.08691724 -0.00088495  0.24077153 -0.02456818
 -0.01210126  0.22499184 -0.00795901  0.08194838  0.01374168  0.12409212
 -0.09184488 -0.00314482 -0.10946599 -0.00548481 -0.02960933 -0.08558732
  0.0127527   0.10463377 -0.17449741  0.15836318  0.01389172  0.04974275
 -0.04825192  0.05482386 -0.04593358 -0.01827817  0.09465063 -0.20607553
  0.19395815  0.22889684  0.0393379   0.10629574  0.09569462  0.03864105
 -0.00466385 -0.02966447 -0.17216128 -0.03093846  0.02273085 -0.0082853
  0.03247312  0.08670579]