[-0.09919159  0.16138685  0.06029756 -0.02747766  0.020678   -0.05784095
 -0.00913371 -0.10301577  0.1687618  -0.00543178  0.28388354 -0.00942206
 -0.22040467 -0.20474783  0.06949379  0.11435805 -0.17789672 -0.11795163
 -0.02129466 -0.03265002  0.01404348  0.00315054  0.03217581  0.06203593
 -0.07763759 -0.29368404 -0.0572299  -0.19294581  0.10494687 -0.08169266
 -0.07098494  0.01423313 -0.17643748 -0.10099514 -0.01168901  0.06436806
 -0.01247901 -0.03076645  0.14137688 -0.04021949 -0.17145891 -0.07921335
 -0.02337597  0.24236886  0.18570952  0.00311388  0.05860958 -0.09267452
  0.07120545 -0.10937983  0.05902361  0.11990754  0.16657601  0.04841415
  0.03849338 -0.23351717 -0.02030814  0.01240196 -0.14639913  0.01257089
  0.06138396 -0.010724   -0.04309039 -0.04814194  0.23640035  0.00618958
 -0.11706078 -0.16343017  0.13190956 -0.11060008 -0.04000625  0.13764444
 -0.13587539 -0.17479213 -0.25965708  0.06901301  0.34366962  0.09223845
 -0.21095411  0.06647724 -0.1552196  -0.04743226  0.04654301  0.09824102
 -0.03106068  0.09532835 -0.12566124 -0.02557248  0.12794615 -0.0708442
 -0.02059088  0.14974637 -0.0570677   0.07467356  0.00741016 -0.01253335
 -0.04121561  0.09834822 -0.08369435 -0.03101755  0.06422187 -0.08518552
 -0.01499562  0.05984905 -0.1662582   0.12171238  0.09628133  0.05408426
  0.0173822   0.01183545 -0.0979596  -0.07276251  0.17850825 -0.28185064
  0.23739541  0.16485983  0.05768144  0.13851798  0.07713945  0.10900905
 -0.00693548 -0.05080274 -0.16915587 -0.0079965   0.07899572 -0.04221604
  0.05323687  0.02769689]