[-0.14502065  0.14920351  0.08581156 -0.01450775  0.01350997 -0.12347852
  0.05350915 -0.16348405  0.08094402  0.03820096  0.32197466 -0.09107348
 -0.1975524  -0.19312787  0.05826964  0.15187895 -0.12284883 -0.06460395
 -0.12861338 -0.04114495  0.01052375 -0.02093328  0.0948446   0.09489828
 -0.05021879 -0.3616524  -0.11420826 -0.12261102  0.05903503 -0.05036926
 -0.03459426  0.07239137 -0.17721145 -0.0863327   0.02860275  0.04378141
 -0.0118829  -0.05378286  0.23080544  0.00208697 -0.12627217 -0.03804739
  0.01260906  0.22941172  0.25780231  0.02260375  0.02276426 -0.05467212
  0.03968678 -0.15960528  0.01023545  0.12172057  0.06473504  0.03828286
  0.02380345 -0.10855535  0.0025013   0.02334551 -0.18632512 -0.0752288
  0.02467697 -0.14283662 -0.12915766 -0.0603345   0.19523992  0.14051194
 -0.08821952 -0.07785615  0.14869265 -0.13906431 -0.00217549  0.03130049
 -0.17324363 -0.11740297 -0.29881391  0.07351461  0.3908135   0.09037627
 -0.21062425 -0.0020123  -0.08103637  0.01929817  0.08908568  0.05282366
 -0.11924411 -0.00312295 -0.07696884  0.03915077  0.09912475 -0.03453626
 -0.02433998  0.20578718 -0.05588767  0.09264972  0.06403717 -0.04740005
  0.04428409 -0.00364489 -0.09457214  0.03465864  0.07628392 -0.08064512
  0.04568854  0.0752833  -0.18422253  0.0312335   0.05412235  0.00476537
  0.03683859 -0.01480858 -0.08454644 -0.06770968  0.1290326  -0.2033726
  0.20344789  0.19252777 -0.05571405  0.08937869  0.05632434  0.11211555
 -0.04597104 -0.00846086 -0.10402858  0.01505463  0.13219367  0.0199496
  0.0613605  -0.02559417]