[-1.08913772e-01  1.17722921e-01  8.34115371e-02  1.91668272e-02
 -2.06700843e-02 -4.04173844e-02  4.47084270e-02 -1.56965241e-01
  1.54226035e-01 -4.64573018e-02  3.01743299e-01 -5.03464742e-03
 -2.04217300e-01 -1.62531540e-01  4.53856699e-02  1.41445294e-01
 -1.92804262e-01 -1.50763616e-01 -1.62467994e-02 -2.10391488e-02
  4.64050733e-02  2.46950518e-02  4.11133729e-02  2.50530485e-02
 -1.01776436e-01 -3.43038529e-01 -9.48868617e-02 -1.46416649e-01
  1.59012422e-01 -4.47922610e-02 -6.73485547e-02  1.87260583e-02
 -2.10312173e-01 -9.31917951e-02  1.03494218e-02  5.57900667e-02
  5.76505845e-04 -5.30367009e-02  1.69258967e-01  1.86657831e-02
 -1.84307024e-01 -6.99780509e-02 -1.32078668e-02  2.46857315e-01
  1.38685539e-01  1.52758155e-02  6.72351196e-02 -1.24423124e-01
 -2.96829939e-02 -1.15981393e-01  5.53545728e-02  1.21289447e-01
  1.25839472e-01  7.91473389e-02 -2.73449309e-02 -2.39384651e-01
 -3.60311684e-03 -2.79727429e-02 -1.68203279e-01 -1.34541100e-04
  7.04245940e-02 -9.12950467e-03 -2.00730911e-03  8.70783255e-03
  2.48971388e-01  1.04101216e-02 -8.83506313e-02 -1.51672497e-01
  1.22518279e-01 -1.26999825e-01 -4.80603576e-02  6.28506765e-02
 -1.47614077e-01 -1.59125239e-01 -2.93045282e-01  4.24542017e-02
  4.10714358e-01  6.14991263e-02 -2.04939410e-01  5.31622432e-02
 -1.54257655e-01 -5.84473610e-02  9.07005891e-02  1.26850769e-01
 -2.33603623e-02  9.64837521e-02 -1.09191455e-01  2.89604347e-02
  1.43674612e-01 -7.46326968e-02 -3.23762931e-02  1.70495927e-01
 -3.68312746e-02  6.18713461e-02  4.70824018e-02  3.16584632e-02
 -2.55615655e-02  9.23426449e-02 -7.18258247e-02 -3.65270972e-02
  4.39217277e-02 -3.86542901e-02  1.72117706e-02  1.16706148e-01
 -1.93415031e-01  1.38163865e-01  8.22459087e-02 -1.67339426e-02
  2.68497113e-02 -1.70657225e-02 -9.91885290e-02 -8.91346559e-02
  1.50020719e-01 -2.62713403e-01  2.38258347e-01  2.31089637e-01
  2.40123179e-02  1.59123242e-01  6.88546896e-02  9.20202956e-02
 -1.12249283e-02 -2.15069782e-02 -1.78714082e-01  1.42903496e-02
  5.98576330e-02 -6.27606511e-02  4.87667881e-02  2.75119450e-02]