[-0.07328092  0.13839626  0.07748038 -0.03657704 -0.09377822 -0.02541299
 -0.09449128 -0.13674158  0.09063504 -0.07193089  0.20446081  0.00265081
 -0.14541169 -0.17120081 -0.00815739  0.13980201 -0.14807655 -0.18908714
 -0.04535849  0.00674304  0.03404973  0.00868215 -0.02810141 -0.01642827
 -0.08529031 -0.37312174 -0.08092776 -0.03725209  0.07648571 -0.01504446
 -0.10826594  0.07472744 -0.17133817 -0.08524599  0.03763354  0.1891685
 -0.07774087 -0.01891327  0.09051851 -0.00984485 -0.23924522  0.09674941
  0.00718829  0.28048345  0.28604019  0.05227721  0.06110911 -0.11024781
  0.11691361 -0.18008046  0.08729792  0.17750035  0.08881881  0.1052995
  0.04500976 -0.14957389 -0.00123448  0.10517678 -0.1367909   0.0211486
  0.05836822 -0.10349347  0.04287843 -0.09616408  0.19512202  0.10323461
 -0.08725878 -0.1663525   0.16044866 -0.1668341  -0.10362478  0.01242347
 -0.12860751 -0.13926671 -0.30644032  0.04818191  0.3813282   0.14006719
 -0.1927896   0.07003354 -0.00576493 -0.02647537  0.12936029  0.15099065
 -0.0259533   0.03755777 -0.09339872 -0.02347879  0.24679589 -0.02943656
 -0.0178557   0.20129092 -0.01824058  0.09909645  0.08299822  0.03442896
 -0.03436759  0.07233106 -0.14613892 -0.02016399  0.00508707 -0.12751023
  0.00474332  0.10692302 -0.10066344  0.1849959   0.01511606  0.15329184
  0.01253315 -0.0322134  -0.03539919 -0.0361279   0.15442894 -0.21020071
  0.28415033  0.19392115  0.0619454   0.1325243   0.15242277  0.07794196
  0.00878178 -0.07324971 -0.18461666 -0.02570703  0.03626929 -0.0403075
  0.06249475  0.09747288]