[-0.06353669  0.10158296  0.01947225 -0.01254482 -0.02439719 -0.0238559
  0.02010459 -0.15136239  0.16336551 -0.07412871  0.32950702  0.0227965
 -0.25119686 -0.17618093  0.03607208  0.14855292 -0.21758807 -0.15904894
 -0.03967099 -0.04360823  0.01523458  0.0072748   0.03445014  0.03034762
 -0.10465612 -0.358419   -0.0883138  -0.13965151  0.11065986 -0.05349443
 -0.04536033  0.03557939 -0.17238161 -0.0437125   0.01964477  0.02060336
 -0.01669132 -0.0404752   0.20723079  0.01560048 -0.20564182 -0.04739987
 -0.00156435  0.25296631  0.16050053 -0.00053055  0.05068019 -0.1093903
  0.00471842 -0.15008225  0.07131919  0.15467811  0.11109974  0.05908946
 -0.01529981 -0.21152513 -0.06744289  0.06254164 -0.17222868 -0.01391941
  0.03847253 -0.04423633 -0.046106   -0.04164266  0.23201318  0.08159739
 -0.1392141  -0.14345233  0.12488123 -0.15261304 -0.06511658  0.04849449
 -0.14139289 -0.17674236 -0.27826759  0.02866232  0.37960213  0.06121201
 -0.19073592  0.03618757 -0.12130735 -0.06198237  0.09411737  0.11032017
 -0.03359482  0.04690931 -0.08298846  0.01469391  0.15429464 -0.05605903
 -0.03063905  0.1859237  -0.06504833  0.05667841  0.04695633  0.0536495
 -0.02184016  0.05275349 -0.08497302 -0.02161786  0.01704077 -0.07614107
  0.00415639  0.07331748 -0.17715371  0.13248669  0.08730636  0.00702754
  0.05205739 -0.00949656 -0.06982747 -0.08941253  0.15667565 -0.28154773
  0.267317    0.20430152  0.03467908  0.17246491  0.06191105  0.07759035
 -0.04182727 -0.0746711  -0.1944388  -0.00824985  0.05250117 -0.04225061
  0.06593744 -0.00280795]