[-1.14447869e-01  1.07778095e-01  6.33616894e-02  2.06840414e-04
  1.62741635e-02 -5.47358394e-02  3.32579874e-02 -1.23051904e-01
  1.78098723e-01 -5.88110574e-02  3.15679312e-01 -2.66691502e-02
 -2.04319760e-01 -1.68328911e-01  6.30340055e-02  1.39714792e-01
 -2.29730174e-01 -1.09426938e-01 -1.13919163e-02 -2.24083755e-02
  3.18578295e-02  2.35556010e-02  4.17538546e-02  5.06488681e-02
 -7.97246099e-02 -3.54651421e-01 -1.11066036e-01 -1.60741270e-01
  1.62738040e-01 -3.02421581e-02 -6.23558238e-02  2.13399604e-02
 -2.08896950e-01 -9.72697362e-02 -1.07970310e-03  4.58929762e-02
 -2.08386518e-02 -4.75571677e-02  1.85547575e-01  2.15161219e-02
 -1.67153344e-01 -1.00523882e-01 -3.39128338e-02  2.74422139e-01
  1.60891995e-01  1.93651505e-02  4.87434976e-02 -8.10651481e-02
 -6.44380227e-04 -1.46603525e-01  4.47067097e-02  1.41320810e-01
  1.62877828e-01  7.76299685e-02 -2.70782895e-02 -2.00974137e-01
 -6.03254838e-03  1.05936304e-02 -1.78282022e-01 -2.07669642e-02
  5.57719432e-02 -5.59934927e-03  1.60648376e-02  3.22119184e-02
  2.98856467e-01  2.68191751e-02 -1.25654459e-01 -1.11660577e-01
  1.21311359e-01 -1.11483730e-01 -9.81106237e-03  7.82232806e-02
 -1.54847100e-01 -1.80568978e-01 -2.73409933e-01  5.55215739e-02
  4.11131531e-01  5.20617738e-02 -1.77640781e-01  5.13671413e-02
 -1.96648508e-01 -6.64147958e-02  8.33163336e-02  1.17031299e-01
 -4.62163202e-02  8.54621753e-02 -1.02009214e-01  3.11732944e-02
  1.38915747e-01 -8.87619480e-02 -2.90891565e-02  1.75533727e-01
 -4.58129644e-02  4.78145294e-02  3.21932174e-02  1.03298491e-02
 -1.11297909e-02  5.96257225e-02 -6.34865761e-02 -3.82344536e-02
  5.33118509e-02 -4.41224575e-02  7.24478764e-03  9.96581763e-02
 -2.08468825e-01  1.43117502e-01  1.04174726e-01 -1.56328827e-02
  4.54463735e-02 -2.37476677e-02 -1.00597553e-01 -9.76553932e-02
  1.51624143e-01 -2.77287632e-01  2.18031526e-01  1.93568900e-01
  1.12787029e-02  1.81885988e-01  4.25066240e-02  9.46738347e-02
 -3.60434838e-02 -5.14187030e-02 -1.52285382e-01  1.18351420e-02
  8.48225579e-02 -1.51665090e-02  7.11661503e-02 -6.80082804e-03]