[-1.19931184e-01  1.17176533e-01  5.72231710e-02 -8.31920188e-03
  7.55551178e-03 -2.91705169e-02 -1.17502278e-02 -9.60434079e-02
  1.90299556e-01 -7.64040649e-02  3.17384809e-01 -2.44449191e-02
 -1.82760462e-01 -1.68214068e-01  4.55074459e-02  1.58801451e-01
 -2.42094547e-01 -1.24876134e-01  3.39235622e-03 -1.14115747e-02
  4.67810705e-02  2.81063914e-02  3.37765217e-02  3.93029973e-02
 -1.05896890e-01 -3.81774038e-01 -9.39470455e-02 -1.45130396e-01
  1.36319593e-01 -4.97774668e-02 -9.03031155e-02  4.08165008e-02
 -2.15068057e-01 -1.00624517e-01  1.28306737e-02  8.07041153e-02
 -1.01501187e-02 -1.63553935e-02  1.77466840e-01  3.62206809e-02
 -1.70108914e-01 -5.17421737e-02 -2.29524728e-02  2.97269642e-01
  1.62916884e-01  4.67906967e-02  4.48100753e-02 -1.05099335e-01
  1.98154431e-02 -1.34564072e-01  4.41916548e-02  1.64163724e-01
  1.39349863e-01  8.31599087e-02 -2.27548052e-02 -1.75943345e-01
 -1.13616476e-03 -3.09808936e-04 -1.60101667e-01 -1.75754968e-02
  7.81087130e-02 -1.52161121e-02  2.43562572e-02  1.55157153e-03
  2.82359928e-01  1.53253274e-02 -1.11641847e-01 -1.46033511e-01
  9.50168818e-02 -9.20138285e-02 -3.39956805e-02  7.44564757e-02
 -1.59438208e-01 -1.70504719e-01 -2.92134225e-01  4.49370258e-02
  3.80112797e-01  4.51677814e-02 -1.64684042e-01  6.87671229e-02
 -1.58338875e-01 -8.47728178e-02  8.45229477e-02  1.28216252e-01
 -3.12628113e-02  7.88244307e-02 -9.45097581e-02  5.21665700e-02
  1.59430787e-01 -7.85315782e-02 -9.67451092e-03  1.53170198e-01
 -5.18746674e-02  5.75305708e-02  2.07606461e-02  3.44444104e-02
 -4.51675169e-02  8.62446949e-02 -7.25169554e-02 -3.02020367e-02
  4.59993184e-02 -2.97525711e-02  8.14219378e-03  1.05606019e-01
 -2.03433737e-01  1.37486264e-01  6.92579374e-02 -5.56940027e-03
  3.90488952e-02 -1.21330591e-02 -1.00007311e-01 -9.20704454e-02
  1.34080589e-01 -2.70147026e-01  2.24634767e-01  2.02288508e-01
  2.85744257e-02  1.61858574e-01  6.56822547e-02  9.16327164e-02
 -4.39313427e-02 -2.41063796e-02 -1.79876730e-01  2.90953368e-03
  6.93625584e-02 -8.48193932e-03  7.43758082e-02 -4.14760923e-03]