[-0.10114618  0.11154398  0.05335043 -0.06283843 -0.05585977  0.05274398
 -0.04944057 -0.10620606  0.1358217  -0.09040937  0.26786265 -0.01741116
 -0.14842458 -0.19240145 -0.00236854  0.18400417 -0.20008567 -0.17326193
 -0.03794458  0.0309302   0.04128766 -0.00234972  0.0070968   0.0177555
 -0.1217035  -0.40721139 -0.06985776 -0.07914889  0.03826195 -0.08816514
 -0.07955424  0.06714956 -0.18315889 -0.0380059   0.02916163  0.13084301
 -0.01236907 -0.01326106  0.14312313  0.02885195 -0.25941965  0.07925358
  0.00923548  0.26026329  0.22042702  0.02526119  0.03773232 -0.1122182
  0.13056771 -0.13538073  0.03874319  0.14321846  0.08157321  0.02658801
 -0.02066838 -0.14768727 -0.0353332   0.12662359 -0.12892666  0.03487165
  0.04733712 -0.0939915  -0.03138709 -0.03746575  0.15778928  0.11315808
 -0.10595695 -0.24900191  0.14887573 -0.11101972 -0.06448784  0.07357703
 -0.16566385 -0.15987381 -0.28921363  0.01626131  0.35595027  0.03523677
 -0.22811894 -0.00383999 -0.03914179  0.01735966  0.12024973  0.17474099
 -0.03706847  0.02844919 -0.1072997  -0.03241373  0.23093735  0.00534132
 -0.03585768  0.20475578 -0.02874547  0.08611991  0.05184243  0.04011827
 -0.04298927  0.06464339 -0.15519349 -0.05443515  0.00436157 -0.07253658
 -0.02835731  0.14348172 -0.15151045  0.15443599  0.00056778  0.10699447
  0.04050997  0.00560756 -0.04631665 -0.05256955  0.1398305  -0.20914009
  0.20552395  0.22640169  0.08836091  0.09009433  0.16578917  0.06352714
 -0.00538131 -0.01776449 -0.24347369  0.01305042  0.05622017 -0.05498565
  0.04678201 -0.00539542]