[-1.40574858e-01  1.36051923e-01  9.15228724e-02  1.13128265e-02
 -1.39303701e-02 -8.99463221e-02 -1.29769547e-02 -1.28036216e-01
  8.76929983e-02  1.72993075e-02  3.19629282e-01 -5.65559380e-02
 -2.12292656e-01 -1.72392160e-01 -1.09279556e-02  1.63838834e-01
 -1.31702408e-01 -7.41631687e-02 -1.23822682e-01  1.64712968e-04
  7.74407014e-02 -3.49864550e-02  7.42610916e-02  6.98485747e-02
 -2.46860441e-02 -3.70447218e-01 -9.12024304e-02 -5.68416677e-02
  6.35551959e-02 -6.89834952e-02 -3.99094708e-02  5.07919900e-02
 -1.68358073e-01 -1.08678974e-01  3.66889201e-02  8.92606229e-02
 -1.66147836e-02 -5.68617098e-02  2.26091370e-01 -3.69431414e-02
 -1.63527012e-01  1.65748801e-02  2.38010827e-02  2.53509462e-01
  2.98659533e-01  8.79401416e-02  3.58733125e-02 -8.35014805e-02
  8.60316306e-02 -1.99223593e-01  2.55606808e-02  1.50618315e-01
  8.35869461e-02  2.48853751e-02  3.84356454e-02 -1.22012772e-01
 -1.81940626e-02  8.52259621e-02 -1.42155409e-01 -4.61609140e-02
  7.09926942e-03 -1.24063209e-01 -5.36284037e-02 -7.38434047e-02
  1.77758723e-01  9.96433049e-02 -9.90369320e-02 -1.20360069e-01
  1.52253717e-01 -1.42297491e-01 -3.69606465e-02  5.93494885e-02
 -1.81673795e-01 -1.34446502e-01 -3.29935789e-01  2.34907754e-02
  4.43593591e-01  8.34869966e-02 -1.97522014e-01  2.29600966e-02
 -5.63938096e-02  1.59970601e-03  8.26555192e-02  8.40493590e-02
 -7.74904490e-02 -2.15870347e-02 -1.21761978e-01  1.86764095e-02
  1.67548805e-01 -2.67928746e-02 -5.15184700e-02  2.00100467e-01
 -2.50060856e-02  7.48120844e-02  4.55656871e-02 -4.32642456e-03
  1.41251003e-02  1.45630604e-02 -1.37080967e-01 -3.21285687e-02
  6.93214387e-02 -2.85027511e-02  4.65016179e-02  8.63010287e-02
 -1.60898790e-01  4.71619554e-02  1.22849932e-02  7.81505927e-02
  4.28658389e-02 -3.31473462e-02 -9.88695920e-02 -2.65915934e-02
  1.40450016e-01 -1.98278621e-01  2.04135224e-01  1.94769099e-01
  9.02139756e-04  6.63300529e-02  1.07279301e-01  8.76939967e-02
  2.04839418e-03 -1.30552445e-02 -1.39836535e-01 -1.49678690e-02
  8.12254027e-02  1.93473101e-02  1.13624811e-01 -1.61760603e-03]