[-0.09208781  0.12029928  0.03865851 -0.02883114  0.04630224 -0.14259557
  0.02135898 -0.20392919  0.15469711 -0.06455387  0.27925932 -0.00543667
 -0.16932122 -0.14246717 -0.00179263  0.10869019 -0.18784653 -0.10685118
 -0.03771799 -0.05691533  0.01263592 -0.00338903  0.07127833  0.06502698
 -0.06818449 -0.26727512 -0.10324512 -0.16445036  0.12304415 -0.01474863
 -0.00689839  0.06079024 -0.21532576 -0.05772135 -0.01063529  0.05381349
 -0.0005394  -0.04578626  0.19215503  0.0419129  -0.15526214 -0.08789961
 -0.04798296  0.2633743   0.18016964 -0.02437011  0.06870325 -0.12600501
  0.09803595 -0.15296318  0.02641546  0.0832196   0.13040011  0.05456353
 -0.012492   -0.21421872  0.04006001  0.02794405 -0.19991603 -0.01119581
  0.03183815 -0.04967735 -0.02829474  0.03967235  0.27231055  0.0797578
 -0.12220738 -0.0656622   0.18211906 -0.13268037  0.01006173  0.10555527
 -0.10666686 -0.15190153 -0.27595994  0.02686227  0.41115728  0.04559051
 -0.15577486  0.03754373 -0.20294113 -0.02299066  0.08781959  0.09687636
 -0.08828684  0.0690009  -0.11287185 -0.00891183  0.1794057  -0.06835081
 -0.06157855  0.1796501  -0.05272248  0.05822818  0.03050501  0.02933324
 -0.0502786   0.02611187 -0.07486477 -0.02753666  0.02001634 -0.0780021
 -0.03463384  0.08281949 -0.21532862  0.1148323   0.08971794 -0.02408979
  0.01268959 -0.04492991 -0.05651763 -0.07957937  0.11906383 -0.27060387
  0.2260758   0.1713264   0.01339383  0.19195759  0.02610411  0.06534307
 -0.0451262  -0.08763806 -0.11483055 -0.01291334  0.08305636  0.01050346
  0.03858687 -0.0184414 ]