[-0.08574437  0.15846029  0.05659831 -0.06689417 -0.09293476 -0.03600287
 -0.09550688 -0.14676236  0.10923851 -0.07904982  0.25125653 -0.03978085
 -0.17692046 -0.17533    -0.03538587  0.18711756 -0.18077458 -0.15781842
 -0.00532325  0.01048997  0.09558069 -0.00785475  0.01972315  0.01160808
 -0.0751016  -0.38297251 -0.09387646 -0.05394361  0.02675761 -0.03896135
 -0.09927301  0.02888858 -0.20272164 -0.11147555  0.0528679   0.16007774
 -0.04788114 -0.03414097  0.11957755 -0.00179937 -0.21527515  0.07993215
  0.04258249  0.25482941  0.20883654  0.08149305  0.07315438 -0.15843675
  0.12395415 -0.11079592  0.07260735  0.14035933  0.11946242  0.07523601
  0.00671547 -0.14948669  0.00945483  0.10517507 -0.13352256 -0.00699592
  0.09063037 -0.05564225 -0.0084896  -0.09156664  0.2305665   0.08241654
 -0.12349872 -0.19029963  0.13076144 -0.1135489  -0.11274453  0.03147206
 -0.15429278 -0.14950244 -0.31164142  0.03585899  0.39207718  0.08606374
 -0.21500599  0.02466702 -0.01932564 -0.00266796  0.12757191  0.19323722
 -0.00376636  0.07355844 -0.08649372 -0.01711768  0.213917   -0.06803309
 -0.04887837  0.19544004 -0.00404249  0.15168731  0.04025156  0.03597707
 -0.04876104  0.09659861 -0.1453869  -0.01112028 -0.0010085  -0.05050251
 -0.02724144  0.10418911 -0.11113033  0.13305405  0.01535652  0.09991469
 -0.02348167 -0.01467058 -0.064933   -0.06845502  0.10039266 -0.242521
  0.24587372  0.22128864  0.06120661  0.12138333  0.16025786  0.07264556
  0.04976165 -0.04999387 -0.21212883 -0.02699242  0.07931361 -0.02780678
  0.08522779  0.03270219]