[-1.21517971e-01  1.15668729e-01  4.69192304e-02 -8.18212237e-03
 -6.23924397e-02 -1.54395392e-02  2.81507466e-02 -1.57778248e-01
  1.79494590e-01 -7.84226283e-02  2.81244785e-01 -4.66625728e-02
 -2.73346037e-01 -5.78684323e-02 -1.92403067e-02  1.56258091e-01
 -2.05261976e-01 -1.33060515e-01 -7.44449124e-02 -5.05812876e-02
  6.16785139e-03  2.75410712e-02  1.21162105e-02  7.81219974e-02
 -1.08898714e-01 -3.45200598e-01 -1.03578046e-01 -1.44062832e-01
  1.10648595e-01 -5.84603027e-02 -3.94378267e-02  3.88694443e-02
 -1.71438530e-01 -5.43354638e-02  1.39106838e-02  8.98450091e-02
 -3.90263833e-02 -4.62079421e-02  1.92391828e-01  2.80650798e-02
 -2.20966443e-01 -6.43604919e-02  4.68389923e-03  3.15754026e-01
  1.89550310e-01  2.13344526e-02  2.74159573e-03 -5.44136055e-02
  4.55002151e-02 -1.95121497e-01  2.65753102e-02  1.61855847e-01
  1.09278813e-01  7.07492754e-02  1.38623444e-02 -1.74019441e-01
 -1.56469997e-02  7.52639249e-02 -2.11792469e-01 -2.90558934e-02
  7.05300793e-02 -5.42099290e-02 -1.03515224e-03 -1.65753495e-02
  2.49754474e-01  9.24533308e-02 -1.24598838e-01 -8.63050148e-02
  1.93588287e-01 -1.81927994e-01 -3.07003558e-02  4.53411937e-02
 -1.46015733e-01 -1.77356467e-01 -2.55924761e-01  2.14786213e-02
  4.94229287e-01  9.31823999e-02 -1.54584602e-01  3.67527083e-02
 -9.88081321e-02 -6.33842051e-02  9.54700112e-02  9.54000801e-02
 -5.29434867e-02  5.92261553e-02 -8.64619538e-02  3.14084813e-02
  1.74793467e-01 -4.91270795e-02 -1.30204028e-02  1.86704561e-01
 -3.57114635e-02 -6.68141106e-03  9.19818655e-02  3.50045003e-02
 -4.97195311e-02 -2.62445817e-03 -1.36769190e-01 -4.25773337e-02
 -5.41728130e-03 -8.34986418e-02  4.22499049e-03  6.22186661e-02
 -1.80128202e-01  1.69221550e-01  1.00050904e-01 -2.48304438e-02
 -3.26800917e-04  1.50243274e-03 -1.02482729e-01 -5.53665757e-02
  2.16030598e-01 -2.65066922e-01  2.21047834e-01  1.75184652e-01
 -6.42681587e-03  1.57444224e-01  3.81134003e-02  7.57869557e-02
 -3.93344127e-02 -4.72542830e-02 -1.49367005e-01 -7.50925243e-02
  7.04517141e-02 -5.95972203e-02  8.99950638e-02 -9.10564139e-03]