[-0.16603838  0.07716493  0.05426242 -0.07321119 -0.05191286 -0.09874304
  0.05175418 -0.05106933  0.10754015  0.07457512  0.20055738 -0.08886039
 -0.2294787  -0.03038663 -0.03114431  0.09340736 -0.14159465 -0.05392897
 -0.08457932 -0.11973067  0.03692641 -0.00104766  0.06985932  0.05505905
 -0.14527561 -0.28025052 -0.05592472 -0.09753276  0.00403688 -0.08380156
  0.00056191  0.07643162 -0.18143943 -0.08606737 -0.02326447  0.06442177
 -0.05347417 -0.08965503  0.17618652  0.03653729 -0.10182927  0.00986694
  0.05818112  0.29089177  0.21791272  0.02533956  0.027574   -0.04086467
  0.09942561 -0.24769011  0.09795397  0.10751312  0.08954333  0.03492781
  0.11544099 -0.13307682  0.02926619  0.08905109 -0.10116106  0.05889428
  0.09218862 -0.02541871  0.00966421 -0.11648341  0.15059726  0.07408208
 -0.09322292 -0.03601953  0.0721003  -0.06982597 -0.04664139  0.04403299
 -0.10488351 -0.16237834 -0.29333493  0.12456297  0.32202685  0.12690727
 -0.18728179 -0.02498356 -0.08718761  0.02218421  0.11239294  0.00953596
 -0.10519395 -0.05965806 -0.17964725 -0.02073656  0.1579863  -0.02982052
 -0.0768711   0.16454059 -0.00444803  0.00169533  0.02156869  0.06790151
 -0.16790612  0.05912553 -0.09829867  0.02758467  0.09196145 -0.12340044
 -0.04719364  0.09129894 -0.16629739  0.0890267   0.00685809 -0.02104002
 -0.04845447 -0.03241172 -0.10849123  0.00590598  0.09340549 -0.21878989
  0.16017911  0.17207831 -0.02616284  0.14069505  0.08337146  0.05511233
 -0.02932913  0.06572491 -0.07637814 -0.05624066  0.06913706  0.05545774
  0.02892258  0.06901374]