[-0.0876713   0.15060185  0.06022401 -0.06483512 -0.08131622 -0.03158768
 -0.09761962 -0.14192453  0.09852649 -0.08612477  0.25249416 -0.03502929
 -0.17355584 -0.17756642 -0.03541098  0.18473195 -0.18353501 -0.16331369
 -0.003535    0.0085345   0.08211308 -0.0137479   0.00933827 -0.00296879
 -0.0844131  -0.38112319 -0.09020656 -0.06084121  0.00949581 -0.02950195
 -0.09933516  0.04451821 -0.19734094 -0.09686472  0.05556493  0.15736192
 -0.04706204 -0.02591096  0.12769774  0.00133918 -0.20845611  0.07880723
  0.04019438  0.26206377  0.21169411  0.07292416  0.0640982  -0.14669214
  0.13616645 -0.11555222  0.06642229  0.1375518   0.1171689   0.07857914
  0.01485352 -0.15010262  0.01969154  0.0964498  -0.13934293 -0.00868624
  0.07339367 -0.08209991 -0.00566459 -0.0973483   0.23534954  0.08828501
 -0.11702929 -0.1932568   0.1390506  -0.10671645 -0.10952633  0.03146023
 -0.1579642  -0.14873695 -0.32047674  0.03761868  0.38081512  0.09985349
 -0.21431275  0.03282036 -0.0054065  -0.01066081  0.13702869  0.19765726
 -0.00734149  0.07666104 -0.0830061  -0.02328779  0.21763788 -0.06021452
 -0.06561192  0.18243155 -0.01886441  0.15279794  0.04776287  0.01566216
 -0.04826372  0.08528763 -0.15451381 -0.01233818 -0.01123154 -0.05635933
 -0.02903183  0.11056476 -0.09925645  0.12241715  0.00536613  0.10010443
 -0.039948   -0.01758606 -0.06169358 -0.05645056  0.09388268 -0.24395342
  0.2490789   0.21044426  0.06588034  0.12311351  0.16344427  0.05828323
  0.03405808 -0.043034   -0.21783018 -0.02883956  0.0847614  -0.01837646
  0.10092844  0.03272831]