[-1.33213207e-01  7.29981586e-02  6.27887174e-02 -7.23086670e-02
 -7.53351077e-02 -1.00062184e-01  5.10749631e-02 -3.67481671e-02
  1.15130737e-01  6.20522574e-02  1.52211249e-01 -9.67961475e-02
 -2.38488868e-01 -9.67901386e-03 -3.13688777e-02  9.58266184e-02
 -1.32578567e-01 -5.65072969e-02 -1.06751658e-01 -1.40130520e-01
  1.34412367e-02  3.29044275e-02  7.25890398e-02  5.94250970e-02
 -1.25469923e-01 -2.62361646e-01 -3.03983726e-02 -1.00437239e-01
  2.70828065e-02 -9.66277197e-02  1.58312675e-02  8.26466084e-02
 -1.87476322e-01 -9.54835191e-02 -1.64683014e-02  5.61623164e-02
 -6.63803741e-02 -1.09579861e-01  1.78624049e-01  2.40654349e-02
 -1.08560257e-01  6.48031477e-03  5.74328415e-02  2.84814507e-01
  2.09285095e-01  1.55808283e-02  3.70727219e-02 -4.82742265e-02
  1.14538908e-01 -2.58943826e-01  7.10938871e-02  1.16297983e-01
  7.58744404e-02  2.56583132e-02  1.12173162e-01 -1.37235984e-01
  2.76324805e-02  1.06138729e-01 -1.16276555e-01  8.19264278e-02
  1.09980367e-01 -2.59171166e-02  3.08421644e-04 -1.17415525e-01
  1.48969382e-01  4.34574746e-02 -9.12442058e-02 -6.02567494e-02
  9.37529579e-02 -9.03856903e-02 -5.50670289e-02  5.01021743e-02
 -9.03592035e-02 -1.44141957e-01 -2.90929049e-01  1.08360089e-01
  3.09308380e-01  1.22130908e-01 -1.58100531e-01 -1.12878922e-02
 -1.03750043e-01  3.02484334e-02  6.79771826e-02  1.01356702e-02
 -1.05483510e-01 -7.61873573e-02 -1.64388463e-01 -1.25485873e-02
  1.59034654e-01 -3.78595702e-02 -6.90103322e-02  1.49192572e-01
  7.95367081e-03 -2.74012238e-02 -6.93364395e-03  5.94811440e-02
 -1.97031245e-01  5.81053495e-02 -1.05566859e-01  3.09692118e-02
  9.60363597e-02 -1.21605173e-01 -3.23590711e-02  1.06772415e-01
 -1.72747210e-01  1.09163992e-01 -1.31570427e-02 -4.29346375e-02
 -3.95211913e-02 -2.69709229e-02 -1.19201399e-01  1.08088134e-02
  1.13201790e-01 -2.11647078e-01  1.69847116e-01  1.76348507e-01
  1.29991851e-03  1.33483633e-01  8.13633204e-02  5.76109253e-02
 -1.18047744e-02  7.18666539e-02 -8.64587799e-02 -8.86012241e-02
  6.38360009e-02  4.79686745e-02  1.13963531e-02  7.77034461e-02]