[-0.08945976  0.15821292  0.08011717 -0.0361439  -0.07564829  0.03914994
 -0.0663644  -0.12429383  0.13208394 -0.10503534  0.24460502  0.02532994
 -0.2115548  -0.19705816 -0.02806387  0.16740893 -0.10732035 -0.16512261
 -0.06007075 -0.00570267  0.10538534  0.00384777 -0.01474469 -0.00823979
 -0.12678228 -0.36632806 -0.09199809  0.00602497  0.0208084  -0.0598735
 -0.11170842  0.04263374 -0.19709603 -0.10198082  0.04404225  0.17502199
 -0.01925338 -0.01754228  0.10506483  0.01571798 -0.2265121   0.0605866
  0.05202413  0.27518213  0.2338877   0.05525637  0.04043308 -0.07490765
  0.14527582 -0.19071339  0.06877795  0.14491379  0.13617128  0.09496985
  0.05947259 -0.13869169 -0.00511249  0.13420081 -0.08614871 -0.03331835
  0.02784638 -0.10981468 -0.00302713 -0.07175579  0.17830163  0.06161216
 -0.10786249 -0.16298102  0.13006422 -0.11617633 -0.07393562  0.03894437
 -0.15182297 -0.1168654  -0.34573275  0.05919326  0.43581972  0.13227525
 -0.21553269  0.03553507 -0.03825706  0.02878535  0.11405267  0.12933001
 -0.01593923  0.07166156 -0.09063144  0.00165487  0.22889142 -0.02142873
 -0.03288196  0.22230139  0.02230037  0.12896001  0.05661458  0.02675053
 -0.029613    0.02617853 -0.13680449 -0.01024799 -0.00044169 -0.07059642
  0.00726102  0.11530268 -0.16668199  0.14046694  0.02650153  0.12134399
  0.02228764  0.00209348 -0.07991761 -0.04732448  0.09152758 -0.27134073
  0.18564317  0.21970104  0.00896163  0.10802168  0.15724412  0.06480818
  0.03350985 -0.056112   -0.15081342 -0.06790506  0.07884528 -0.05779161
  0.06645688  0.02140587]