[-0.10718098  0.06991737  0.05319822 -0.03173449 -0.08409054 -0.06791806
  0.03469162 -0.05677909  0.08820071  0.01803453  0.2369947  -0.10847601
 -0.21607487 -0.01362885 -0.0523353   0.12258986 -0.15780069 -0.03579514
 -0.04288657 -0.06976058  0.11540585 -0.0037004   0.07054935  0.04449178
 -0.141969   -0.27575135 -0.05631547 -0.12069099  0.03225439 -0.06714025
 -0.02473015  0.09634348 -0.14598523 -0.04726411  0.00589512  0.04207713
 -0.07412785 -0.08769693  0.18502615  0.0310477  -0.14386871  0.03875421
  0.02623825  0.27682206  0.19767661  0.009254    0.03431968 -0.07989508
  0.07911688 -0.2377404   0.07234048  0.12596975  0.03305839  0.06049863
  0.12995514 -0.15512431  0.04620504  0.07291424 -0.12801245  0.06348036
  0.08496468  0.02100163  0.04126357 -0.10750343  0.13153213  0.07030996
 -0.08067093 -0.10558052  0.10757975 -0.09204067 -0.06407963  0.10012406
 -0.13926263 -0.20162168 -0.25427982  0.07466973  0.31203473  0.14416061
 -0.19344713 -0.03547814 -0.02675356 -0.01329171  0.15829356  0.03624532
 -0.0413873  -0.03593702 -0.16313802 -0.01898219  0.16191438 -0.06935596
 -0.0821146   0.22573023 -0.00106621 -0.03205978  0.04309946  0.07188951
 -0.14194317  0.06789767 -0.1687635  -0.01621326  0.07471293 -0.13001263
 -0.07795286  0.1131644  -0.16174555  0.08949824 -0.03753648 -0.02501204
 -0.10687434 -0.06908214 -0.15428667  0.07796293  0.12301593 -0.20762193
  0.19244993  0.17999105  0.05607194  0.08855613  0.09570377 -0.00503237
 -0.0087657  -0.00657642 -0.13629673 -0.05386949  0.06001214  0.0232379
 -0.01756156  0.02510281]