[-1.35350302e-01  1.01558499e-01  9.21909511e-02 -3.08839288e-02
 -8.01135376e-02 -8.06281865e-02  4.06257156e-03 -6.75649494e-02
  1.00867771e-01  3.03762611e-02  2.58105487e-01 -8.36459026e-02
 -2.10424408e-01 -4.76034284e-02 -5.06092310e-02  1.50043294e-01
 -1.80741116e-01 -4.29727100e-02 -6.54757321e-02 -5.89776039e-02
  1.33513197e-01 -1.13858161e-02  3.99546921e-02  1.76833291e-02
 -1.40219554e-01 -2.94105530e-01 -6.13149665e-02 -9.92932543e-02
  1.56079857e-02 -7.60027021e-02 -2.66192742e-02  5.21885641e-02
 -1.71390519e-01 -1.02370642e-01 -3.23761557e-03  4.35440280e-02
 -7.40020117e-03 -5.36115132e-02  1.29605055e-01  2.92779896e-02
 -1.69998378e-01  1.02184787e-01  6.54663369e-02  2.86471874e-01
  2.37654999e-01  3.96104269e-02  4.42856066e-02 -6.41797483e-02
  5.50873987e-02 -2.08513856e-01  8.11571330e-02  8.96961689e-02
  1.25144228e-01  3.32441591e-02  1.11205891e-01 -1.53863952e-01
 -2.17693895e-02  7.88889676e-02 -1.31710008e-01  4.70907204e-02
  1.18130565e-01  1.59989167e-02  4.55535389e-02 -9.19929296e-02
  1.42174408e-01  9.16174576e-02 -9.42290053e-02 -1.07589662e-01
  7.98505917e-02 -7.91167170e-02 -5.34118302e-02  4.86720577e-02
 -1.49443954e-01 -1.42261669e-01 -2.98817605e-01  5.46080880e-02
  3.27589065e-01  7.51270726e-02 -2.13365555e-01 -4.62930240e-02
 -8.50042254e-02  1.04900869e-02  9.63226184e-02  2.55134255e-02
 -1.46678416e-02 -2.40532197e-02 -1.36571154e-01 -3.54985497e-03
  1.60852239e-01 -6.81661591e-02 -4.25546952e-02  2.13452175e-01
  3.74640198e-03 -6.64812252e-02  4.38317657e-05  5.49722686e-02
 -1.44153535e-01  5.89153171e-02 -1.32618681e-01 -2.95253731e-02
  4.24106838e-03 -8.60976875e-02 -3.24037112e-02  9.57699344e-02
 -1.91750214e-01  6.60237595e-02 -1.12673156e-02  4.14852146e-03
 -8.51569995e-02 -2.99962349e-02 -1.08361937e-01  3.38027067e-02
  1.11854009e-01 -2.03154400e-01  1.86257884e-01  1.99985757e-01
  1.83102470e-02  7.26564229e-02  7.36791566e-02  6.17068587e-03
 -2.59099528e-04  3.32726240e-02 -1.01416804e-01 -3.55486646e-02
  2.98839305e-02 -2.07067723e-03  3.14671807e-02  4.94331568e-02]