[-0.1175253   0.14821705  0.04633258 -0.06254544 -0.05514715  0.04654786
 -0.05456048 -0.09774735  0.16126667 -0.06907342  0.24430214 -0.00926126
 -0.14816691 -0.16391838  0.00295495  0.16804065 -0.22515588 -0.15688343
  0.01164171  0.03381365  0.06848778 -0.00949398  0.00574788  0.03735904
 -0.11740559 -0.40345773 -0.09531952 -0.09927286  0.07021623 -0.11043109
 -0.10407783  0.01151424 -0.18876357 -0.03604827  0.00054706  0.13569421
 -0.01878904 -0.0173997   0.13299847  0.02901454 -0.21589592  0.06787479
 -0.02749063  0.26253265  0.23766489  0.04020052  0.04137481 -0.07945272
  0.09334905 -0.16261111  0.06149058  0.15452515  0.09512626  0.03291727
 -0.04746402 -0.13766706 -0.05676708  0.10712459 -0.15952004  0.05718819
  0.07606413 -0.07726498 -0.04289445 -0.00269457  0.19233985  0.14540844
 -0.12301171 -0.23698537  0.14495845 -0.14173101 -0.06075059  0.0322528
 -0.14460902 -0.16991878 -0.25063154  0.03826295  0.33797404  0.05307439
 -0.22136693  0.01218112 -0.09455591  0.01588561  0.09224783  0.13440815
 -0.03556389  0.03409653 -0.12663677 -0.00779519  0.22014187 -0.01411457
 -0.01271195  0.22397016 -0.03478238  0.08983203  0.0397641   0.05654619
 -0.03143946  0.06299423 -0.12067401 -0.04983485  0.02923292 -0.08127723
 -0.0337136   0.14610974 -0.17757742  0.17998111  0.0011267   0.09285773
  0.0386641  -0.0123063  -0.08330674 -0.05024945  0.17301111 -0.22387221
  0.23169096  0.23407702  0.06130009  0.10052092  0.13918613  0.06527539
  0.02132969 -0.04229442 -0.23991068  0.01039106  0.04076447 -0.05968576
  0.03102003  0.01587076]