[-1.37446836e-01  1.19463854e-01  4.20099907e-02 -3.48249413e-02
  1.16152165e-03 -4.70318012e-02  3.42712961e-02 -1.57442585e-01
  1.81254178e-01 -8.91565233e-02  3.06000143e-01 -3.23190093e-02
 -1.97808281e-01 -1.66832492e-01  4.24014665e-02  1.40112594e-01
 -2.46543437e-01 -1.21868648e-01  7.75419176e-06 -6.44618869e-02
  2.93593686e-02  1.40875196e-02  4.15579192e-02  6.19420372e-02
 -9.54261050e-02 -3.70710969e-01 -1.01094820e-01 -1.61828876e-01
  1.27919763e-01 -2.46538855e-02 -3.44462581e-02  5.26715219e-02
 -2.21371889e-01 -7.30629712e-02 -1.08936587e-02  6.26718923e-02
 -1.62238386e-02 -3.94907147e-02  1.99747548e-01  3.42204869e-02
 -1.50178164e-01 -1.00057125e-01 -3.68523486e-02  2.83940732e-01
  1.73045680e-01  1.07751396e-02  3.23858038e-02 -7.55000636e-02
  1.32745206e-02 -1.51274830e-01  2.30285842e-02  1.50831282e-01
  1.28476188e-01  4.80749123e-02 -2.80898660e-02 -2.04752922e-01
  1.00420015e-02 -2.76391786e-02 -2.01909855e-01 -6.32399246e-02
  4.06940207e-02 -4.95234691e-02 -4.71528480e-03  3.48822735e-02
  2.92712212e-01  5.62066399e-02 -1.11471213e-01 -9.18454155e-02
  1.57988101e-01 -1.20643966e-01  4.66349814e-03  4.70848382e-02
 -1.52316496e-01 -1.82420656e-01 -2.83027858e-01  4.91390787e-02
  4.04687881e-01  7.20307752e-02 -1.67502031e-01  5.15206456e-02
 -1.78965122e-01 -5.07531427e-02  1.10849954e-01  1.21241666e-01
 -6.08797856e-02  6.92871436e-02 -9.42458808e-02  4.68736328e-02
  1.14447489e-01 -7.16654584e-02 -5.80911413e-02  1.78744212e-01
 -4.48643193e-02  4.05478477e-02  5.95920272e-02  1.62970740e-02
 -2.79185325e-02  5.33311069e-02 -8.13141167e-02 -1.40972948e-02
  4.34486009e-02 -5.04806302e-02  1.02176738e-03  1.15507342e-01
 -2.17484102e-01  1.31510511e-01  8.34059939e-02 -4.95228097e-02
  2.50091380e-03 -4.61199731e-02 -9.67511609e-02 -8.90999958e-02
  1.39723405e-01 -2.79246628e-01  2.00117469e-01  2.09095865e-01
 -2.00597700e-02  2.26908445e-01  4.93851751e-02  7.55394325e-02
 -4.13225107e-02 -6.08839653e-02 -1.58552811e-01 -4.90945578e-03
  7.78235570e-02 -3.80557333e-03  7.15509281e-02 -9.17928945e-03]