[-0.11050069  0.15985668  0.04975146 -0.05849111 -0.06593517 -0.02709535
 -0.06452459 -0.17305446  0.10341412 -0.03853393  0.25045744  0.00672304
 -0.19220759 -0.19429068 -0.02717149  0.1792295  -0.14027175 -0.15901758
 -0.03487879  0.00328629  0.07042753  0.00169843  0.02172674  0.0308098
 -0.08855101 -0.35590941 -0.09179491 -0.03681756  0.02737212 -0.02615439
 -0.12199467  0.04527409 -0.22549954 -0.109584    0.06978881  0.19238542
 -0.02147627 -0.04551932  0.09561197 -0.01659868 -0.19473891  0.06081126
  0.05483363  0.2578741   0.20471695  0.04658319  0.07888696 -0.12281888
  0.12091034 -0.11090491  0.08868748  0.11252626  0.14103353  0.05352969
  0.01441547 -0.17002764 -0.00282372  0.13829856 -0.11446037  0.00804394
  0.04101837 -0.10707755 -0.04763504 -0.09680129  0.18780537  0.08507418
 -0.12044443 -0.18853658  0.10456633 -0.11156978 -0.0868763   0.02850137
 -0.16685252 -0.14500095 -0.36244163  0.05819768  0.3730354   0.08932992
 -0.23886505  0.04569435 -0.00551861  0.04109941  0.11800537  0.17151529
 -0.01663488  0.07577404 -0.12707502 -0.01526242  0.22303684 -0.05368699
 -0.05358505  0.1941742  -0.03383179  0.11896162  0.02955551  0.05271857
 -0.03719183  0.05657505 -0.11312671 -0.01796857  0.04302133 -0.06861844
 -0.02936919  0.11347083 -0.14828646  0.07705722  0.0146075   0.11289624
  0.02334621 -0.03673925 -0.07141542 -0.09088721  0.09624806 -0.25247437
  0.24382189  0.23550741  0.00574078  0.12056184  0.14325076  0.07431646
  0.04426209 -0.03239245 -0.16937762 -0.04210805  0.1072192  -0.03058719
  0.0787599   0.02346786]