[-0.10544353  0.13397692  0.07133352 -0.04470487 -0.00549109 -0.07268455
  0.00632703 -0.15874259  0.15632069 -0.07399991  0.30365965 -0.0144162
 -0.2150965  -0.16088925  0.02577308  0.14369524 -0.19178084 -0.10212733
 -0.02349015 -0.00473096  0.0188266  -0.00718078  0.06790051  0.05503299
 -0.05245199 -0.31040093 -0.09416665 -0.16757587  0.12657589 -0.02824878
 -0.07031279 -0.04067252 -0.18718888 -0.06166016 -0.02834971  0.04995449
 -0.01973171 -0.05401243  0.19498454 -0.02398074 -0.20942056 -0.08125662
 -0.01187348  0.21482094  0.17230341  0.00171761  0.07318754 -0.14096542
  0.05870298 -0.12170937  0.06180319  0.08693679  0.12514053  0.04943161
 -0.02369036 -0.23098969 -0.01488437  0.06470715 -0.16345464  0.00931529
  0.05949744 -0.02474356 -0.0288181   0.00442639  0.28117928  0.06062546
 -0.13772571 -0.15236071  0.14132746 -0.1477204  -0.01927334  0.10495187
 -0.13739336 -0.1696106  -0.28196627  0.03860087  0.37431803  0.06809237
 -0.17234926  0.0286047  -0.17065102 -0.04977318  0.09702243  0.15248968
 -0.01798368  0.07515856 -0.11691409 -0.00660388  0.16250472 -0.11139617
 -0.00947303  0.18456648 -0.04093688  0.09277589 -0.02159666  0.02571166
 -0.05796936  0.08460134 -0.07925281 -0.01399424  0.03850267 -0.03264973
  0.00501669  0.08079286 -0.18885629  0.11046084  0.08179384  0.0030379
  0.03602022 -0.0397631  -0.06050456 -0.1023427   0.15520652 -0.24203049
  0.24462652  0.19452132  0.05747709  0.15672398  0.08827499  0.08107638
  0.00869159 -0.06061201 -0.18911742  0.04332845  0.07654502 -0.05127333
  0.07768751  0.00933509]