[-2.04652146e-01  9.81998965e-02  4.66132984e-02 -6.87649846e-02
 -1.01140834e-01 -6.49867058e-02  4.92873974e-02 -9.21079367e-02
  1.19003080e-01  5.40110357e-02  1.99486166e-01 -8.55527446e-02
 -2.36529022e-01 -2.48666666e-02 -1.01653924e-02  1.25484392e-01
 -1.32369399e-01 -7.01991692e-02 -9.05539021e-02 -1.39954239e-01
  1.15796542e-02  3.76384193e-03  3.32430676e-02  6.25141710e-02
 -1.83416843e-01 -2.40057662e-01 -6.85120821e-02 -1.00097887e-01
  5.54711511e-03 -1.22647561e-01 -3.97573411e-03  8.25937465e-02
 -1.60595760e-01 -1.09130137e-01  2.50230078e-02  1.11045413e-01
 -7.32818022e-02 -9.79832560e-02  1.68627962e-01  1.57532133e-02
 -9.43763033e-02  7.75780110e-03  6.00271635e-02  3.26362103e-01
  1.56246826e-01  3.97191936e-04  5.27621321e-02 -2.87509151e-02
  1.40479907e-01 -2.21838638e-01  4.46284190e-02  8.73600692e-02
  9.31468755e-02  3.00165713e-02  1.48653314e-01 -1.16345897e-01
  4.28652316e-02  1.28048912e-01 -1.39142856e-01  8.12593922e-02
  1.09925389e-01 -6.10201620e-02  7.19250832e-03 -1.01279676e-01
  1.51428267e-01  7.27266967e-02 -8.74119326e-02 -4.61836569e-02
  1.08270206e-01 -3.72905135e-02 -4.18722443e-02  6.18695691e-02
 -1.03262298e-01 -1.86389789e-01 -2.78143108e-01  1.17802158e-01
  3.60722661e-01  1.21315338e-01 -1.78434566e-01 -3.02795656e-02
 -2.11016219e-02  5.37463138e-03  1.00788690e-01  3.44245993e-02
 -9.81916562e-02 -2.62231659e-02 -1.57709077e-01  2.78276093e-02
  1.86979756e-01 -3.40311565e-02 -3.69875841e-02  1.69050381e-01
  2.15370208e-02 -3.37629355e-02  2.60518920e-02  7.60919824e-02
 -1.66236863e-01  3.24356072e-02 -8.16664919e-02  2.85142511e-02
  1.11630701e-01 -1.34937629e-01 -1.16194002e-02  9.03978571e-02
 -1.45515591e-01  9.42916796e-02 -7.73119740e-04 -2.72265263e-02
 -1.19088553e-01 -3.84090692e-02 -1.02835529e-01  3.46858129e-02
  1.03824846e-01 -2.54448295e-01  1.48118287e-01  1.82461962e-01
 -7.14645833e-02  1.10755682e-01  3.82120907e-02  1.77368764e-02
  1.54582784e-04  5.86764477e-02 -4.30560075e-02 -1.05248727e-01
  7.84004256e-02  3.07722390e-02  2.67570615e-02  4.61117327e-02]