[-0.08243904  0.06105129  0.01870356 -0.06093098 -0.06801423 -0.09926511
  0.02501827 -0.04171297  0.13505934 -0.00706693  0.18068501 -0.08538385
 -0.22680092  0.00183083 -0.05247534  0.11613124 -0.16617613 -0.03103243
 -0.065463   -0.15524553  0.1189419   0.02237494  0.0556855   0.03718985
 -0.15026869 -0.23026863 -0.05240534 -0.12416635 -0.00721853 -0.11327984
  0.01724157  0.12733217 -0.1394632  -0.06294058 -0.00055693  0.0352677
 -0.05111692 -0.08258339  0.15666354  0.00838521 -0.11061185  0.00893653
  0.02125354  0.27386919  0.18431972  0.00819264  0.02722963 -0.07593649
  0.13444573 -0.23605807  0.0224297   0.10976195  0.03825074  0.05075032
  0.12790093 -0.13312909  0.0590534   0.08330324 -0.14965129  0.0554387
  0.07379767 -0.06668886  0.01700585 -0.10223518  0.14075594  0.04014018
 -0.08016608 -0.06836727  0.12455571 -0.08376718 -0.03865631  0.09227853
 -0.11698873 -0.20233977 -0.22451499  0.05685858  0.33504558  0.11493893
 -0.1262363   0.03455759 -0.05067026 -0.00706827  0.12593244  0.04365153
 -0.04583406 -0.02806566 -0.1263248   0.04505485  0.1633808  -0.10260039
 -0.073662    0.19893645 -0.02365133 -0.00388275  0.01819146  0.05125856
 -0.144798    0.08861584 -0.09148081  0.03954619  0.09211227 -0.15490648
 -0.0545172   0.059778   -0.12686305  0.07897444 -0.02988843 -0.00949961
 -0.10026932 -0.06437336 -0.12095591  0.04688924  0.11946302 -0.24893896
  0.18542099  0.17774053 -0.00766964  0.13901761  0.01937069  0.03579272
  0.00264563 -0.02158011 -0.13326852 -0.05109116  0.08028568  0.05563466
 -0.01842053  0.01928062]