[-0.10681727  0.10615473  0.03399131 -0.00230975  0.00613485 -0.05447553
  0.01517861 -0.13726199  0.18096478 -0.07216964  0.3045865  -0.03042606
 -0.19670527 -0.16665244  0.04722847  0.13724862 -0.24282233 -0.10661004
 -0.00585369 -0.0218388   0.0382744   0.01567513  0.05036722  0.03656589
 -0.09497608 -0.36059758 -0.10692488 -0.14623509  0.16103196 -0.02903817
 -0.06869069  0.02901177 -0.21868022 -0.10036897  0.01147408  0.05806999
 -0.02990312 -0.03204611  0.19847046  0.03270896 -0.16968073 -0.07762355
 -0.02921616  0.27477536  0.16164921  0.03489083  0.04710683 -0.0996571
  0.02093829 -0.1324517   0.05549026  0.14967757  0.15431468  0.07444809
 -0.02179221 -0.19009392 -0.00045785  0.0080443  -0.17608598 -0.02295745
  0.07993864 -0.0135401   0.02325418  0.02907275  0.28803608  0.0209287
 -0.11431415 -0.11176582  0.12529583 -0.11318368 -0.00948393  0.07069093
 -0.13744408 -0.18389051 -0.27679488  0.04142862  0.39998254  0.06307038
 -0.16361825  0.05247904 -0.16829596 -0.08278286  0.10343464  0.13037683
 -0.04109887  0.08919227 -0.09200024  0.03640903  0.14922781 -0.08285633
 -0.03246496  0.17459486 -0.03945966  0.0543699   0.03812579  0.00955733
 -0.03605309  0.05810698 -0.06815124 -0.03529504  0.04408398 -0.04403587
  0.00882798  0.10015196 -0.19365422  0.15180619  0.08636039 -0.01782942
  0.02754592 -0.03439258 -0.08851279 -0.09013156  0.13250989 -0.27804494
  0.2243067   0.18420468  0.01760538  0.18534113  0.04676684  0.08474823
 -0.03038722 -0.04132577 -0.16111057 -0.0037213   0.06940731 -0.01364152
  0.09159857 -0.00703011]