[-1.06325306e-01  1.24683522e-01  1.71475522e-02 -1.83517188e-02
  4.54660021e-02 -1.19880199e-01  3.66742015e-02 -2.04095438e-01
  1.64120659e-01 -7.35912323e-02  2.87326664e-01 -1.45196533e-02
 -1.80563897e-01 -1.52261317e-01 -2.82909698e-03  1.15774609e-01
 -1.98133573e-01 -1.06652454e-01 -4.64600921e-02 -4.10602912e-02
  2.60622855e-02 -2.24123010e-03  7.80742541e-02  5.76244406e-02
 -8.65645185e-02 -2.92021245e-01 -1.11311130e-01 -1.57657221e-01
  1.30496606e-01 -1.16681000e-02 -1.60267726e-02  4.75243591e-02
 -2.24754676e-01 -7.47940466e-02  5.81625476e-03  4.71990295e-02
  2.80337408e-04 -3.64923067e-02  2.03880191e-01  2.94766705e-02
 -1.65321335e-01 -7.56736174e-02 -2.71236189e-02  2.70549744e-01
  1.63336530e-01 -1.81809810e-04  6.38460591e-02 -1.36429518e-01
  9.46906582e-02 -1.28327996e-01  3.12307961e-02  8.92235562e-02
  1.23797312e-01  4.99771200e-02 -1.53648099e-02 -2.16431841e-01
  3.13150883e-02  3.36041041e-02 -1.98370084e-01 -1.54544711e-02
  3.48010436e-02 -4.09467705e-02 -2.75184643e-02  4.06363904e-02
  2.58646637e-01  5.70516586e-02 -1.25629470e-01 -8.65219906e-02
  1.74715564e-01 -1.32213548e-01  2.87454724e-02  9.95648429e-02
 -1.17862381e-01 -1.68097854e-01 -2.85298735e-01  2.32794043e-02
  4.25641507e-01  4.19771932e-02 -1.42982528e-01  4.82606329e-02
 -1.80909172e-01 -3.66877466e-02  9.86611471e-02  1.21363319e-01
 -7.68831447e-02  7.21958950e-02 -1.04057625e-01  9.48814303e-03
  1.74668059e-01 -6.83687851e-02 -6.62265047e-02  1.72904044e-01
 -5.54123595e-02  5.23010455e-02  2.63555236e-02  3.09656411e-02
 -6.97981939e-02  3.39587405e-02 -7.22365305e-02 -1.93445217e-02
  2.33972687e-02 -6.20963238e-02 -2.81684343e-02  8.83845836e-02
 -2.04757333e-01  1.18146814e-01  8.71915147e-02 -2.16898136e-02
  9.63451620e-03 -4.62103449e-02 -6.27738982e-02 -7.89869353e-02
  1.03871360e-01 -2.77540773e-01  2.31249169e-01  1.73981965e-01
  5.97122544e-03  1.93690225e-01  3.82149927e-02  5.95477894e-02
 -2.50433069e-02 -5.18548451e-02 -1.40537262e-01 -2.08897572e-02
  8.78392681e-02 -2.70657102e-03  6.85478598e-02 -3.29882205e-02]