[-1.10102110e-01  1.19144700e-01  2.67049652e-02 -2.45678443e-02
  4.09029238e-02 -1.41548157e-01  3.09072435e-02 -2.01574609e-01
  1.58220410e-01 -5.88254146e-02  2.59514749e-01 -3.69130005e-03
 -1.84956476e-01 -1.66205093e-01  1.60140339e-02  1.11727275e-01
 -1.82868391e-01 -1.03911594e-01 -6.00082874e-02 -5.46392202e-02
  6.92854961e-03 -2.85530090e-03  8.06788802e-02  6.46784008e-02
 -8.08162093e-02 -2.84709305e-01 -1.19224630e-01 -1.70531377e-01
  1.18909769e-01 -4.22990322e-03 -1.33201331e-02  4.34406959e-02
 -2.22916588e-01 -8.76610056e-02  4.27395850e-03  4.53790650e-02
 -7.58526195e-03 -3.91607955e-02  1.86898515e-01  2.76476331e-02
 -1.69197828e-01 -9.15910527e-02 -2.92298980e-02  2.52074420e-01
  1.86166227e-01 -9.68272239e-03  6.62929341e-02 -1.28463477e-01
  1.08049177e-01 -1.33823380e-01  1.71562713e-02  8.59393850e-02
  1.25199661e-01  4.44283374e-02  6.50154753e-03 -2.07292303e-01
  3.26432623e-02  4.34568785e-02 -2.11022720e-01 -2.18522493e-02
  1.32515822e-02 -5.61793149e-02 -5.07472456e-02  3.57565172e-02
  2.53018945e-01  7.61934593e-02 -1.18030727e-01 -9.15251747e-02
  1.96709737e-01 -1.43284738e-01  3.46183628e-02  1.11409366e-01
 -1.13143660e-01 -1.60485551e-01 -2.82742113e-01  2.57479679e-02
  4.21767682e-01  4.46161143e-02 -1.39505371e-01  5.03935702e-02
 -1.92757502e-01 -2.94748526e-02  7.82380700e-02  1.09044626e-01
 -8.57816711e-02  7.22619295e-02 -9.46628228e-02  1.42242759e-03
  1.58924565e-01 -7.78284371e-02 -4.52096760e-02  1.71844557e-01
 -5.72946854e-02  6.00296333e-02  3.15414257e-02  1.86322108e-02
 -7.28325099e-02  3.07728406e-02 -6.96606562e-02 -2.72541642e-02
  4.48621437e-02 -7.55707100e-02 -4.88014985e-03  7.67763928e-02
 -1.93804666e-01  1.00644372e-01  9.03900489e-02 -2.02139560e-02
  1.62684675e-02 -4.55698706e-02 -5.57835810e-02 -9.35514495e-02
  1.11932158e-01 -2.69927263e-01  2.36521229e-01  1.69163734e-01
 -2.52952371e-02  1.84000790e-01  2.65511461e-02  7.20534772e-02
 -3.99447717e-02 -6.29888773e-02 -1.18961811e-01 -1.11310435e-02
  9.51889381e-02 -3.74947500e-04  4.91868034e-02 -3.93113382e-02]