[-2.02566057e-01  1.01509951e-01  4.70453314e-02 -5.88634387e-02
 -8.94881040e-02 -7.34506771e-02  6.74447045e-02 -7.37685561e-02
  1.39618710e-01  5.65428846e-02  1.65692508e-01 -9.00094286e-02
 -2.31944114e-01 -1.52169019e-02 -3.57561409e-02  1.35365203e-01
 -1.27124712e-01 -6.10754080e-02 -9.89087746e-02 -1.44455567e-01
  1.79093312e-02  2.73080319e-02  4.06523347e-02  4.62907925e-02
 -1.62264273e-01 -2.53588229e-01 -6.24979250e-02 -9.12353620e-02
  2.74152681e-03 -1.17020547e-01  1.71846375e-02  8.57710764e-02
 -1.64268002e-01 -1.19599737e-01  2.19066832e-02  8.34475383e-02
 -7.63241649e-02 -1.00121737e-01  1.78465694e-01  2.89112125e-02
 -9.47238579e-02  9.64614656e-03  7.64501542e-02  3.30466956e-01
  1.65887579e-01 -3.25071975e-03  4.87236083e-02 -4.41025980e-02
  1.46906093e-01 -2.37668142e-01  4.93612140e-02  8.00942257e-02
  8.73458758e-02  4.07622717e-02  1.44300178e-01 -1.15941547e-01
  3.81463841e-02  1.36794209e-01 -1.35055169e-01  9.22621414e-02
  1.14709519e-01 -5.23844361e-02 -9.13808879e-04 -8.33301395e-02
  1.31321177e-01  6.04844056e-02 -7.86973983e-02 -5.94814122e-02
  1.17888115e-01 -5.61798774e-02 -3.66351604e-02  4.08594571e-02
 -8.38524699e-02 -1.84409812e-01 -2.93994009e-01  1.22695699e-01
  3.42133969e-01  1.28026232e-01 -1.67827561e-01 -2.63739619e-02
 -3.87135707e-02  2.24547889e-02  9.25276801e-02  3.57664339e-02
 -1.06159627e-01 -4.81759794e-02 -1.51399136e-01  4.67997052e-05
  1.84367478e-01 -2.54615489e-02 -5.66636100e-02  1.74182817e-01
  3.32052484e-02 -4.45807539e-02  1.55668408e-02  6.87074289e-02
 -1.83979988e-01  3.16913389e-02 -1.01553731e-01  2.10683402e-02
  9.85756144e-02 -1.32225975e-01 -1.74069311e-02  1.08324639e-01
 -1.64951012e-01  1.12435140e-01 -7.46785337e-03 -3.38488780e-02
 -1.06835566e-01 -3.01926229e-02 -1.05594411e-01  3.48962806e-02
  9.81850401e-02 -2.23950535e-01  1.46801934e-01  1.84075996e-01
 -5.35259619e-02  1.32105514e-01  5.78621514e-02  2.59964596e-02
  1.31823840e-02  7.47042298e-02 -4.52539921e-02 -1.04405425e-01
  7.34234154e-02  4.59517427e-02  6.71186764e-03  6.09965585e-02]