[-0.08757373  0.15800324  0.08607531 -0.03339008 -0.08961553  0.04952589
 -0.07362951 -0.11634625  0.12489755 -0.1056145   0.25303051  0.03073642
 -0.19871363 -0.18915759 -0.01640577  0.16446176 -0.10296422 -0.15927008
 -0.06217771 -0.01237904  0.08639771 -0.00235668 -0.00876869 -0.00699214
 -0.14030762 -0.37613258 -0.09339526  0.01663805  0.03330563 -0.06191742
 -0.11842523  0.0438314  -0.20135415 -0.09520897  0.04251462  0.17069817
 -0.02885757 -0.02002059  0.10458522  0.02373348 -0.21686994  0.06961863
  0.04547513  0.28328419  0.23839891  0.05630516  0.0420461  -0.0621964
  0.14182046 -0.18514168  0.06707446  0.14374386  0.13505931  0.0964383
  0.05306023 -0.14423774 -0.00865427  0.13116424 -0.08956057 -0.04306459
  0.00835505 -0.09734832 -0.00079542 -0.08210549  0.18546425  0.07302442
 -0.11048724 -0.1615942   0.12524691 -0.10521724 -0.0585468   0.03148848
 -0.15554681 -0.11632049 -0.33993879  0.06413849  0.43043384  0.13385583
 -0.22573507  0.02203364 -0.03807965  0.01752266  0.09509976  0.12105139
 -0.02769465  0.06796018 -0.08682641  0.00621992  0.22234194 -0.01975152
 -0.03084457  0.2192115   0.02837357  0.12292478  0.05892871  0.03222831
 -0.05266032  0.02592647 -0.14174615 -0.01614177 -0.0111901  -0.07642927
  0.00852235  0.11745255 -0.17706899  0.16932982  0.03368306  0.11358628
  0.01482359  0.01062249 -0.083069   -0.04592998  0.09075478 -0.27703044
  0.18206681  0.22434583  0.01710383  0.12208053  0.15899806  0.06009655
  0.02302794 -0.03965719 -0.13693792 -0.07075342  0.06827704 -0.07009366
  0.06697046  0.02869779]