[-1.25382960e-01  1.31791621e-01  2.78274324e-02 -5.58487587e-02
  3.88019346e-02 -1.19982056e-01  5.53132892e-02 -2.06194401e-01
  2.00763270e-01 -8.80732164e-02  2.90843129e-01 -2.09853090e-02
 -1.71611011e-01 -1.59531638e-01 -1.66317637e-04  1.00197606e-01
 -2.26658568e-01 -1.06047451e-01 -2.65521016e-02 -4.29185890e-02
  2.88222339e-02  4.28908126e-04  7.14179426e-02  7.84498006e-02
 -1.04342975e-01 -2.97589034e-01 -1.25312164e-01 -1.61332726e-01
  1.11836992e-01 -8.65440071e-03  3.59370909e-03  5.15834689e-02
 -2.22984239e-01 -8.64503607e-02 -6.46725902e-03  6.52890429e-02
 -1.02715166e-02 -4.90887985e-02  1.96170405e-01  1.75848585e-02
 -1.56912133e-01 -7.10726380e-02 -2.69178692e-02  2.58073777e-01
  1.82374522e-01 -2.38189157e-02  4.14575599e-02 -1.23144940e-01
  1.04244553e-01 -1.45978287e-01 -3.55830207e-03  1.05213262e-01
  1.05849460e-01  5.24747372e-02  1.26980869e-02 -2.12722659e-01
  2.85334289e-02  4.71700393e-02 -1.90549523e-01 -3.12426668e-02
  1.01581309e-03 -4.56195027e-02  1.37012266e-03  4.30384800e-02
  2.23789603e-01  7.21406937e-02 -1.13453388e-01 -7.30585828e-02
  1.94324955e-01 -1.45054430e-01  2.24084090e-02  9.74861160e-02
 -1.16043091e-01 -1.77509502e-01 -2.68805474e-01  6.48163492e-03
  4.07668084e-01  6.28215671e-02 -1.37036964e-01  4.41288576e-02
 -1.78697944e-01 -3.02645024e-02  8.54570493e-02  1.13948777e-01
 -8.16076621e-02  7.07556456e-02 -9.83619019e-02  1.37700019e-02
  1.64072976e-01 -4.09124717e-02 -5.51998019e-02  2.01904580e-01
 -5.49272113e-02  6.74196854e-02  5.10589555e-02  9.10432916e-03
 -5.80027215e-02  3.79446782e-02 -8.89876932e-02  7.03181047e-03
  1.54989688e-02 -8.31220075e-02 -3.32756191e-02  9.54009816e-02
 -2.21449643e-01  1.16366796e-01  9.09077749e-02 -2.89402008e-02
 -2.10419931e-02 -4.87252735e-02 -4.82262634e-02 -3.50302234e-02
  1.25628501e-01 -2.80335724e-01  2.36770496e-01  1.84296638e-01
 -2.44752504e-02  2.14963898e-01  3.01806629e-02  3.53512429e-02
 -3.56141366e-02 -7.77942166e-02 -1.25893265e-01 -1.94236021e-02
  6.53757378e-02 -1.88466255e-02  6.31905273e-02 -3.62014249e-02]