[-0.21845244  0.08608301  0.05152613 -0.07834034 -0.11816906 -0.06392758
  0.04640769 -0.07368636  0.12014183  0.03794328  0.21042497 -0.07214957
 -0.24572511 -0.02329277 -0.00275782  0.12521368 -0.12252241 -0.0824996
 -0.08593922 -0.13972569  0.02094444  0.0068104   0.01756863  0.05465056
 -0.17874339 -0.24141167 -0.07040431 -0.08795418  0.01734275 -0.14013349
 -0.00275835  0.07107093 -0.15188743 -0.11061361  0.03683014  0.11589762
 -0.06418113 -0.10194818  0.18106161  0.00529666 -0.10001089  0.00921384
  0.06302071  0.33194914  0.14048187  0.0039618   0.05598657 -0.02543618
  0.1487191  -0.23103373  0.06255353  0.07653137  0.10201097  0.0261516
  0.15307659 -0.14087243  0.03207729  0.14948259 -0.1459862   0.10277114
  0.10843582 -0.06742851 -0.00291009 -0.11012799  0.1592721   0.0728102
 -0.10665738 -0.06154516  0.11575987 -0.03198772 -0.04313495  0.06756218
 -0.10701432 -0.18094005 -0.27907804  0.12246614  0.35625604  0.12130274
 -0.18994835 -0.03710202 -0.00748556  0.01241979  0.08902241  0.04178715
 -0.09927671 -0.02170542 -0.15873034  0.02860111  0.185894   -0.01581434
 -0.04418899  0.17312752  0.02915898 -0.01886163  0.02453449  0.0885907
 -0.16663244  0.00862262 -0.08489156  0.02752566  0.11326385 -0.13792633
 -0.01445595  0.10662603 -0.14262334  0.1067365  -0.01483658 -0.01614739
 -0.13579488 -0.03479185 -0.09480987  0.04908953  0.096089   -0.26231635
  0.15404035  0.18985754 -0.05283796  0.11451634  0.04420232 -0.00318882
  0.01706497  0.0531388  -0.05895058 -0.11081634  0.06670959  0.01816831
  0.03864367  0.05800093]