[-1.33064091e-01  1.50538728e-01  9.49284956e-02 -7.61277527e-02
 -7.17600286e-02  1.05361659e-02 -4.67408746e-02 -1.01454534e-01
  1.25471577e-01 -9.67165902e-02  2.64662236e-01 -3.80034558e-02
 -2.42950514e-01 -6.72466978e-02 -2.53812857e-02  2.25795612e-01
 -1.19273379e-01 -1.84901044e-01 -7.23951384e-02 -3.77101265e-02
  6.57052845e-02  4.34333552e-03 -5.95901385e-02  2.43470054e-02
 -9.47020501e-02 -3.93968970e-01 -9.59043428e-02 -4.50400412e-02
 -1.20583419e-02 -7.69320354e-02 -9.99221131e-02 -1.16646728e-02
 -1.28612205e-01 -1.76501162e-02  8.79274332e-04  7.03201517e-02
 -2.83542927e-02 -7.28160962e-02  1.61700413e-01  9.07104090e-02
 -2.35435948e-01  7.35297650e-02  8.35478455e-02  3.04301143e-01
  1.94789454e-01  2.63321344e-02  7.04592243e-02 -6.35509416e-02
  1.09834157e-01 -2.56582946e-01  6.10344596e-02  1.20648198e-01
  1.22364976e-01  1.08754896e-01  6.30514473e-02 -1.60468146e-01
 -4.23481576e-02  1.10527292e-01 -1.78189501e-01  5.94992302e-02
  6.48589954e-02 -7.03138858e-02 -3.71301882e-02 -1.13370836e-01
  2.39717320e-01  2.04538867e-01 -1.58913419e-01 -1.35991991e-01
  1.34739935e-01 -1.16454266e-01 -9.70193595e-02 -1.57577898e-02
 -1.53060317e-01 -1.44255191e-01 -3.11323732e-01  8.28709155e-02
  3.85606140e-01  1.23475455e-01 -2.17390060e-01 -2.20026579e-02
 -3.33081670e-02  7.43878121e-03  8.90815333e-02  1.18800379e-01
 -4.03111540e-02  2.01109033e-02 -7.79836401e-02 -9.27276071e-03
  2.26451233e-01 -1.57757774e-02 -1.49015114e-02  2.21445188e-01
 -7.97863770e-03  8.65498036e-02  1.13217384e-02  1.28811032e-01
 -9.83913168e-02 -1.80437043e-02 -1.20895006e-01 -9.62179061e-03
 -4.54707704e-02 -7.73790106e-02  1.71650943e-04  1.01760641e-01
 -1.72570616e-01  1.63521647e-01  7.61148334e-03  4.89804782e-02
 -5.54381721e-02  6.28056973e-02 -2.99440566e-02 -1.78956650e-02
  8.44020173e-02 -2.09046721e-01  1.93128079e-01  2.24051267e-01
  2.69692130e-02  9.77480412e-02  1.00448720e-01  3.13691795e-02
 -5.83186606e-03 -3.36063392e-02 -1.61417246e-01 -6.48088083e-02
  2.98904125e-02 -1.41056729e-02  3.16996798e-02  7.00490028e-02]