[-9.04875845e-02  1.20568968e-01  6.17612116e-02 -2.30835415e-02
  2.00482961e-02 -9.68810543e-02  6.49439320e-02 -1.25399679e-01
  1.21366672e-01 -8.42509698e-03  2.86438078e-01 -6.42285571e-02
 -2.45591566e-01 -1.37823030e-01  1.85711142e-02  1.44395813e-01
 -1.53612733e-01 -2.80868839e-02 -1.47797734e-01 -2.20573936e-02
  8.34584795e-03  2.56107878e-02  1.00633614e-01  9.88199040e-02
 -3.27591635e-02 -3.40555012e-01 -8.45503435e-02 -1.22750022e-01
  5.24424575e-02 -6.90657124e-02 -2.19365805e-02  7.93126076e-02
 -1.35255933e-01 -9.12414044e-02  3.55671942e-02  1.87145849e-03
 -2.04127915e-02 -5.45923002e-02  2.20539451e-01  3.10046505e-02
 -1.51236162e-01 -4.89564501e-02  1.11189636e-03  2.58915871e-01
  2.77873605e-01  1.38186142e-02 -9.87922758e-05 -6.49795756e-02
  5.67686148e-02 -2.71941572e-01 -5.19803772e-03  1.09102190e-01
  4.29851487e-02  2.34852340e-02  6.05082996e-02 -1.55256122e-01
 -2.47161873e-02  7.86150247e-02 -1.89276323e-01 -4.44327295e-02
 -1.60551872e-02 -1.08836107e-01 -7.91147947e-02 -1.47776557e-02
  1.98211372e-01  1.44115478e-01 -1.29249856e-01 -5.79935089e-02
  1.55945018e-01 -1.50572017e-01  1.87962800e-02  4.38843556e-02
 -1.53085336e-01 -1.30259573e-01 -2.72346824e-01  1.78462379e-02
  3.94497901e-01  8.62050205e-02 -1.76309034e-01 -1.41281192e-03
 -1.44488946e-01  3.43603902e-02  7.71800876e-02  4.68516424e-02
 -9.96610522e-02 -4.65827323e-02 -5.68346679e-02  2.16391664e-02
  8.21380094e-02 -3.65455039e-02 -5.04888557e-02  2.19476938e-01
 -7.03666955e-02  3.70066948e-02  6.51442930e-02 -2.43018419e-02
 -1.53254839e-02 -2.97920406e-02 -1.29756078e-01 -1.15597090e-02
  6.11717179e-02 -8.90314952e-02  4.84928191e-02  1.03426002e-01
 -2.15090662e-01  5.36342375e-02  4.29594927e-02 -1.16521688e-02
  9.38643217e-02 -2.96287071e-02 -7.30987936e-02 -2.80067716e-02
  1.50673538e-01 -2.25026131e-01  2.24088907e-01  1.78360730e-01
 -4.72759902e-02  1.06369734e-01  2.86114067e-02  6.39462993e-02
 -3.95119749e-02 -2.06187349e-02 -9.73877162e-02 -5.35955746e-03
  1.00100160e-01  1.84212644e-02  4.67452370e-02 -6.80486187e-02]