[-1.93670020e-01  1.44129977e-01  4.50522043e-02 -3.75746414e-02
 -8.51364955e-02 -8.60910192e-02  4.01109271e-02 -7.52802938e-02
  1.25512153e-01  3.67591754e-02  2.39765763e-01 -9.68564674e-02
 -2.54029244e-01 -7.02330796e-03  2.73862854e-04  1.10967554e-01
 -1.44972160e-01 -9.14708599e-02 -5.35996631e-02 -9.73713547e-02
  5.31955771e-02 -3.06185018e-02  3.86426449e-02  9.93485972e-02
 -1.62651047e-01 -2.54335761e-01 -6.56637624e-02 -9.41792428e-02
  1.01241758e-02 -1.12794898e-01 -4.09714272e-03  5.81867956e-02
 -1.58600569e-01 -9.22863930e-02  8.77815858e-03  5.67038432e-02
 -3.50499339e-02 -6.76155984e-02  1.73263788e-01  1.35244653e-02
 -1.22105539e-01  1.41796023e-02  4.45980243e-02  3.45772654e-01
  1.51870400e-01  2.93196384e-02  4.41558138e-02 -5.75410612e-02
  7.98806921e-02 -1.88124955e-01  8.07912052e-02  1.12685636e-01
  1.20688692e-01  1.53684765e-02  9.59489569e-02 -1.85703695e-01
  4.63130102e-02  1.03054978e-01 -1.22246079e-01  7.66556188e-02
  1.42029285e-01 -3.99503931e-02  1.49142919e-02 -8.56774971e-02
  1.91499636e-01  5.50833009e-02 -9.88931879e-02 -5.62971830e-02
  5.82706593e-02 -3.51783521e-02 -2.68606972e-02  7.85053074e-02
 -1.28377467e-01 -1.95876122e-01 -2.49808222e-01  1.04993366e-01
  3.58569443e-01  1.15076222e-01 -2.01795772e-01 -1.38976227e-03
 -6.80567324e-02  4.21378724e-02  1.17798269e-01  4.04402018e-02
 -1.07794583e-01 -4.07827049e-02 -1.89685896e-01  8.27947911e-03
  1.46774754e-01 -2.33406480e-02 -5.85110001e-02  1.63361058e-01
  1.40412720e-02 -4.20104675e-02  3.60594280e-02  4.13592719e-02
 -1.61518604e-01  4.37224396e-02 -8.15978497e-02 -2.78123165e-03
  5.40863387e-02 -1.26507491e-01 -5.21882735e-02  5.72083071e-02
 -1.99680015e-01  8.41559991e-02  3.01859528e-02 -3.04243108e-03
 -9.44317281e-02 -5.32419421e-03 -1.09543622e-01  1.74705088e-02
  9.29396749e-02 -2.84520119e-01  1.56596571e-01  1.72026664e-01
 -1.18283052e-02  1.45719156e-01  6.57215342e-02  4.12716344e-02
 -4.71618772e-03  5.08966446e-02 -5.75338267e-02 -5.06220460e-02
  8.96755382e-02  1.46166626e-02  7.72229359e-02  3.82664651e-02]