[-0.07947371  0.10424757  0.01650411 -0.014586   -0.01385041 -0.0590066
  0.03106798 -0.16416173  0.15448968 -0.07106704  0.30718836 -0.00655395
 -0.24674189 -0.17559455  0.02466645  0.16376178 -0.23105879 -0.17266476
 -0.0435289  -0.04455971  0.03086125  0.00806158  0.04177525  0.04258933
 -0.10728686 -0.3616049  -0.10268953 -0.14749579  0.10018203 -0.03650181
 -0.03957735  0.04613435 -0.17293519 -0.04234362  0.02701172  0.02306064
 -0.01179855 -0.0426926   0.20311566  0.0055909  -0.22275901 -0.04995212
  0.02431033  0.25736791  0.17221653 -0.0123966   0.04915354 -0.10225163
  0.00527274 -0.13944435  0.05918031  0.15265386  0.13088864  0.06942913
 -0.01658794 -0.19154337 -0.05853103  0.07237947 -0.16948985 -0.02437931
  0.05816394 -0.05795574 -0.04648769 -0.03175676  0.23632348  0.06447328
 -0.15868644 -0.12895258  0.12127184 -0.15541898 -0.05126959  0.05192244
 -0.14474952 -0.17881484 -0.27733889  0.02926105  0.37435496  0.05902062
 -0.18037121  0.04380061 -0.12991609 -0.03572413  0.08542102  0.12027624
 -0.0452115   0.06354139 -0.09711649  0.01639665  0.14207016 -0.06600295
 -0.02595395  0.19498941 -0.06505791  0.05526642  0.03988492  0.05481787
 -0.02763664  0.03972171 -0.07963198 -0.0208301   0.01967957 -0.06533708
 -0.00444881  0.06860026 -0.15838294  0.11993708  0.08352365  0.01956875
  0.03786626 -0.01187459 -0.05941713 -0.10331207  0.13237143 -0.2701833
  0.23668158  0.19800875  0.0167761   0.16946544  0.0633292   0.07696735
 -0.04894857 -0.08303588 -0.18737034  0.00374831  0.0843619  -0.02777978
  0.07201571 -0.01333542]