[-0.19119895  0.11546047  0.07563462 -0.05339682 -0.06780657 -0.08381436
  0.05272252 -0.08482166  0.10297724  0.03615479  0.25192258 -0.09299453
 -0.23475514 -0.04770024 -0.01743863  0.14666782 -0.18055369 -0.04364066
 -0.05005301 -0.05812974  0.10377864 -0.03354999  0.08162849  0.05263635
 -0.15038149 -0.28687635 -0.07497665 -0.12266871 -0.01940949 -0.06834621
  0.01100043  0.06233209 -0.17725179 -0.09669111  0.00887894  0.03049698
 -0.04519539 -0.0643227   0.16713069  0.02262807 -0.13491686  0.04358229
  0.05546386  0.29871356  0.17151949  0.02622814  0.03314213 -0.05601519
  0.06060066 -0.18613786  0.06429617  0.08498537  0.10582458  0.0359797
  0.0955378  -0.15231711  0.05806208  0.06530975 -0.15865965  0.05257607
  0.13371789 -0.00541525  0.02420012 -0.06582385  0.1636854   0.08041345
 -0.11621604 -0.07283569  0.07495191 -0.03311975 -0.01081303  0.06041144
 -0.15772006 -0.19385454 -0.24891935  0.0777287   0.3176541   0.10293716
 -0.21511722 -0.08260181 -0.087985    0.02455192  0.10165738  0.04558178
 -0.06205345 -0.02670807 -0.14336038 -0.00444795  0.12326228 -0.04737918
 -0.06936359  0.24057691  0.02143692 -0.05688539  0.01579133  0.0372045
 -0.14325322  0.05207282 -0.13489802 -0.00594515  0.02030784 -0.11832241
 -0.05079117  0.09262829 -0.18685779  0.07617686  0.00776597 -0.00801402
 -0.11484595 -0.02332744 -0.1421555   0.02011588  0.07814007 -0.21763895
  0.17429061  0.20517576  0.01876861  0.09261695  0.0797      0.00510041
 -0.00053421  0.04143884 -0.08384392 -0.03615512  0.08921146  0.01430552
  0.04645155  0.02319889]