[-2.15029836e-01  7.72144347e-02  6.36444911e-02 -5.77159114e-02
 -4.84339856e-02 -9.49240997e-02  5.89861758e-02 -7.91173950e-02
  1.16812050e-01  3.63322906e-02  2.10160643e-01 -6.60988986e-02
 -2.45137125e-01 -6.43964708e-02 -3.49969007e-02  1.26292884e-01
 -1.51752576e-01 -6.88221827e-02 -3.90340053e-02 -1.15501642e-01
  1.14061296e-01  1.84634477e-02  7.16363415e-02  3.82864028e-02
 -1.49636552e-01 -2.76404113e-01 -6.77933320e-02 -1.05710559e-01
 -2.31982600e-02 -1.07244745e-01  3.43753560e-03  7.47849643e-02
 -1.63607165e-01 -8.99440646e-02  1.39368027e-02  6.90543428e-02
 -5.55674024e-02 -8.62806365e-02  1.44576162e-01  3.12714539e-02
 -1.18417561e-01  3.03423237e-02  6.71345592e-02  3.01042497e-01
  1.81247041e-01  5.01999222e-02  1.67223252e-02 -5.50460331e-02
  1.16745546e-01 -2.12367892e-01  6.25471100e-02  8.89723748e-02
  1.17019691e-01  2.05596276e-02  1.23583272e-01 -1.39291018e-01
  4.53746989e-02  5.35773598e-02 -1.26984954e-01  5.90060614e-02
  1.01689592e-01 -5.95257096e-02  2.30256375e-02 -6.86007962e-02
  1.37686178e-01  4.68228534e-02 -1.09781913e-01 -3.92068736e-02
  9.15947333e-02 -4.12521847e-02 -4.94290851e-02  5.46781607e-02
 -1.18412845e-01 -1.84128553e-01 -2.23603472e-01  9.13613662e-02
  3.48477453e-01  8.48805830e-02 -1.84091672e-01 -1.93082988e-02
 -7.69969746e-02  3.02126296e-02  9.01433453e-02  6.11915402e-02
 -7.75646344e-02 -4.46410105e-02 -1.73925146e-01 -2.68228594e-02
  1.52906731e-01 -4.31765243e-02 -7.75730461e-02  2.02439696e-01
  9.97233298e-03 -1.62520376e-03  2.99093518e-02  5.92465773e-02
 -1.71690568e-01  6.96482509e-02 -7.95933604e-02 -2.18992326e-02
  7.17690140e-02 -1.36170179e-01 -5.07490225e-02  8.43066201e-02
 -1.65681943e-01  1.06934212e-01  2.60346191e-04  8.48178752e-03
 -7.54046366e-02 -3.61777209e-02 -1.02188446e-01  3.68455313e-02
  3.19895707e-02 -2.40138680e-01  1.79395989e-01  1.91094264e-01
 -1.34139480e-02  1.44304082e-01  6.31540641e-02  2.67114844e-02
  1.28166499e-02  4.52026352e-02 -8.47034454e-02 -8.74639675e-02
  8.49366337e-02  4.55950163e-02  3.34511474e-02  3.88110243e-02]