[-0.1326768   0.12217876  0.05607951  0.01211078  0.00338383 -0.07891173
  0.0285482  -0.1504015   0.11088522 -0.01509589  0.32857192 -0.08721337
 -0.21657386 -0.17656329  0.01412768  0.18109186 -0.15384941 -0.03409727
 -0.11275227  0.00908676  0.06510663 -0.02480865  0.08388311  0.05835713
 -0.016005   -0.39765358 -0.11888478 -0.07607097  0.04010978 -0.05743619
 -0.05389303  0.05531435 -0.15711026 -0.0956816   0.01728153  0.07028238
 -0.0461818  -0.07213112  0.21669605 -0.02995973 -0.14136803 -0.00285885
  0.0344068   0.21725214  0.25054547  0.04365621  0.00335917 -0.09378754
  0.0700162  -0.16285072 -0.00275148  0.11257198  0.07017551  0.04265528
  0.03069513 -0.07848265 -0.0028986   0.06606958 -0.16468464 -0.0595496
  0.02979748 -0.13991503 -0.10207545 -0.05975149  0.17381403  0.13754237
 -0.07900311 -0.12885347  0.14938836 -0.14279947 -0.03489593  0.02439555
 -0.16881399 -0.15387331 -0.30690795  0.03207748  0.39411339  0.07800873
 -0.17513609  0.01661737 -0.04119974 -0.00726593  0.11478462  0.08716078
 -0.07133384 -0.02407429 -0.10252219  0.03478716  0.13565661 -0.04623058
 -0.03685591  0.21967232 -0.04915546  0.09226247  0.05601519 -0.03263249
  0.03014305  0.02937302 -0.1276723  -0.00642048  0.10994493 -0.07463004
  0.04606597  0.07874217 -0.15403353  0.03702003  0.02633789  0.06411096
  0.10435631 -0.03346277 -0.11523678 -0.04048832  0.13528709 -0.19574521
  0.20813969  0.16931204 -0.01693466  0.06845213  0.08493804  0.11707341
 -0.02604486 -0.01005381 -0.18207932  0.0160058   0.10522757  0.0392781
  0.07482263 -0.02132559]