[-0.09192387  0.15741245  0.0708517  -0.05451922 -0.08775716 -0.0270337
 -0.09626579 -0.14767139  0.10686582 -0.07807937  0.26030996 -0.03677352
 -0.169231   -0.18348244 -0.035008    0.18528542 -0.17820452 -0.14883919
 -0.00712297  0.01308894  0.09541831 -0.0080948   0.02524161 -0.0011266
 -0.08239972 -0.38406122 -0.09156048 -0.06876401  0.02513959 -0.04242703
 -0.10734154  0.02648152 -0.19168974 -0.10743431  0.04464867  0.15343633
 -0.04940416 -0.02350087  0.11414152 -0.00493032 -0.21238473  0.08113538
  0.04231063  0.25718018  0.22178324  0.08396795  0.06585759 -0.14953397
  0.1356604  -0.12000904  0.07664039  0.12964197  0.12351377  0.07196226
  0.02227633 -0.14531188  0.0041375   0.11088252 -0.13395776  0.01018387
  0.084164   -0.06239179 -0.01234806 -0.08631624  0.23456521  0.09451109
 -0.12245746 -0.18648498  0.12746067 -0.10786332 -0.11070832  0.02957973
 -0.16319755 -0.15032022 -0.31864285  0.03578291  0.38717103  0.08136518
 -0.21928146  0.02308729 -0.01290813  0.00552261  0.13274059  0.19567917
 -0.00431096  0.0654621  -0.08651622 -0.02979806  0.2071549  -0.07181456
 -0.04832171  0.20201409 -0.01667342  0.14846279  0.03652224  0.02374239
 -0.05122536  0.08922278 -0.14670162 -0.02213868 -0.00063451 -0.05187342
 -0.02448682  0.10084232 -0.11163183  0.123543    0.00963357  0.11504173
 -0.01155153 -0.02570195 -0.06333915 -0.0619359   0.10330185 -0.23990797
  0.24915285  0.21568333  0.06155811  0.11619204  0.16294613  0.06518444
  0.04795741 -0.03433817 -0.21157208 -0.01470836  0.08254802 -0.03569697
  0.07721937  0.03136449]