[-0.10794631  0.10049794  0.05993103  0.01811564 -0.01125364 -0.05494003
  0.04293676 -0.14725445  0.15171343 -0.02966483  0.28966793 -0.0434216
 -0.21745327 -0.18249848  0.0489418   0.15168943 -0.21819244 -0.14910917
 -0.02970591 -0.04427376  0.02839696 -0.00168408  0.0115403   0.03209035
 -0.08971758 -0.36723512 -0.07221372 -0.1672827   0.11170614 -0.03797268
 -0.04348473  0.05733247 -0.19114397 -0.08964734 -0.0044856   0.03830754
  0.00562712 -0.01830244  0.17482373  0.00206405 -0.19643532 -0.0953932
  0.00484216  0.25166109  0.14487372  0.0245947   0.04359686 -0.07973247
 -0.00898591 -0.13452272  0.03594849  0.14883791  0.12546569  0.07069293
 -0.02261011 -0.19805363 -0.03174201 -0.02778066 -0.17282079 -0.0148992
  0.06352866 -0.03710055 -0.04839509 -0.02467448  0.24678341  0.02835298
 -0.09530883 -0.13117059  0.12533996 -0.14009722 -0.06527545  0.0490784
 -0.14790545 -0.16612636 -0.31957754  0.03670092  0.38561991  0.04235838
 -0.20016856  0.03951265 -0.1394435  -0.05272219  0.10319962  0.11202466
 -0.01927603  0.09361859 -0.09024517  0.00624445  0.12686114 -0.08187148
 -0.03065923  0.15644591 -0.05011344  0.04506382  0.03505616  0.03050802
  0.00999976  0.07111021 -0.08580978 -0.02905132  0.07396457 -0.04356585
  0.01210109  0.08078089 -0.18606351  0.11509451  0.09847236  0.00347943
  0.04135574 -0.00348885 -0.09857102 -0.11381485  0.16938464 -0.24833742
  0.22034016  0.22804923  0.00295795  0.15070798  0.04486328  0.09433092
 -0.0451982  -0.03715319 -0.17401603 -0.0013425   0.07433404 -0.02447642
  0.02318552  0.01487481]