[-0.09802251  0.09279168  0.05800173  0.00313339 -0.00166522 -0.04900503
  0.04074762 -0.12642495  0.16052113 -0.0546471   0.29533669 -0.03386917
 -0.25629121 -0.15561914  0.04240877  0.13156426 -0.21973442 -0.1249726
 -0.03457221 -0.03730853  0.02783257  0.02833924  0.03628729  0.04983164
 -0.09937783 -0.3269124  -0.08480591 -0.14880735  0.10682283 -0.02479502
 -0.0365307   0.04904847 -0.20299883 -0.08602748  0.01144636  0.06139899
 -0.00946669 -0.03705139  0.17926019  0.00298005 -0.18287113 -0.09711971
 -0.01523767  0.26385742  0.19472341 -0.00365821  0.01340078 -0.07692464
 -0.02601729 -0.18639651  0.02911457  0.16459312  0.14407434  0.07117569
 -0.04459622 -0.2014598  -0.01828722  0.03311001 -0.18316191 -0.04010093
  0.05899683 -0.0394684  -0.00345238  0.02403618  0.25833529  0.03350946
 -0.1511793  -0.09525124  0.12561783 -0.15283594 -0.01509219  0.07446652
 -0.145294   -0.18291694 -0.27981374  0.0283893   0.4114545   0.0491021
 -0.20156637  0.02645885 -0.19148239 -0.0322631   0.08690514  0.09141064
 -0.03238402  0.04938914 -0.10781237  0.02307643  0.13473819 -0.0742242
 -0.035685    0.18455425 -0.0310178   0.01419654  0.06867276  0.04190722
  0.01062193  0.02751582 -0.10029113 -0.018601    0.01959214 -0.08063751
 -0.00697536  0.0876695  -0.19364072  0.14087754  0.1100251  -0.02494745
  0.04660202 -0.04567266 -0.09715129 -0.09007422  0.18605274 -0.27750671
  0.20692058  0.19627433 -0.00184829  0.18895207  0.0401291   0.10526323
 -0.05589598 -0.07016417 -0.14722775 -0.01533298  0.05898528 -0.02366738
  0.07641193 -0.01318137]