[-0.11575639  0.14426443  0.07631098  0.01365781 -0.03786869 -0.06175547
 -0.00356364 -0.10997858  0.10486338  0.00665128  0.30260095 -0.05077566
 -0.20529301 -0.16683395  0.02403681  0.14605859 -0.09912098 -0.07632659
 -0.15214173 -0.00237187  0.04640267 -0.02794212  0.10807755  0.08348109
 -0.06944656 -0.36900893 -0.10733314 -0.06436448  0.08533361 -0.10791679
 -0.04530084  0.04088283 -0.18036954 -0.1028685   0.04004731  0.11769213
 -0.03086075 -0.06890024  0.23939021 -0.01599814 -0.16609208  0.00646469
  0.00348315  0.24296263  0.28806683  0.07491244  0.0334278  -0.08036402
  0.089155   -0.20988046  0.07103364  0.14796612  0.07095443  0.02563797
  0.06972723 -0.11649251  0.00485845  0.09557845 -0.14459172 -0.05634045
  0.00155793 -0.10050734 -0.07128982 -0.05346167  0.15247586  0.12771581
 -0.06132469 -0.11483698  0.16620356 -0.15551834 -0.01079829  0.08109538
 -0.1686831  -0.12849994 -0.32582125  0.02859056  0.45841432  0.10647092
 -0.20038377  0.00661804 -0.03442552  0.00641452  0.0796633   0.06196496
 -0.11971118 -0.02356472 -0.11986792  0.06431457  0.1597551  -0.0233627
 -0.0381339   0.19043292 -0.00681019  0.07422829  0.0802351  -0.01944088
  0.01625222 -0.00877158 -0.13453017 -0.01877454  0.10017498 -0.04949048
  0.03092998  0.09057826 -0.18234916  0.0492456   0.01920445  0.0166766
  0.04914951 -0.02244034 -0.11509808 -0.0306355   0.1619024  -0.20895568
  0.19440694  0.19158791 -0.04741143  0.06656114  0.09904701  0.11630763
 -0.00410953 -0.01554118 -0.12294833 -0.01964216  0.07916284  0.01131045
  0.0916438  -0.01479069]