[-0.16000347  0.09617599  0.07386985 -0.03420399 -0.08295989 -0.06525851
 -0.00951591 -0.06968281  0.09778471  0.002514    0.11631862 -0.04179163
 -0.25267783 -0.02925741 -0.01424493  0.14339289 -0.07899421 -0.11871468
 -0.11361944 -0.13701455  0.02406444  0.04977498  0.04056019  0.03543007
 -0.10289349 -0.2553013  -0.0237532  -0.06098366 -0.0095359  -0.11082103
 -0.00965441  0.02995625 -0.16488561 -0.08090349  0.03148955  0.06448453
 -0.07988241 -0.12370094  0.13261272 -0.01221862 -0.14769673 -0.01486413
  0.06728236  0.25920102  0.19520152  0.04997727  0.03594894 -0.07082356
  0.13236737 -0.24311844  0.09666902  0.0993453   0.0886769   0.05421343
  0.1219666  -0.14016417  0.01053324  0.07666834 -0.07072176  0.03895216
  0.09556242 -0.02667189 -0.02558641 -0.14011715  0.16505036  0.06888524
 -0.08659359 -0.09489749  0.13865754 -0.09125546 -0.09939464  0.0304874
 -0.08878987 -0.13187347 -0.23749176  0.06720001  0.32565066  0.13011402
 -0.17190881 -0.00384344 -0.06363451  0.05252014  0.03566482  0.04737202
 -0.06894089 -0.0507748  -0.09065498 -0.02889856  0.20777643 -0.04220538
 -0.08547319  0.1416592   0.03020957 -0.02531013  0.01810753  0.03623414
 -0.13094985  0.04929832 -0.09669727 -0.0200212   0.09304877 -0.07942751
 -0.00433605  0.1121967  -0.14661984  0.16181435  0.00062215  0.038527
  0.00783362  0.04201256 -0.11495056 -0.0142745   0.07865183 -0.19516359
  0.20721114  0.16416214  0.01153453  0.11276151  0.05968776  0.10123616
  0.0374764   0.06173644 -0.10267758 -0.13759908  0.08702697  0.04152432
  0.00940271  0.09657996]