[-9.57144648e-02  1.70288846e-01  7.49725327e-02 -3.15172225e-02
 -9.40837562e-02  3.69935930e-02 -5.18106483e-02 -1.08437836e-01
  1.19773939e-01 -9.31933969e-02  2.45151997e-01  2.09099203e-02
 -2.18455985e-01 -2.24640608e-01  2.19199617e-04  1.45630628e-01
 -1.04625665e-01 -1.51052743e-01 -8.66560191e-02 -1.24442680e-02
  7.91829005e-02  1.42376317e-04  1.20055163e-02  2.22231494e-03
 -1.22503474e-01 -3.95269096e-01 -8.02961141e-02  1.84359532e-02
  5.94616793e-02 -8.37029591e-02 -1.13683157e-01  5.60231879e-02
 -2.03121766e-01 -1.00256756e-01  4.15383987e-02  1.87324390e-01
 -2.58617587e-02 -2.28691306e-02  9.61055681e-02  2.19730008e-02
 -2.07085535e-01  4.92790006e-02  2.99875289e-02  2.95256615e-01
  2.64158159e-01  5.58430366e-02  4.53517400e-02 -5.16059697e-02
  1.54262438e-01 -2.13268116e-01  8.59682932e-02  1.52185336e-01
  1.38796791e-01  8.60613212e-02  9.29348022e-02 -1.47495851e-01
 -1.64342194e-03  1.40002713e-01 -9.95247513e-02 -2.54244208e-02
  1.80166978e-02 -1.05724446e-01  7.95827713e-03 -7.47840479e-02
  1.76285848e-01  6.78071976e-02 -1.08170845e-01 -1.43822119e-01
  1.22784697e-01 -1.28152415e-01 -3.29758860e-02  5.17141707e-02
 -1.40518680e-01 -1.18371345e-01 -3.35684508e-01  7.13086948e-02
  4.21616554e-01  1.73729330e-01 -2.23712593e-01  6.12130971e-04
 -4.25746031e-02  2.69217920e-02  1.08371072e-01  1.15017131e-01
 -4.49848473e-02  4.84409928e-02 -1.15672663e-01  1.51480036e-02
  2.07642674e-01 -4.69366042e-03 -3.84867415e-02  2.37837598e-01
  2.80281045e-02  1.01555943e-01  5.86104058e-02  1.23167541e-02
 -5.62452860e-02  1.26504740e-02 -1.23278201e-01 -1.43046975e-02
  4.10655141e-03 -1.14577584e-01  1.23967312e-03  1.02274738e-01
 -1.70027941e-01  1.54479071e-01  1.65223740e-02  1.19806640e-01
  1.10166287e-02 -3.16598415e-02 -7.67466500e-02 -2.03681998e-02
  8.95188376e-02 -2.92185754e-01  2.00414464e-01  2.22105056e-01
  6.13128347e-03  1.31776139e-01  1.35559827e-01  6.38148263e-02
  3.08951233e-02 -7.03665614e-02 -9.20962617e-02 -8.02643672e-02
  5.70543185e-02 -6.80961087e-02  6.98677823e-02  1.36550097e-02]