[-0.19425048  0.10482841  0.08272675 -0.06480697 -0.05888559 -0.10036707
  0.05180656 -0.07164487  0.0914464   0.03378659  0.2440125  -0.09168526
 -0.23359771 -0.05791629 -0.02361633  0.15410277 -0.18569872 -0.04530964
 -0.04423961 -0.07542156  0.09650432 -0.03032709  0.06756469  0.05435819
 -0.1435578  -0.28075317 -0.06763211 -0.11925703 -0.0366156  -0.05669567
  0.00934082  0.07824966 -0.18385743 -0.08718731  0.01220174  0.0376674
 -0.04826077 -0.05266604  0.15438437  0.01356978 -0.12346613  0.0344687
  0.05504447  0.29014283  0.16497557  0.01961387  0.0326771  -0.0456155
  0.05486469 -0.1920485   0.036775    0.09340327  0.09708916  0.03786839
  0.09256923 -0.15216665  0.0674      0.06356531 -0.16242664  0.04460506
  0.10996693 -0.02598664  0.02277772 -0.05599367  0.16981868  0.08355669
 -0.11439423 -0.07379411  0.09592908 -0.03181972 -0.00376239  0.06200951
 -0.1488948  -0.19574569 -0.24001233  0.07762218  0.31873918  0.10763808
 -0.20378347 -0.06466884 -0.09393828  0.02627667  0.10761028  0.03216546
 -0.07750356 -0.0135191  -0.14593409  0.01200211  0.11846049 -0.04354912
 -0.07189763  0.22416209  0.01907625 -0.04183068  0.0214929   0.02616292
 -0.12781811  0.05833073 -0.13740599  0.00653495  0.02693337 -0.13110334
 -0.04504575  0.09136897 -0.16748598  0.0630833   0.007644   -0.01095775
 -0.13500549 -0.00849745 -0.13841079  0.02632399  0.0662387  -0.21980102
  0.18954603  0.20698534  0.0086672   0.09992677  0.07536959 -0.00247398
 -0.00689635  0.01285208 -0.07561188 -0.03835009  0.0969971   0.02073958
  0.05955237  0.02239163]