[-1.14263408e-01  6.77474290e-02  1.05809383e-01 -4.59573865e-02
 -1.16493501e-01 -5.12163006e-02 -7.09642097e-02 -9.22763869e-02
  9.73719209e-02 -7.16771111e-02  2.48225078e-01 -1.02726199e-01
 -1.83495209e-01 -1.07419275e-01 -6.30792528e-02  2.16313168e-01
 -1.71706408e-01 -1.36935100e-01 -1.18193226e-02 -1.60638394e-03
  1.21645667e-01  2.46779751e-02  1.34158647e-02  4.86427546e-02
 -1.28979355e-01 -3.80295426e-01 -8.39033276e-02 -4.37057763e-02
  2.30349358e-02 -6.69623539e-02 -9.19511840e-02  3.90739813e-02
 -1.97624072e-01 -8.94906446e-02  4.79846299e-02  1.26154870e-01
  2.95820087e-02 -9.29178745e-02  1.28337726e-01 -3.15085165e-02
 -2.75251389e-01  6.33314103e-02  1.00908868e-01  2.10304618e-01
  1.91208974e-01  7.91159496e-02  2.83117350e-02 -1.25592723e-01
  1.23239778e-01 -1.69141993e-01  2.77710687e-02  9.85965580e-02
  9.07231495e-02 -1.50510517e-03  3.07090934e-02 -1.21305086e-01
 -2.08119061e-02  1.64759725e-01 -1.67673633e-01 -5.87179959e-02
  4.70368937e-02 -6.24085627e-02  5.50575964e-02 -1.34333640e-01
  1.86774760e-01  7.54801482e-02 -7.14831650e-02 -1.57103300e-01
  1.64821431e-01 -1.37138650e-01 -5.76991700e-02  5.33431545e-02
 -1.18485309e-01 -1.36635527e-01 -3.33170801e-01 -1.19757457e-02
  3.82340014e-01  8.52928609e-02 -1.58896029e-01  7.26852119e-02
 -1.19448835e-02  2.05599722e-02  1.04892157e-01  1.35248274e-01
  1.86131746e-02  4.88816164e-02 -9.30968747e-02 -1.20134922e-02
  2.19876528e-01 -5.37789576e-02  3.01268287e-02  1.73801214e-01
  5.45901153e-03  7.64153525e-02  3.91067527e-02  1.05914790e-02
 -1.00809291e-01  6.73550889e-02 -1.19245373e-01  1.79561321e-02
 -6.28249124e-02  2.30990611e-02  3.06542255e-02  1.24103501e-01
 -1.48481861e-01  5.69765531e-02 -2.47241054e-02  1.10925769e-03
 -2.22119447e-02  2.33071600e-03 -6.06671581e-03 -7.94277415e-02
  6.19175620e-02 -2.49141723e-01  1.26186103e-01  1.78926393e-01
  9.05719399e-03  1.38335392e-01  8.01914707e-02  7.85056502e-02
 -2.29614598e-04 -2.83435080e-02 -2.12338075e-01 -8.35881289e-03
  1.11432090e-01 -8.51781592e-02  9.33547840e-02  2.25168299e-02]