[-0.07998263  0.13848571  0.06549678 -0.05185006 -0.13778894 -0.02047281
 -0.08666427 -0.08987587  0.11555668 -0.05208869  0.26871869 -0.05013769
 -0.17820776 -0.14279521 -0.03113195  0.21211258 -0.21934001 -0.13489108
 -0.00600407  0.02691521  0.11161609 -0.02062598 -0.02245238  0.07184082
 -0.1305178  -0.35002938 -0.05209602 -0.08420556  0.04808329 -0.08793312
 -0.16042815  0.03880863 -0.19495884 -0.11134064  0.04222558  0.08026865
 -0.0043513  -0.06403384  0.12836914  0.00355239 -0.27115792  0.06088448
  0.06360348  0.23860303  0.25656217  0.04735339  0.03253017 -0.1216452
  0.1459502  -0.15701827  0.04444833  0.1327434   0.15757631  0.03193229
  0.00957091 -0.15307277 -0.03634234  0.14023422 -0.14320698 -0.0266869
  0.04715865 -0.07733225  0.03585878 -0.12431639  0.21624509  0.06460881
 -0.07899504 -0.15147078  0.14712761 -0.108105   -0.07525047  0.05864284
 -0.14746597 -0.16148977 -0.30566922 -0.00265654  0.3536115   0.10807177
 -0.2477341   0.02610237 -0.04636431 -0.01353379  0.12966231  0.15244304
  0.03313208  0.02424234 -0.0817801  -0.03448909  0.2474288  -0.08859417
  0.04165749  0.20578192  0.01499987  0.05392547  0.03579628 -0.01866502
 -0.07003993  0.05774412 -0.13060942 -0.03102793 -0.06910435 -0.03790143
 -0.01447781  0.11438435 -0.17968592  0.04896301  0.03320231  0.03887216
 -0.01749667 -0.0357011  -0.03606667 -0.10516881  0.10909529 -0.2268151
  0.19068353  0.19497298  0.05110168  0.10910372  0.07814387  0.06069884
  0.00239916 -0.06966249 -0.16923986  0.01325697  0.14299375 -0.09534172
  0.07946488 -0.01755401]