[-0.08030768  0.12430229  0.05776625 -0.04032475 -0.1470909  -0.03095542
 -0.08565956 -0.08344403  0.13436857 -0.06039801  0.23117045 -0.0374384
 -0.17085329 -0.13657701 -0.03796446  0.18125305 -0.18938851 -0.1484302
 -0.01612099  0.02171033  0.13050428 -0.01526653 -0.01966807  0.06060642
 -0.14289026 -0.33950394 -0.06259672 -0.08351882  0.05842892 -0.10111542
 -0.17396547  0.02862499 -0.18590097 -0.13137208  0.05211822  0.10944182
 -0.00747549 -0.04405643  0.12909631  0.01492918 -0.28083608  0.06240878
  0.06750496  0.23858634  0.2515299   0.0651749   0.036072   -0.12903619
  0.14840314 -0.14262265  0.04708868  0.15047203  0.15990303  0.05050277
  0.03089554 -0.14636502 -0.00208152  0.14219482 -0.15504204 -0.01784573
  0.06550941 -0.07393821  0.04724782 -0.06578492  0.20006768  0.05256031
 -0.05887997 -0.17219655  0.13956578 -0.14392199 -0.08824912  0.07752804
 -0.12923254 -0.14806786 -0.30234146 -0.01561672  0.39551541  0.11411543
 -0.22883593  0.03527838 -0.0531418  -0.03683819  0.13981651  0.13535464
 -0.00084855  0.0460236  -0.10545083 -0.03328362  0.25075397 -0.06268207
  0.04957954  0.18309568  0.04839055  0.06209632  0.05817165 -0.00132727
 -0.09596315  0.05660255 -0.12694101 -0.0549934  -0.0554908  -0.05041197
 -0.00549001  0.11500297 -0.18641041  0.06543821  0.01859489  0.02204719
 -0.04400876 -0.02844269 -0.03496331 -0.0935576   0.09937754 -0.2318608
  0.17031613  0.20321281  0.05210238  0.09995844  0.08444953  0.04879699
  0.00649642 -0.0640695  -0.15727687 -0.0007898   0.10814665 -0.08962584
  0.08935875 -0.01316229]