[-0.10189165  0.12589492  0.09743787 -0.06598207 -0.10666533 -0.07627275
 -0.10868549 -0.13260786  0.1098323  -0.07799996  0.26286063 -0.04645833
 -0.14824736 -0.14281708 -0.03918093  0.20420523 -0.22808743 -0.11918985
 -0.01784979  0.02758046  0.0877014   0.00189159  0.01221921  0.05974956
 -0.10365593 -0.36692834 -0.07780709 -0.08401782  0.05629114 -0.03795285
 -0.11592574  0.02211406 -0.19335212 -0.07672071  0.03063195  0.09342029
  0.01101795 -0.07195111  0.13327502  0.00085308 -0.28924486  0.0645772
  0.08215501  0.21921921  0.22616236  0.03590019  0.06159867 -0.13949607
  0.13351402 -0.09766312  0.02115402  0.13297252  0.14584276  0.00722145
  0.02911722 -0.15709518 -0.02478638  0.14315195 -0.12791866 -0.01913937
  0.06959501 -0.03723595  0.03297373 -0.090502    0.23077421  0.08029832
 -0.10166056 -0.17215888  0.14953901 -0.10691506 -0.08324086  0.05055544
 -0.15484901 -0.14368522 -0.29272169 -0.02499708  0.35875461  0.06031693
 -0.2231295   0.0500516  -0.08923954 -0.02848588  0.11852945  0.16611503
  0.01594405  0.03782634 -0.08040425 -0.04762777  0.25342223 -0.07157194
  0.05165751  0.19002332  0.00493577  0.05068307 -0.00773576 -0.04208919
 -0.10203113  0.08726335 -0.12337991 -0.02975951 -0.05600929 -0.02958762
 -0.00831282  0.10055409 -0.19805615  0.05243863  0.05992755  0.03475473
  0.01645336  0.01376743 -0.05361571 -0.10756673  0.10584452 -0.21905501
  0.22970696  0.19540654  0.07598758  0.10910223  0.12597907  0.07194951
  0.0162517  -0.03947842 -0.16332805  0.00905997  0.11107614 -0.09773099
  0.08300121 -0.00126409]