[-9.86010432e-02  1.12225473e-01  7.56225511e-02 -7.19753131e-02
 -1.07462488e-01 -5.97678088e-02 -1.06576264e-01 -1.25781402e-01
  1.14274815e-01 -7.72661418e-02  2.43270949e-01 -5.17913215e-02
 -1.55656457e-01 -1.20321594e-01 -5.30308969e-02  1.95242167e-01
 -2.30055407e-01 -1.20072260e-01 -1.33759445e-02  2.34127056e-05
  8.55283961e-02  5.84096089e-03 -6.22180244e-03  5.49649857e-02
 -1.22015260e-01 -3.49412769e-01 -7.39068836e-02 -9.31557640e-02
  2.91661359e-02 -3.89550887e-02 -1.04727820e-01  4.94299494e-02
 -1.97225705e-01 -6.75267130e-02  3.81499343e-02  9.01478752e-02
  3.00763138e-02 -6.35714903e-02  1.28020510e-01 -4.23333561e-03
 -2.61997402e-01  6.84029460e-02  9.99433845e-02  2.23282218e-01
  2.20126987e-01  1.14724524e-02  4.62276451e-02 -1.30935207e-01
  1.24178030e-01 -8.72739553e-02  8.98535084e-03  1.35551125e-01
  1.40585274e-01  2.19322052e-02  2.14050747e-02 -1.47412345e-01
 -1.41282398e-02  1.23220779e-01 -1.10545374e-01 -1.28711080e-02
  7.26180300e-02 -3.75676155e-02  2.18680501e-02 -8.72767717e-02
  2.29275629e-01  7.36850277e-02 -1.01465739e-01 -1.79620907e-01
  1.33341223e-01 -1.12894118e-01 -9.29844528e-02  3.92755568e-02
 -1.62846893e-01 -1.39191017e-01 -2.85708696e-01 -2.26177704e-02
  3.65018517e-01  6.68391585e-02 -2.39046320e-01  6.73927963e-02
 -8.07918608e-02 -3.65664735e-02  1.33631393e-01  1.67226240e-01
  1.42446533e-02  4.91423383e-02 -6.37524053e-02 -2.74785310e-02
  2.68216252e-01 -5.63300848e-02  3.08219735e-02  1.88984007e-01
  3.63715785e-03  5.05579077e-02  9.52351745e-03 -4.61966656e-02
 -8.31351802e-02  7.05391020e-02 -1.28621370e-01 -2.27677878e-02
 -5.65164499e-02 -4.18296866e-02 -1.97406635e-02  1.07175864e-01
 -1.90729097e-01  5.38471900e-02  5.90157472e-02  3.63378040e-02
  4.61970642e-03  3.11268028e-02 -5.96181713e-02 -9.60009396e-02
  1.17333852e-01 -2.18701437e-01  2.20057055e-01  1.83854759e-01
  7.63776526e-02  1.03996836e-01  1.21275522e-01  7.23546296e-02
  1.62791219e-02 -2.12321579e-02 -1.60083756e-01  4.19748947e-03
  1.07854478e-01 -9.33314413e-02  8.93861577e-02 -1.92702119e-03]