[-0.13750325  0.09601071  0.07076012 -0.0685828  -0.14362124 -0.10035489
 -0.05863491 -0.06039021  0.10659766 -0.01903357  0.20098212 -0.06420353
 -0.17510605 -0.0980947  -0.04285813  0.19911312 -0.15150778 -0.12802583
 -0.02101172 -0.02774004  0.10710178 -0.00927177 -0.01649445  0.05203955
 -0.13090172 -0.35758564 -0.04880035 -0.04443699  0.03601549 -0.04520502
 -0.11238124  0.07088155 -0.20703851 -0.13830559  0.07946467  0.15840788
  0.00321544 -0.0429106   0.13650417 -0.0340416  -0.2415057   0.05710791
  0.12088313  0.23967195  0.20057002  0.07635578  0.03713563 -0.11632971
  0.13760892 -0.19521755  0.02311481  0.10111201  0.10596498  0.03229598
  0.04045214 -0.14194246  0.01968378  0.16901672 -0.24451657 -0.01217984
  0.04579346 -0.08745421 -0.0019226  -0.12454633  0.22617693  0.0981206
 -0.08492447 -0.10526772  0.16348772 -0.12251399  0.00176683  0.06898285
 -0.08527008 -0.17141545 -0.28039289  0.01003643  0.36161515  0.14566788
 -0.1815642   0.04585223 -0.03001092  0.00558804  0.14008735  0.06168596
 -0.01780537  0.04590328 -0.09393887  0.02256066  0.22174978 -0.0443923
  0.05094152  0.189712    0.04685399  0.08390444  0.02189048  0.03440845
 -0.11500074  0.03502666 -0.16127668 -0.01795172 -0.00825178 -0.04358223
  0.05184451  0.09341928 -0.15791497  0.03489374  0.00564321  0.0137998
 -0.05969523 -0.02170455 -0.00806512 -0.07838815  0.07282812 -0.23161636
  0.19239113  0.18821816 -0.02264837  0.14181969  0.06930315  0.01660671
  0.01136613 -0.10565799 -0.13597459  0.00461594  0.12563379 -0.0771576
  0.12691224  0.01816147]