[-0.10749082  0.12901789  0.07331239 -0.04154916 -0.13951048 -0.02843014
 -0.06492013 -0.07988381  0.12448788 -0.05287143  0.2510978   0.00359889
 -0.17640035 -0.19018392  0.00218074  0.16152124 -0.19482423 -0.11726009
 -0.01340225  0.00528474  0.08349828 -0.03288267 -0.00181434  0.05312845
 -0.1099316  -0.37412789 -0.06802053 -0.08881632  0.02647863 -0.10042286
 -0.14115527  0.04216277 -0.17323184 -0.13127762  0.00437619  0.08436362
  0.00537591 -0.02800486  0.10506932 -0.0159774  -0.24124809  0.05042196
  0.07022447  0.23621626  0.25392294  0.07048195  0.04320428 -0.09214672
  0.15680619 -0.12685464  0.04359814  0.12590544  0.15562157  0.02511427
  0.05650542 -0.14017086 -0.03465275  0.12776236 -0.13422315 -0.0270614
  0.03049393 -0.06309667  0.02688316 -0.09906965  0.20828319  0.06893035
 -0.0607215  -0.14177226  0.14653972 -0.1257624  -0.08785335  0.05471342
 -0.13385427 -0.15068303 -0.2906085   0.01451011  0.32093903  0.13797246
 -0.22633143  0.0111047  -0.08406209 -0.02336826  0.10778441  0.10982702
 -0.00672578  0.04271872 -0.10566863 -0.04416066  0.21720627 -0.03483223
  0.04667754  0.20393287  0.04299524  0.0505387   0.0439252  -0.01885451
 -0.08780833  0.06689036 -0.15107369 -0.04587482 -0.02481244 -0.07843855
  0.00169228  0.08630086 -0.20234366  0.06482223  0.02853809  0.05545802
 -0.02679801 -0.02821236 -0.04109173 -0.06660239  0.10490932 -0.23626196
  0.19306265  0.19625644  0.03680092  0.13123302  0.08111873  0.05989139
 -0.02498064 -0.09920316 -0.13100266 -0.00950634  0.12048995 -0.08535364
  0.09063418  0.00851615]