[-7.31920600e-02  1.37162924e-01  5.83741181e-02 -7.75738284e-02
 -1.38239816e-01 -3.90486456e-02 -9.72457752e-02 -9.39013287e-02
  1.56440735e-01 -7.55528286e-02  2.49800310e-01 -4.01567742e-02
 -1.75611541e-01 -1.41155019e-01 -6.86249733e-02  2.13398024e-01
 -2.10941076e-01 -1.32903814e-01  3.42723392e-02  4.08751331e-02
  1.19956426e-01 -1.63025167e-02 -2.94034127e-02  6.33031428e-02
 -1.03774182e-01 -3.58510464e-01 -6.68429509e-02 -6.75181746e-02
  2.85195746e-02 -9.60308388e-02 -1.46383986e-01  7.16236383e-02
 -1.70782670e-01 -1.11246780e-01  3.90210859e-02  9.28647146e-02
 -2.10421029e-02 -6.42711669e-02  1.07882515e-01  2.60252655e-02
 -2.81757951e-01  3.28397043e-02  7.53750131e-02  2.33210668e-01
  2.39280179e-01  5.42108975e-02  3.19755003e-02 -1.51978090e-01
  1.46998271e-01 -1.41726762e-01  2.11366452e-02  1.33993343e-01
  1.26565486e-01  5.40169850e-02  5.39647741e-03 -1.69002190e-01
 -2.44879955e-03  1.11519538e-01 -1.47359222e-01 -2.46515777e-02
  4.94242720e-02 -9.49734151e-02  3.05603947e-02 -8.68095532e-02
  2.09719896e-01  7.63370395e-02 -7.63317645e-02 -1.67165473e-01
  1.51228651e-01 -1.26151845e-01 -1.05664328e-01  5.28265946e-02
 -1.31320357e-01 -1.54602751e-01 -3.02575886e-01 -3.03025227e-02
  3.52347910e-01  1.06905937e-01 -2.10604027e-01  3.56387645e-02
 -4.66178134e-02 -3.11618689e-02  1.20520733e-01  1.74215361e-01
  6.23892713e-03  3.34427543e-02 -8.65974054e-02 -5.93047813e-02
  2.44986340e-01 -7.03464448e-02  2.59748790e-02  1.90672785e-01
  5.26349945e-03  9.13553387e-02  3.60742770e-02  7.15773553e-03
 -9.76013020e-02  8.02635476e-02 -1.36949927e-01 -6.63518757e-02
 -4.19284962e-02 -6.39538988e-02 -2.21712980e-02  1.29372686e-01
 -1.92422867e-01  7.96655789e-02  3.92864756e-02  4.45548408e-02
 -9.38261021e-03 -2.31121685e-02 -3.14984843e-02 -8.20943564e-02
  1.03764236e-01 -1.99654534e-01  2.19320655e-01  1.95821568e-01
  9.15375501e-02  1.23781741e-01  1.16229907e-01  5.55583611e-02
 -3.00268090e-04 -1.01031721e-01 -1.55474171e-01  5.06411120e-03
  1.08487546e-01 -8.32712948e-02  8.33097175e-02 -1.65448282e-02]