[-0.09763658  0.10594753  0.08973321 -0.05826668 -0.15322128 -0.05407298
 -0.08773585 -0.09265647  0.0731399  -0.03478309  0.21991649 -0.08820393
 -0.19884521 -0.10407982 -0.05133439  0.2004296  -0.16966006 -0.13288993
 -0.01426583  0.0126056   0.11502462  0.01326147  0.00462704  0.0448426
 -0.1109366  -0.38161322 -0.06362463 -0.0443081   0.03228993 -0.05801009
 -0.09919673  0.05370002 -0.20018704 -0.10255702  0.06081757  0.13269058
  0.00926168 -0.07632642  0.1277875  -0.02516126 -0.26633748  0.08461171
  0.09291592  0.22476025  0.18013673  0.08564557  0.04759789 -0.10929783
  0.10029707 -0.17310254  0.0522044   0.117767    0.1188841   0.00186813
  0.02527275 -0.16274062 -0.01306975  0.13908531 -0.17200063 -0.02306511
  0.05631509 -0.05790367  0.05830212 -0.13310042  0.21878691  0.07085975
 -0.07336077 -0.13157359  0.14773482 -0.12292367 -0.04390847  0.04127743
 -0.12513405 -0.14002571 -0.30101058  0.00418177  0.35706413  0.10185707
 -0.20599008  0.03404655 -0.03319494  0.00716168  0.10134432  0.11168756
  0.00972832  0.04059852 -0.1002258  -0.01611283  0.24281235 -0.08010622
  0.03555193  0.20803133  0.03783726  0.06798387  0.02784183 -0.01916106
 -0.09286629  0.04551015 -0.13070478  0.00241444 -0.0557843  -0.03391311
  0.00981674  0.12752765 -0.17010421  0.03780377 -0.00453561 -0.00131105
 -0.03323425  0.00506069 -0.0401674  -0.11447573  0.10019396 -0.22411978
  0.17503171  0.21003275  0.03747432  0.12444983  0.09253602  0.05949087
  0.02493566 -0.04801837 -0.1662378  -0.0112204   0.12719679 -0.08822249
  0.07514171  0.03328047]