[-0.09728317  0.10718634  0.11761707 -0.06365061 -0.15440059 -0.04853573
 -0.10768582 -0.09105515  0.09784822 -0.04743765  0.22093816 -0.08662551
 -0.19324292 -0.07989364 -0.06446671  0.20087622 -0.16600572 -0.13007365
 -0.01518988  0.01846297  0.10378195  0.00696741  0.02791726  0.01279974
 -0.09956309 -0.39054272 -0.05477726 -0.02869798  0.03186644 -0.07103084
 -0.10311365  0.03367115 -0.21933854 -0.07462179  0.0342381   0.13084662
 -0.00311701 -0.09361751  0.11988267 -0.03730825 -0.2885792   0.05433158
  0.07135679  0.19608757  0.18356366  0.05610224  0.02265017 -0.13201554
  0.10468043 -0.16110812  0.02836976  0.11243054  0.09003441 -0.00182223
  0.03662972 -0.14168979 -0.00086115  0.13947015 -0.14768308 -0.04233932
  0.04469366 -0.06001138  0.06249723 -0.1508619   0.22096229  0.07608985
 -0.05272618 -0.15234448  0.12886465 -0.11178962 -0.03526507  0.07023195
 -0.10471261 -0.14399509 -0.30123013 -0.04311523  0.33299538  0.08880969
 -0.21462059  0.03343936 -0.04502035 -0.00578533  0.10758338  0.10709812
  0.00222664  0.08849035 -0.12543003 -0.02584708  0.26851916 -0.09823217
  0.03289844  0.20948449  0.02154722  0.07606884  0.02397889 -0.0248786
 -0.10505443  0.04462688 -0.15722772 -0.03722831 -0.03906107 -0.02562085
 -0.00897385  0.1187778  -0.1744812   0.03172933  0.00916371  0.00728556
 -0.02267953 -0.01812284 -0.02926025 -0.11144967  0.11329033 -0.21844128
  0.17169894  0.1948958   0.05014532  0.12161851  0.09909767  0.04707983
 -0.01188961 -0.0522594  -0.15225703  0.01337941  0.11121404 -0.07732306
  0.0837022   0.0326092 ]