[-1.26947835e-01  1.49599239e-01  1.08183675e-01 -2.28176992e-02
 -3.59468423e-02 -5.41354977e-02  3.50970328e-02 -1.18960917e-01
  1.34219065e-01 -5.52640744e-02  2.65587479e-01 -6.54806644e-02
 -2.19377682e-01 -1.72847122e-01  7.09144026e-02  1.77309528e-01
 -2.02035695e-01 -7.92494938e-02 -2.43973639e-02 -1.61000062e-02
  8.58496502e-02  1.85126660e-03 -1.60268471e-02  7.08337426e-02
 -1.17875755e-01 -3.45506281e-01 -7.53087029e-02 -1.35727808e-01
  3.60904336e-02 -5.77876270e-02 -7.22724348e-02  4.26625088e-02
 -1.75288484e-01 -1.01916932e-01 -4.71640518e-03  4.47162129e-02
  1.10057145e-02 -6.47591501e-02  1.32675543e-01  2.70897127e-03
 -1.80121735e-01 -4.29813080e-02  3.17512527e-02  2.41441533e-01
  1.67632595e-01 -1.08083738e-02  4.46528308e-02 -1.89654306e-02
  9.41063091e-02 -1.72998875e-01 -1.03622600e-02  7.70023391e-02
  1.10392980e-01  2.55249571e-02  7.60626718e-02 -1.88310385e-01
 -4.18143012e-02  6.52181804e-02 -1.85106352e-01  1.42482566e-02
  1.77845955e-02 -8.13106820e-02 -4.28811088e-02 -4.79263328e-02
  2.10145861e-01  7.07638562e-02 -8.15995783e-02 -1.26325175e-01
  1.98413998e-01 -9.30434838e-02 -5.26368804e-02  2.19145101e-02
 -1.50365204e-01 -1.38767645e-01 -3.22655827e-01  1.92325134e-02
  3.11667323e-01  8.94341245e-02 -2.24142060e-01  2.58613657e-02
 -1.24425210e-01  4.20666952e-03  7.80875534e-02  9.52841938e-02
  2.32904833e-02  7.19251558e-02 -8.16844329e-02  2.99644098e-03
  1.46999449e-01 -4.73679379e-02  7.73973716e-03  2.45563507e-01
 -2.45729275e-02  1.02102626e-02  1.25765232e-02 -6.86376616e-02
 -4.06713113e-02  5.33109484e-03 -1.32770866e-01 -3.23977061e-02
  4.47501801e-02 -8.67344365e-02  2.03490257e-04  1.42309636e-01
 -2.62004435e-01  6.17705546e-02  6.76569641e-02  1.56416800e-02
 -1.08362567e-02  1.38600101e-03 -1.27158672e-01 -2.43920814e-02
  1.36793539e-01 -2.46187761e-01  1.89328179e-01  2.14956477e-01
  7.76620407e-04  9.70980749e-02  3.78795005e-02  6.87974412e-03
  6.72567962e-03 -6.56614602e-02 -1.64670318e-01 -3.34618650e-02
  1.10593610e-01 -5.04011214e-02  1.08668325e-03  1.50524899e-02]