[-0.1569296   0.15710652  0.06947014 -0.03580947 -0.12108158 -0.05837433
 -0.01709054 -0.11329823  0.10506976 -0.06262268  0.19735424 -0.07415275
 -0.22413254 -0.15409537 -0.00552293  0.19719818 -0.22229448 -0.09300719
 -0.00911768  0.0202049   0.1303318   0.0132569   0.01487855  0.03122112
 -0.06455256 -0.39637825 -0.02442018 -0.08295574  0.04158973 -0.04778407
 -0.11019462  0.03647148 -0.20508197 -0.11458018  0.01375982  0.10694966
 -0.04129184 -0.0405817   0.1550955   0.00327765 -0.23372383 -0.00887668
  0.03682965  0.25676808  0.22205153  0.04281156  0.03457506 -0.10382598
  0.15697755 -0.18975584  0.01561429  0.11386888  0.09290788  0.01812073
  0.03931523 -0.17460191 -0.00767547  0.06856267 -0.15039085  0.0145481
  0.07297655 -0.10894481 -0.00453819 -0.07228573  0.22209816  0.01497184
 -0.06108017 -0.14941333  0.17040972 -0.10868088 -0.07109763  0.02077056
 -0.1368378  -0.16137379 -0.33317351  0.00960757  0.34652576  0.10996653
 -0.19419728  0.02639412 -0.07567512 -0.00944097  0.15604129  0.15676582
  0.02162892  0.05004491 -0.11143487 -0.00324626  0.20419979 -0.10530193
 -0.02266323  0.23305714  0.01787299  0.07840992  0.01495159 -0.05260155
 -0.0770809   0.06213367 -0.16483283 -0.04673964  0.06021568 -0.09719493
  0.01177707  0.15195981 -0.2035023   0.05843066  0.01725158  0.05848223
 -0.00230099 -0.05957355 -0.12715273 -0.05526337  0.10628486 -0.18633398
  0.24244623  0.23485747  0.04785329  0.11625317  0.11602905  0.01172491
  0.04685723 -0.03296407 -0.18401143 -0.01308241  0.13703106 -0.01008711
  0.05282102  0.02303263]