[-1.32450923e-01  1.45494506e-01  8.84730369e-02 -3.02157234e-02
 -7.77287856e-02 -7.59639964e-02 -2.44860910e-02 -1.25901863e-01
  1.07074119e-01 -8.35392773e-02  2.03216821e-01 -4.51449119e-02
 -2.17448309e-01 -1.57662928e-01  1.65670179e-04  1.68706104e-01
 -2.19326541e-01 -1.04231656e-01 -2.93759489e-03  3.18745337e-02
  1.35040209e-01  2.12125015e-02  2.95507852e-02  2.80212052e-02
 -8.98669288e-02 -3.83113861e-01 -4.83322255e-02 -7.24410415e-02
  2.29269695e-02  9.89760458e-03 -1.12023197e-01  5.32602854e-02
 -1.89417168e-01 -1.12152256e-01  1.69768911e-02  1.06957652e-01
 -6.94047660e-04 -4.52791378e-02  1.49315730e-01 -1.51926791e-02
 -2.55854815e-01  4.42589149e-02  1.87779721e-02  2.72302717e-01
  2.39446029e-01  1.48057463e-02  4.51123789e-02 -1.11399911e-01
  1.55529633e-01 -1.69358000e-01  1.67703368e-02  1.09009080e-01
  9.06199589e-02  1.29577843e-02  2.68403832e-02 -1.76563412e-01
 -5.43795107e-03  6.86133951e-02 -1.34774491e-01 -2.25155950e-02
  4.50761318e-02 -1.22509442e-01  2.35058274e-02 -6.09884262e-02
  2.04895809e-01  2.14775410e-02 -7.93220922e-02 -1.63989827e-01
  1.48933917e-01 -1.14922345e-01 -6.98505864e-02  4.18366268e-02
 -1.75786361e-01 -1.30050585e-01 -3.59442800e-01  1.04346229e-02
  3.65289807e-01  7.84342214e-02 -2.05504850e-01  5.70874214e-02
 -8.41879025e-02  2.79644728e-02  1.68589830e-01  1.92126095e-01
  3.33606899e-02  5.59321716e-02 -1.18994132e-01 -9.04857763e-04
  2.06969768e-01 -9.74220634e-02 -7.32585788e-02  2.18041331e-01
  2.78923940e-02  8.34351853e-02  4.66101542e-02 -1.87907517e-02
 -6.06671833e-02  5.17420880e-02 -1.69250384e-01 -1.71288438e-02
  6.25910237e-02 -6.45480007e-02 -5.46677131e-03  1.67101562e-01
 -1.96115613e-01  6.28972799e-02  2.05281321e-02  7.16233999e-02
  2.78946105e-02 -5.31020537e-02 -8.88379738e-02 -5.98045252e-02
  7.91185498e-02 -2.13918015e-01  2.18949601e-01  2.16299772e-01
  3.50245200e-02  1.28765017e-01  9.58261415e-02  9.90130380e-03
  1.67989135e-02 -1.34985102e-02 -1.86679706e-01 -1.65382903e-02
  1.35005876e-01  1.46417413e-02  8.65409002e-02  1.70339625e-02]