[-0.15754615  0.14594088  0.06749646 -0.03811312 -0.11904325 -0.06134644
 -0.00962905 -0.10824633  0.10555064 -0.07039702  0.19481282 -0.06449459
 -0.22673805 -0.14578907  0.0028114   0.19366109 -0.21725288 -0.09317686
 -0.01683432  0.02184383  0.12664318  0.00785484  0.00481513  0.01342836
 -0.06952751 -0.39924029 -0.02985798 -0.08049009  0.02973869 -0.04642438
 -0.09723461  0.03426406 -0.20639037 -0.11598787  0.01940261  0.10815278
 -0.04379302 -0.03742744  0.15804794 -0.00212252 -0.23505738 -0.00915858
  0.03866051  0.25858569  0.22004484  0.04000461  0.03289164 -0.106621
  0.16713169 -0.18598059  0.01558377  0.10545038  0.08456077  0.03080029
  0.04480575 -0.17177503  0.00691203  0.06769487 -0.15981725  0.00501779
  0.0670205  -0.1074379  -0.00085087 -0.06298999  0.22165373  0.00794327
 -0.05812572 -0.15263157  0.17549053 -0.11145242 -0.06692447  0.01067104
 -0.14363693 -0.16667575 -0.34260198  0.00784295  0.34424537  0.11469682
 -0.19588348  0.0334956  -0.07184106 -0.01409211  0.16769694  0.15670274
  0.03090841  0.06009888 -0.10622602  0.0018792   0.21387248 -0.10644399
 -0.03109012  0.22848597  0.01965999  0.07504475  0.02353423 -0.05423209
 -0.07817129  0.05296318 -0.18070897 -0.0515029   0.06078479 -0.09125349
  0.01176478  0.16074851 -0.20132135  0.0686102   0.02096981  0.06076818
 -0.01525601 -0.05899327 -0.12684055 -0.05663079  0.10029855 -0.18256439
  0.24840291  0.2353618   0.04224209  0.11574004  0.11314755 -0.00137142
  0.04374991 -0.02520477 -0.18999957 -0.01274195  0.13170484  0.00795099
  0.06109368  0.02452089]