[-0.11793226  0.18186271  0.07745566 -0.01357731 -0.05063644 -0.01208999
 -0.01975688 -0.16523433  0.14027411 -0.08128832  0.30305478 -0.06709128
 -0.26267913 -0.15313664  0.02520682  0.18777719 -0.21356642 -0.1201479
 -0.04749032  0.04028503  0.0762448  -0.0051272   0.01863176  0.02862947
 -0.10540698 -0.3821308  -0.07241627 -0.12979697  0.04531739 -0.06647452
 -0.12097571 -0.05336189 -0.20184396 -0.14043425 -0.00885399  0.04364266
 -0.01196757 -0.0401715   0.16126472 -0.00286977 -0.21746865  0.02502726
  0.03696505  0.28559208  0.16413125  0.05547941  0.06575201 -0.10918476
  0.08618116 -0.16053107  0.06598524  0.08635943  0.14456232  0.0408052
  0.02723113 -0.20163332 -0.03660366  0.10593796 -0.16766372  0.06518368
  0.11710935 -0.01562016 -0.00840334 -0.03601604  0.25444573  0.04481181
 -0.09881554 -0.13805026  0.1163787  -0.09516901 -0.04826511  0.02802228
 -0.18040681 -0.18687187 -0.35213393  0.02916011  0.34142661  0.07652671
 -0.21636401 -0.00927616 -0.07959711  0.0130912   0.12495245  0.12746082
  0.02748497  0.0654059  -0.09667145  0.02089973  0.19181556 -0.07946452
 -0.00588928  0.23975591 -0.01243841  0.00245173  0.00894803  0.00574784
 -0.06183386  0.02458776 -0.13487478 -0.01500401  0.0337511  -0.04326149
  0.00396851  0.12207802 -0.22421567  0.06838074  0.03438064  0.03168522
  0.01538732 -0.02618702 -0.09258222 -0.08187484  0.14804462 -0.23505108
  0.21124482  0.24445978  0.04234267  0.0869175   0.05626986  0.01766167
  0.01473419  0.0152749  -0.21105874 -0.02072162  0.10026552 -0.0438366
  0.08015787  0.01581073]