[-1.07264556e-01  1.82051107e-01  8.67067948e-02 -3.91114950e-02
 -1.14405870e-01  6.80331606e-03 -2.62221489e-02 -1.15019657e-01
  1.53399304e-01 -1.02294169e-01  2.60530889e-01 -4.90340590e-02
 -2.19795987e-01 -1.32287860e-01  3.14560533e-02  1.91331998e-01
 -2.18138814e-01 -1.36922523e-01 -1.98190343e-02  4.21052426e-02
  7.48803914e-02  9.89855547e-03  1.85008403e-02  3.72246206e-02
 -1.57213807e-01 -4.49311882e-01 -7.57455379e-02 -1.06325880e-01
  1.57603975e-02 -5.59315383e-02 -1.12504780e-01  7.59820035e-03
 -1.87965289e-01 -1.00558877e-01  1.73633285e-02  8.71596932e-02
 -3.56366597e-02 -9.72983390e-02  1.48385048e-01  4.14850330e-03
 -2.26313069e-01  6.36101142e-02  2.07139459e-02  3.07367980e-01
  1.88720345e-01 -1.29707307e-02  7.65029192e-02 -1.01862684e-01
  1.28494576e-01 -1.46533430e-01  4.94552888e-02  9.10456926e-02
  7.43947849e-02  4.64835726e-02  5.09877279e-02 -1.43830881e-01
 -6.35520229e-03  1.14441156e-01 -1.71137691e-01  3.73168825e-03
  7.41543770e-02 -4.81011830e-02  2.00150069e-02 -7.00225607e-02
  2.12237597e-01  4.72176857e-02 -7.04542920e-02 -1.54646203e-01
  1.17832445e-01 -7.70999119e-02 -2.90748421e-02  2.87110358e-02
 -2.00128511e-01 -1.67728037e-01 -3.24092537e-01  3.02325319e-02
  3.65970314e-01  1.06059842e-01 -1.91980705e-01 -1.02797356e-02
 -7.77113289e-02  1.32266432e-04  1.20320201e-01  1.25774801e-01
  3.24368551e-02  2.18179096e-02 -1.12406209e-01  8.97246227e-02
  2.27487713e-01 -7.00952038e-02 -2.47496497e-02  2.37666592e-01
  9.76478308e-03  1.94824487e-03  1.96238346e-02 -2.43090093e-04
 -9.87016037e-02  5.34251593e-02 -1.45261481e-01 -1.46759618e-02
  4.47320640e-02 -5.47553971e-02 -1.28442794e-02  1.57963201e-01
 -2.39312798e-01  7.63498023e-02  3.79552580e-02  2.78282203e-02
  1.92048978e-02 -3.31918411e-02 -1.18397430e-01 -5.68396226e-02
  1.25582114e-01 -2.36404330e-01  1.88851282e-01  2.19496161e-01
  6.09663539e-02  1.12685814e-01  5.10807335e-02 -2.71822941e-02
 -1.22917742e-02 -4.30926979e-02 -2.03972816e-01 -1.25162897e-03
  1.10073328e-01  8.02187528e-03  7.85304382e-02  1.07772108e-02]