[-0.0873047   0.17432663  0.09850147 -0.03834828 -0.09782019  0.02802618
 -0.0325552  -0.11485904  0.14496009 -0.09761413  0.28197986 -0.03538754
 -0.2047853  -0.13133594  0.02667824  0.18364826 -0.2194536  -0.131898
 -0.00125674  0.06863731  0.05694645 -0.002288    0.01663807  0.02173042
 -0.14557312 -0.43068704 -0.08691629 -0.09220988  0.03520668 -0.05364248
 -0.13042071 -0.00968494 -0.18110095 -0.09497362  0.0190569   0.08055042
 -0.03364436 -0.09443357  0.15289709  0.02019781 -0.22491808  0.07596985
  0.00375206  0.31355599  0.18271904  0.00471312  0.06263131 -0.09755665
  0.1123326  -0.17087002  0.06719287  0.08948087  0.08182998  0.04554024
  0.02326013 -0.14183445 -0.01415996  0.11225317 -0.17877617  0.01377003
  0.06589812 -0.02554062  0.03818281 -0.06618291  0.20273034  0.0709795
 -0.07973076 -0.15073279  0.09951407 -0.08278796 -0.02871714  0.02370309
 -0.1801434  -0.18200748 -0.30502009  0.0336186   0.38466537  0.11918689
 -0.206881   -0.02405395 -0.08332925 -0.02140574  0.13157079  0.12051393
  0.03642978  0.02887772 -0.10346074  0.06095511  0.23902786 -0.07253222
 -0.02265135  0.24644931  0.00936177  0.01364848  0.02157714  0.0109781
 -0.06661674  0.06557299 -0.14959042 -0.01556142  0.01688934 -0.0604621
 -0.00949932  0.15498923 -0.25538304  0.09983193  0.05632775  0.01929192
  0.04182932 -0.0204089  -0.11037328 -0.06747834  0.13619782 -0.25631461
  0.18300599  0.23761432  0.07092081  0.11650493  0.05817156 -0.01809107
  0.00177566 -0.04704389 -0.19036511 -0.00885123  0.08873224 -0.00172978
  0.07535705  0.01599248]