[-0.13495542  0.14869796  0.07697853 -0.04088515 -0.08007867 -0.06516677
 -0.02853103 -0.12937243  0.11072629 -0.08037477  0.20291595 -0.02977816
 -0.21156581 -0.1609004  -0.00425145  0.16186865 -0.2241293  -0.10035776
  0.00633061  0.02876496  0.13983236  0.02943353  0.02483156  0.03526152
 -0.09065133 -0.37601885 -0.03655256 -0.066582    0.02434583  0.00983981
 -0.10459905  0.06467912 -0.19969817 -0.10884788  0.01985939  0.10812709
 -0.00259394 -0.03483633  0.15261792 -0.01368071 -0.25290236  0.03052681
  0.02081269  0.26388025  0.24106483  0.00857433  0.04790914 -0.11892426
  0.1714952  -0.17323752  0.01788594  0.11451232  0.09407062  0.01145572
  0.02071702 -0.18043225 -0.01571168  0.07857141 -0.12545711 -0.01327148
  0.03680412 -0.12957856  0.0225877  -0.06147758  0.18917958  0.0210353
 -0.0741968  -0.1664432   0.15500753 -0.11142846 -0.08400635  0.04665143
 -0.16648939 -0.13805167 -0.36624357  0.00579547  0.35722798  0.08914208
 -0.20453043  0.05590368 -0.07890453  0.02854956  0.17135791  0.19180174
  0.0230671   0.05778509 -0.11204039  0.00444633  0.21542798 -0.08480515
 -0.07825201  0.22430925  0.02716082  0.09749927  0.0464589  -0.00958371
 -0.05654172  0.05210023 -0.17683813 -0.02192692  0.06205202 -0.05891398
  0.00490064  0.17961483 -0.19833718  0.06841693  0.01567978  0.07789688
  0.02611922 -0.05466539 -0.0835743  -0.05315324  0.07602439 -0.20130952
  0.22323643  0.2085768   0.03393555  0.13693219  0.10530678  0.00608033
  0.02153483 -0.03184414 -0.18556444 -0.0177088   0.1426378   0.01541131
  0.09038933  0.01236719]