[-0.10510812  0.16614278  0.07303887 -0.02261415 -0.05426936 -0.01250764
 -0.04693725 -0.12977192  0.17319329 -0.09253135  0.2366561  -0.05507748
 -0.21891418 -0.14102124  0.05271679  0.15738699 -0.24559246 -0.06016282
 -0.0424091   0.0439719   0.08049227  0.01556696  0.03529952  0.02441982
 -0.12953369 -0.40903035 -0.09060922 -0.13410285 -0.01474377 -0.07709806
 -0.0953238  -0.00968414 -0.15085313 -0.11937269 -0.01435823  0.02931264
 -0.00974665 -0.03553337  0.11881556  0.00173913 -0.2273138   0.02576436
  0.02082213  0.26006642  0.20531841  0.03416572  0.03573973 -0.10803582
  0.11674509 -0.11658285  0.02595744  0.08378509  0.05674101  0.02468527
  0.09281658 -0.13590327 -0.02371844  0.07708179 -0.15276693  0.02608575
  0.11414602 -0.03977653 -0.00472735 -0.02702783  0.19126627  0.07603662
 -0.05897233 -0.17618643  0.12323749 -0.10633522 -0.0738651   0.03695295
 -0.16285911 -0.17922312 -0.32056203 -0.03322976  0.34139964  0.09929588
 -0.22958915 -0.01884495 -0.08929538 -0.00990124  0.18205266  0.13106723
  0.03762671  0.05738443 -0.0884695   0.01698627  0.19005252 -0.03731543
 -0.03686052  0.23161678  0.00525203 -0.00438443  0.05041799 -0.037677
 -0.08025735  0.0361129  -0.19262594 -0.05372396  0.0557492  -0.04787257
 -0.01541217  0.12479915 -0.19513528  0.10708582  0.07022004  0.03679603
  0.01566718 -0.00492675 -0.12441386 -0.02728517  0.15996879 -0.22028795
  0.18859759  0.18355761  0.05128935  0.0918527   0.04390105  0.0312337
 -0.03560651 -0.00485012 -0.19386236 -0.01818512  0.07992424  0.00181864
  0.09988032 -0.00775124]