[-0.10512383  0.17497818  0.10711709 -0.0234035  -0.09928723  0.01021898
 -0.00747135 -0.12056955  0.1599206  -0.10198962  0.27718049 -0.04065105
 -0.1969772  -0.1263327   0.05133405  0.17387418 -0.20247369 -0.11407395
 -0.0118417   0.03925045  0.0730157   0.00304507  0.01833954  0.01970954
 -0.15873781 -0.43019763 -0.07781506 -0.10318332  0.03996535 -0.0487844
 -0.10525971 -0.00578659 -0.16403691 -0.10066656  0.00708836  0.08618992
 -0.03458297 -0.07799416  0.14541698 -0.00205209 -0.22816896  0.0635606
 -0.00261259  0.31125373  0.17803197  0.00128455  0.06910785 -0.1025961
  0.10636839 -0.17110926  0.05566227  0.06663845  0.06246544  0.03961328
  0.04449228 -0.14841107 -0.01957055  0.10662706 -0.18525527  0.0117635
  0.07048308 -0.03981079  0.02868162 -0.05864262  0.21480155  0.06958912
 -0.07646283 -0.13321044  0.10575445 -0.08453959 -0.02675243  0.02567512
 -0.17839271 -0.17715724 -0.32215783  0.04147479  0.39596573  0.10452937
 -0.20284645 -0.03235613 -0.08295175 -0.00139503  0.14228517  0.12121948
  0.03405263  0.01618263 -0.10223684  0.07252472  0.22008829 -0.07919123
 -0.02311169  0.23788916  0.01550785  0.0105279   0.00993165  0.0113375
 -0.08564123  0.0645017  -0.15054385 -0.02017942  0.04281399 -0.05090958
  0.00531888  0.16237958 -0.26537114  0.11251508  0.05397085  0.00927065
  0.04282177 -0.02577778 -0.10216033 -0.05318937  0.14012632 -0.24480425
  0.18048303  0.24169019  0.06272319  0.13100033  0.04276996 -0.0285857
 -0.00071385 -0.03054618 -0.1979674   0.01242624  0.08675408 -0.00851717
  0.0619217   0.01826597]