[-0.11493739  0.19772626  0.07895248 -0.01786339 -0.05968071 -0.02090436
 -0.01086467 -0.17490618  0.11545934 -0.08139231  0.29217559 -0.06764846
 -0.25972635 -0.15366128  0.03000279  0.18159564 -0.21813194 -0.129381
 -0.06666542  0.03904559  0.07807291 -0.00693375  0.02651689  0.02388894
 -0.10686617 -0.4076564  -0.07122636 -0.10581993  0.05706283 -0.05695244
 -0.11405727 -0.04432871 -0.21821438 -0.13964863  0.00793798  0.05297729
 -0.02189323 -0.05605782  0.17308064 -0.01148071 -0.22224537  0.05392655
  0.0555516   0.29321694  0.17612489  0.04758737  0.06666436 -0.1022288
  0.09362835 -0.1546257   0.0753664   0.09087839  0.14741589  0.04513969
  0.04045186 -0.20984559 -0.0309529   0.09622236 -0.17200743  0.05932197
  0.110831   -0.04005067 -0.00182243 -0.05560195  0.24366525  0.04451878
 -0.09799968 -0.1434741   0.11554821 -0.09924269 -0.03449969  0.01275538
 -0.18457082 -0.17171787 -0.36092642  0.03340324  0.33552232  0.09395154
 -0.22336996 -0.00983317 -0.06204623  0.01487253  0.12236738  0.14287226
  0.01685136  0.06305945 -0.09503668  0.03914183  0.19050907 -0.06941068
 -0.0349154   0.24156713 -0.01486099  0.00196831  0.0184115  -0.00821217
 -0.08655514  0.01184369 -0.14572182 -0.00564697  0.02742472 -0.05849036
 -0.00248964  0.13979588 -0.21348746  0.06757744  0.0214431   0.03552461
  0.00430689 -0.02556938 -0.10003338 -0.07760902  0.12735437 -0.23605751
  0.23518644  0.24889274  0.03702736  0.0908043   0.06998753  0.00585302
  0.02588038  0.03080285 -0.20328879 -0.03370112  0.10407989 -0.03933698
  0.10294485  0.01808141]