[-0.14537604  0.06109087  0.03854617 -0.04445956 -0.11220729 -0.03936456
  0.05456501 -0.10545858  0.12898292 -0.07892772  0.24480715 -0.04419373
 -0.23838857 -0.07869973  0.03014023  0.17940991 -0.18416673 -0.08101534
 -0.09231006 -0.04014408  0.03912213  0.02424937  0.01662083  0.05355072
 -0.13488984 -0.35752377 -0.07506486 -0.12705322  0.01654614 -0.08261145
 -0.01170318  0.10026195 -0.12866513 -0.08420976  0.02965953  0.0520382
 -0.02958114 -0.06404944  0.17465813  0.08357413 -0.17492056 -0.00520402
  0.05497133  0.33324397  0.20846927 -0.0122854   0.04416448 -0.02954404
  0.13204384 -0.3023636  -0.03800872  0.05065743  0.0551739   0.04394263
  0.15016641 -0.09667043  0.02208769  0.06822786 -0.2469887   0.07341894
  0.06252448 -0.04212795 -0.02794795 -0.07794916  0.18593839  0.10197254
 -0.09469896 -0.05820648  0.15693311 -0.13335411 -0.07015634  0.04678962
 -0.13621692 -0.2106214  -0.26172739  0.00245192  0.40324259  0.19492745
 -0.17791162 -0.01853853 -0.02837599 -0.02967509  0.1578929   0.0566664
  0.02338437  0.0019255  -0.05705444  0.05901819  0.19208816 -0.03464163
 -0.0267259   0.27258059  0.00852289 -0.01399771  0.04716653  0.02164401
 -0.0597052  -0.0096025  -0.18291514 -0.02861755  0.03410313 -0.09794068
  0.05168465  0.05840763 -0.16908072  0.12153669  0.0169391  -0.00807307
 -0.05771425 -0.02056826 -0.12904364  0.06865805  0.1269214  -0.24005699
  0.19916153  0.21547909 -0.03609904  0.08212815  0.00527013 -0.04351813
 -0.01722325 -0.04048643 -0.09391911 -0.09494769  0.06243078 -0.01371089
  0.04358767 -0.02444896]