[-0.13013448  0.07250251  0.09246376 -0.07857643 -0.13229178 -0.04731096
 -0.08813443 -0.11779799  0.10958946 -0.12611862  0.15442146 -0.06038863
 -0.20205183 -0.08088809 -0.05023991  0.22893047 -0.12230213 -0.1794686
 -0.05952996  0.02563759  0.02901215  0.0175709   0.02505343  0.01981372
 -0.1244062  -0.36126697 -0.07024313 -0.03336835 -0.03256023 -0.0373188
 -0.08807028  0.07800052 -0.18253534 -0.05180711  0.05442015  0.11972076
 -0.01858326 -0.07267243  0.13950574 -0.01540167 -0.30934247  0.00790612
  0.08623819  0.25120932  0.21394645  0.03757554  0.03671004 -0.14149891
  0.14605521 -0.17230952  0.0319178   0.12634662  0.00606102  0.04614412
  0.03202668 -0.13188283  0.05788338  0.0892967  -0.11707039 -0.03773775
  0.08640271 -0.03707183 -0.01514037 -0.12719643  0.23835294  0.05957828
 -0.10982192 -0.17910688  0.1559606  -0.13116816 -0.05852163  0.01830362
 -0.17796363 -0.14352345 -0.30081779 -0.05581212  0.34918764  0.10001607
 -0.17125417  0.10325133 -0.03968563  0.00319368  0.10025617  0.1788007
  0.01828252  0.08367761 -0.03853089 -0.01132067  0.26223272 -0.06928153
  0.00236863  0.20245467  0.02021945  0.0357638   0.03910114  0.0093925
 -0.08419105  0.04423691 -0.16145107 -0.01156014  0.02223312 -0.03107936
  0.01873314  0.13358198 -0.1669703   0.16276771  0.01962853  0.10879648
  0.0351341   0.01893746 -0.07138982 -0.09781197  0.09580234 -0.17836554
  0.19606556  0.17396343  0.06635036  0.08576319  0.14126845  0.08554193
  0.00855149  0.04139609 -0.18817908 -0.02321313  0.11137388 -0.06300946
  0.08823394  0.06569349]