[-0.14037465  0.09542843  0.0873118  -0.08071323 -0.15464409 -0.05317652
 -0.08284213 -0.1267889   0.09907465 -0.12477948  0.18557891 -0.05417565
 -0.20610753 -0.07890441 -0.03672125  0.25022873 -0.13774742 -0.20109935
 -0.04692386 -0.0012598   0.01987412 -0.01736487  0.03542998  0.02925394
 -0.13891527 -0.35235503 -0.07525974 -0.00588857 -0.00040006 -0.04820459
 -0.10204961  0.06430519 -0.21882439 -0.05179895  0.0650446   0.12363031
 -0.02249383 -0.08393054  0.16912346 -0.01901727 -0.28082263  0.01197925
  0.0950255   0.22790883  0.2236508   0.06092498  0.04775141 -0.15133752
  0.13501179 -0.19402653  0.0312963   0.11856107  0.00754594  0.03121495
 -0.00616365 -0.14329518  0.04610102  0.08955821 -0.12659995 -0.04258025
  0.09814229 -0.05165533 -0.04659896 -0.13360736  0.246796    0.07363779
 -0.11482214 -0.20226406  0.15114385 -0.15614375 -0.05918545  0.03173899
 -0.13984953 -0.14065184 -0.32723042 -0.04510149  0.33426067  0.11455752
 -0.15244524  0.08527537 -0.01662533  0.00671253  0.0822464   0.16046214
 -0.02594427  0.06747117 -0.06868972  0.0017924   0.27495149 -0.05936979
  0.01539844  0.22205532  0.02474139  0.07922447  0.01843533  0.04622258
 -0.09237432  0.04070192 -0.13944168  0.00109719  0.03338047 -0.00899615
  0.03095469  0.1636799  -0.1695696   0.13812722 -0.04510334  0.09631848
  0.00896788  0.00300077 -0.07490161 -0.1089636   0.07111166 -0.19514303
  0.15954112  0.21331914  0.03893906  0.06458338  0.16817538  0.07001554
  0.02077639  0.03501366 -0.21380162 -0.01844486  0.10816135 -0.09865167
  0.09195636  0.06703404]