[-1.54042751e-01  5.04140146e-02  9.47228521e-02 -8.24531093e-02
 -1.22816958e-01 -5.87533005e-02 -4.75185923e-02 -1.17219865e-01
  1.07907295e-01 -1.21799186e-01  1.83278382e-01 -9.23926458e-02
 -2.08636269e-01 -6.01261035e-02 -2.78636646e-02  2.21514747e-01
 -1.27617151e-01 -1.60336375e-01 -6.92217723e-02  3.65833199e-04
  3.54133695e-02  1.02243302e-02  1.09911514e-02  1.08761862e-02
 -1.04022637e-01 -3.78518492e-01 -7.54086897e-02 -4.88003977e-02
 -1.70467906e-02 -8.96535255e-03 -7.21203014e-02  6.59793913e-02
 -1.95315450e-01 -7.66297206e-02  6.01714663e-02  1.13258302e-01
 -9.19305533e-03 -8.44485536e-02  1.50486439e-01 -2.77379584e-02
 -2.90471315e-01  2.11233497e-02  7.99795240e-02  2.42630050e-01
  1.97261915e-01  5.32182343e-02  4.00205776e-02 -1.23740129e-01
  1.40514866e-01 -1.54558375e-01 -1.79151818e-03  1.03788614e-01
  2.27253269e-02  2.43156590e-02  2.94451360e-02 -1.31985188e-01
  5.04651926e-02  6.62384257e-02 -1.33863971e-01 -5.90627007e-02
  9.54368562e-02 -4.39250022e-02 -1.67798679e-02 -1.37194246e-01
  2.52018422e-01  4.99087088e-02 -1.12658344e-01 -1.62119344e-01
  1.60931274e-01 -1.27134636e-01 -3.74128036e-02  6.45308057e-03
 -1.84213504e-01 -1.36669964e-01 -2.86765844e-01 -3.53084281e-02
  3.55492920e-01  8.06129947e-02 -1.75183401e-01  9.49296802e-02
 -3.64458598e-02  2.92930007e-02  1.16954401e-01  1.74889535e-01
  2.73582377e-02  9.63964909e-02 -3.72616462e-02 -2.61500776e-02
  2.49580622e-01 -7.62096271e-02 -6.49285037e-03  1.93150043e-01
  4.53421008e-03  2.93951370e-02  4.92413826e-02  1.61719287e-03
 -8.55190456e-02  2.25016531e-02 -1.52279988e-01 -2.03319197e-03
  2.77594570e-02 -2.75462456e-02  2.36123037e-02  1.26178652e-01
 -1.71009645e-01  1.42979056e-01 -1.48311546e-02  9.64257568e-02
  1.05650304e-02  7.38458335e-03 -4.88081574e-02 -8.30816627e-02
  8.48991200e-02 -1.88367784e-01  1.71930417e-01  1.83151349e-01
  1.87626686e-02  1.00586295e-01  1.20948486e-01  7.09156543e-02
 -2.52610748e-03  7.43000209e-02 -2.06555277e-01 -4.80341427e-02
  1.06983304e-01 -3.75520363e-02  1.02284841e-01  4.81809229e-02]