[-1.22240774e-01  7.48542026e-02  1.35191515e-01 -7.98632875e-02
 -1.69371650e-01 -5.76842092e-02 -7.79055655e-02 -1.08725429e-01
  1.01867773e-01 -1.26380593e-01  1.42399356e-01 -7.88555890e-02
 -2.13804647e-01 -2.82581430e-02 -2.86231246e-02  2.25562453e-01
 -1.16426818e-01 -1.99343905e-01 -7.86728784e-02 -9.78983659e-03
  3.97956856e-02  2.38030823e-03  1.99154597e-02  4.77684010e-03
 -1.46435603e-01 -3.44698936e-01 -6.52132705e-02 -7.23166019e-03
  3.22666317e-02 -3.08904052e-02 -9.83968526e-02  7.24621043e-02
 -2.24144608e-01 -7.14366436e-02  5.01291715e-02  1.20734356e-01
 -2.14264225e-02 -9.68303159e-02  1.27558574e-01 -5.12255207e-02
 -3.17531615e-01  4.04816195e-02  4.70066182e-02  2.16779515e-01
  2.21153930e-01  2.37834100e-02  5.99403754e-02 -1.34447247e-01
  1.28022656e-01 -1.80515245e-01  1.25548991e-04  1.35361597e-01
  3.06326151e-02  3.88303362e-02 -3.66593013e-03 -1.31391153e-01
  6.29825220e-02  9.34275016e-02 -1.47411332e-01 -3.26699205e-02
  1.16993405e-01 -5.06308079e-02 -2.01108702e-03 -1.35972902e-01
  2.15855911e-01  3.01236752e-02 -1.07562616e-01 -1.96257055e-01
  1.54857799e-01 -1.43392831e-01 -1.87794622e-02  3.52313519e-02
 -1.69404224e-01 -1.35875091e-01 -2.99127370e-01 -5.76713793e-02
  3.57247084e-01  9.89669189e-02 -1.66565523e-01  1.16820648e-01
 -5.00019901e-02  3.33456807e-02  5.92855923e-02  1.51134476e-01
 -1.04872007e-02  1.13142490e-01 -5.25766425e-02  2.62303688e-02
  2.60924906e-01 -8.81678611e-02  1.11133484e-02  2.21796468e-01
  4.17773537e-02  4.37154286e-02  4.12235223e-02  3.23678553e-02
 -9.06459987e-02  1.79304648e-02 -1.33850500e-01  9.89521760e-03
  1.73237789e-02 -3.69057916e-02  3.02864853e-02  1.39804512e-01
 -1.51008874e-01  1.88512743e-01 -3.32189761e-02  1.25573039e-01
 -4.08691820e-03  1.15384357e-02 -5.55750802e-02 -1.03912614e-01
  1.01969503e-01 -1.89779386e-01  1.48085445e-01  2.15515360e-01
  3.51287723e-02  6.73020780e-02  1.34750947e-01  6.33779913e-02
  1.36284921e-02  6.10720105e-02 -1.92926839e-01 -2.90677082e-02
  1.07151590e-01 -9.61037800e-02  9.14481431e-02  8.64769518e-02]