[-0.15089166  0.10136914  0.03185545 -0.0590179  -0.13277309 -0.06720986
 -0.04039381 -0.14806333  0.17965639 -0.06233589  0.23560642 -0.04192908
 -0.20649897 -0.06561458  0.02143393  0.21840338 -0.17907225 -0.13762677
 -0.10330212 -0.04067875  0.03790362 -0.06508448  0.03736551  0.10449236
 -0.14353482 -0.36176071 -0.08589507 -0.09467579  0.00583516 -0.06933261
 -0.02310484  0.06744621 -0.1930712  -0.09635396  0.03442458  0.06566212
 -0.00121939 -0.06923094  0.18155341  0.01622476 -0.25498086  0.01627508
  0.09415588  0.25326547  0.2585462   0.01789223  0.08349496 -0.0694135
  0.12684833 -0.26282176 -0.01666806  0.12451748  0.04431127  0.0041727
  0.1084028  -0.12243169 -0.01627355  0.12186581 -0.17495102 -0.00181561
  0.08157757 -0.01738362 -0.06826928 -0.08202437  0.24075659  0.15990829
 -0.12981461 -0.06421714  0.14655417 -0.106186   -0.03376297  0.03360663
 -0.18513179 -0.20915197 -0.31965259 -0.01159404  0.43279275  0.10642596
 -0.18864898  0.03935162 -0.05937987  0.04733461  0.08947978  0.08871211
 -0.01404478  0.0193844  -0.05516091  0.05302688  0.20017152 -0.03770594
  0.03143783  0.23083065  0.01085162 -0.02513255  0.01872703  0.08669402
 -0.07372735 -0.06650934 -0.18941358 -0.05312093  0.02481775  0.01777865
  0.03751375  0.06063026 -0.19757023  0.05517934  0.02586061 -0.00277059
 -0.0607001   0.00754355 -0.05276052 -0.03167076  0.09322628 -0.216203
  0.17157039  0.20029739 -0.0779442   0.09010116  0.03872423  0.02229332
 -0.01643065 -0.01309356 -0.05377073 -0.05659127  0.06384891 -0.00563255
  0.06118399 -0.02433215]