[-1.61904350e-01  1.09942891e-01  3.69623750e-02 -7.60496110e-02
 -1.76160619e-01  7.75854150e-03 -4.53837849e-02 -1.19075969e-01
  1.57547250e-01 -6.55844957e-02  2.10040972e-01 -3.17147039e-02
 -2.01907426e-01 -4.08856384e-02  5.00528812e-02  2.08174139e-01
 -2.05036283e-01 -1.05919495e-01 -6.17589653e-02 -2.29244921e-02
  2.28885002e-02  4.12410498e-02  1.54230418e-02  7.85989314e-02
 -1.26981169e-01 -4.17685896e-01 -7.64622018e-02 -1.00915432e-01
 -5.63061982e-03 -8.73827562e-02 -4.25960124e-02  5.00528105e-02
 -1.49524242e-01 -7.99707174e-02  5.73150292e-02  9.24100429e-02
 -5.45995012e-02 -7.00939149e-02  1.43449187e-01  3.65524739e-02
 -2.41492495e-01  3.97197909e-05  1.41455919e-01  3.03611875e-01
  2.13987306e-01  1.11946780e-02  4.63103242e-02 -3.89432311e-02
  1.27208740e-01 -2.68503994e-01 -1.38877211e-02  8.45236704e-02
  1.40716434e-02  3.19734290e-02  1.09340228e-01 -1.15297653e-01
  2.46252865e-03  1.07105389e-01 -1.97852194e-01  5.27592115e-02
  1.01040043e-01 -5.14573418e-02 -4.89522628e-02 -5.64138591e-02
  2.51745850e-01  1.49795517e-01 -1.15729690e-01 -1.07389212e-01
  7.41075873e-02 -1.20275550e-01 -9.62659270e-02  1.32842651e-02
 -1.76912844e-01 -2.07710072e-01 -3.30924839e-01 -2.37377100e-02
  4.33266878e-01  1.33415863e-01 -1.79280043e-01  1.22033535e-02
 -1.01008071e-02  2.69294530e-03  1.39319003e-01  1.42945200e-01
  4.11598850e-03  3.40448879e-02 -6.78516254e-02  8.31105039e-02
  2.04778463e-01 -2.94662602e-02  1.26485107e-02  2.60345608e-01
  2.42937673e-02  2.89835017e-02  2.52275597e-02  8.99610668e-02
 -9.40719992e-02 -6.22537024e-02 -2.09950849e-01 -8.01377520e-02
  3.43645439e-02  5.56105375e-03  5.29017150e-02  1.21464491e-01
 -2.03978777e-01  1.26252174e-01  3.85982990e-02  7.40498677e-03
 -3.01978420e-02  1.57786498e-03 -6.10286258e-02 -1.60476100e-02
  1.07507482e-01 -2.02345178e-01  1.48862794e-01  2.11921260e-01
 -1.85242947e-02  1.03350513e-01  4.43271436e-02 -3.22519802e-02
 -1.60844978e-02 -1.07922871e-02 -1.13515876e-01 -3.05528846e-02
  4.64439690e-02 -1.44951241e-02  5.62601946e-02 -6.13609282e-03]