[-0.16321822  0.09273525  0.02093217 -0.04780034 -0.15155296 -0.03887877
  0.01988943 -0.1384156   0.14530063 -0.02485888  0.26498136 -0.02000663
 -0.19086768 -0.07069622  0.0876286   0.19077711 -0.21894944 -0.11856037
 -0.11450408 -0.03877043  0.02678503 -0.01352446  0.04045554  0.08648656
 -0.19386998 -0.35224476 -0.08840083 -0.11408214  0.10254636 -0.09021815
 -0.02130394  0.06951701 -0.18296753 -0.08526447  0.06253158  0.07006222
 -0.01351137 -0.08832324  0.17956786  0.00937651 -0.22643685  0.04298328
  0.08580118  0.28506646  0.2540215  -0.00514177  0.07137059 -0.06264881
  0.12374181 -0.24382865 -0.0104981   0.07288362  0.02621135  0.01731152
  0.09497391 -0.13833983  0.00606796  0.10007177 -0.24473639  0.02668953
  0.0946653  -0.03171485 -0.05167895 -0.06501784  0.17637202  0.12929642
 -0.10003901 -0.11938486  0.12655622 -0.13547273 -0.04223327  0.04825199
 -0.16604976 -0.19250497 -0.32356188 -0.03033437  0.41724783  0.11154677
 -0.2040906   0.0216322  -0.01231867  0.00273273  0.12518366  0.06851482
 -0.01497403 -0.01213041 -0.10162564  0.08756904  0.21974258 -0.02864293
  0.03756281  0.25175804  0.03393675 -0.0345684   0.04622455  0.10169754
 -0.0915579  -0.04126094 -0.17196456 -0.037168    0.02840875 -0.01497967
  0.04502212  0.09725343 -0.19301076  0.14046292  0.03574133 -0.00059069
 -0.07336724 -0.04001836 -0.07033154  0.02009938  0.10992406 -0.2356746
  0.18585186  0.22258411 -0.05140866  0.0771886   0.01125625 -0.02647193
 -0.03502711  0.01426402 -0.11688949 -0.04704009  0.04114908 -0.06228433
  0.05368588 -0.00451649]