[-0.14318371  0.07469595  0.10060459 -0.07494974 -0.13887282 -0.04234519
 -0.08565008 -0.12290871  0.1183501  -0.14121909  0.15564343 -0.0659989
 -0.20428555 -0.07233846 -0.05496503  0.23238806 -0.11430948 -0.18564148
 -0.06198812  0.01369375  0.02316015  0.0204644   0.02375427  0.01309579
 -0.11709412 -0.36165911 -0.07908668 -0.01785832 -0.03752918 -0.04582638
 -0.08013936  0.0752714  -0.18125159 -0.05254816  0.05449601  0.12414487
 -0.01374719 -0.07474033  0.1378974  -0.00777852 -0.3013033   0.00763817
  0.07492522  0.25859588  0.20855211  0.02995511  0.0277926  -0.13815612
  0.14160505 -0.17022789  0.01728125  0.1263386   0.01262788  0.04113743
  0.02379314 -0.13296904  0.04448146  0.09625225 -0.11212812 -0.04235997
  0.0887154  -0.04797731 -0.0102845  -0.13444026  0.23705788  0.06471401
 -0.11964287 -0.17682245  0.15952674 -0.1199739  -0.03934742  0.01131337
 -0.18151227 -0.14248481 -0.28933373 -0.04303674  0.35984752  0.08447257
 -0.16363268  0.07922917 -0.04093481  0.00669783  0.06899612  0.18170279
  0.00860444  0.07799032 -0.03016959 -0.00554654  0.25473902 -0.06493087
  0.00136794  0.1976252   0.01110477  0.0369596   0.03554093  0.01171088
 -0.0895163   0.04396608 -0.15377723  0.00262672 -0.00368663 -0.05042137
  0.02248107  0.1346285  -0.15834217  0.16645788  0.01194817  0.10007697
  0.01749152  0.023007   -0.0682283  -0.09286086  0.10024165 -0.17852175
  0.18775842  0.18282446  0.06656752  0.09836154  0.13383339  0.09443798
  0.00904368  0.05597771 -0.17506485 -0.02508712  0.09641037 -0.06661183
  0.08094886  0.06510718]