[-0.11825261  0.06444555  0.07260624 -0.09696    -0.13572484 -0.04889245
 -0.07124615 -0.12462274  0.11766412 -0.14961348  0.13792102 -0.06347302
 -0.19026183 -0.0368725  -0.03661561  0.22968271 -0.13403735 -0.20893371
 -0.07707035  0.01852039  0.00843434 -0.02172999  0.00181831  0.03780313
 -0.12775654 -0.31182811 -0.06957312 -0.0323912  -0.006332   -0.03785608
 -0.10176846  0.04823647 -0.20912381 -0.05600265  0.05203463  0.11213296
 -0.03217166 -0.09510469  0.15209477 -0.00697848 -0.2969512   0.03887322
  0.04758475  0.21701244  0.21786331  0.03980261  0.051337   -0.16768777
  0.16826412 -0.19743215  0.02610525  0.11667869  0.03893193  0.03547214
  0.0037784  -0.1522063   0.05559767  0.09209283 -0.12145226 -0.01387632
  0.10316081 -0.0101563  -0.01631492 -0.13006388  0.233987    0.08229705
 -0.11843445 -0.19813067  0.15654887 -0.13949755 -0.05353776  0.02857928
 -0.15017959 -0.14613734 -0.2785463  -0.06081874  0.34654674  0.10556833
 -0.16256921  0.0831244  -0.06555513  0.02029774  0.07856923  0.15048768
 -0.01704949  0.06367126 -0.03992983 -0.01430896  0.2846126  -0.06568267
 -0.00065419  0.19286355  0.00946756  0.04942169  0.01263457  0.01934282
 -0.09917381  0.04803674 -0.1241621  -0.01102111  0.02262272 -0.01604449
  0.02480654  0.15382336 -0.16595782  0.16992526 -0.0380103   0.11634376
  0.02353977  0.02923597 -0.07975629 -0.08535247  0.09215992 -0.18377502
  0.17885903  0.18806122  0.03912578  0.04778526  0.15171044  0.06814712
  0.01651419  0.06402486 -0.22789352 -0.024459    0.11375381 -0.06634911
  0.09067906  0.06394061]