[-0.17390506  0.13928062  0.05256769 -0.03214961 -0.1574385  -0.00576675
 -0.06634688 -0.14147262  0.12136462 -0.05568459  0.23207004 -0.03152234
 -0.21936531 -0.04806165  0.01282649  0.22837587 -0.17257333 -0.13841462
 -0.08234289 -0.0157365   0.02641374 -0.00878702  0.01609335  0.05670246
 -0.13599941 -0.38134298 -0.06276396 -0.09326013  0.01286232 -0.08847082
 -0.06873351  0.02518687 -0.15945916 -0.07530905  0.06030113  0.07002752
  0.01088372 -0.01915223  0.16523767  0.01876278 -0.25815287  0.05560169
  0.12763958  0.27710119  0.22996855  0.02071648  0.07463407 -0.10366471
  0.10119098 -0.20441638 -0.00572714  0.07772645  0.10222163  0.02610603
  0.06410392 -0.15851697 -0.00411452  0.06663791 -0.18612449  0.03241066
  0.12138126 -0.02967343 -0.06280115 -0.0559335   0.23114048  0.10732241
 -0.11532157 -0.15871033  0.08514666 -0.12420765 -0.05676907  0.04977223
 -0.16132405 -0.1841713  -0.33300146 -0.02225309  0.41664943  0.10952906
 -0.22214837  0.02590162 -0.02458198 -0.0114403   0.0864934   0.11355489
 -0.02238985  0.03655977 -0.06230741  0.05734823  0.20852032 -0.03523386
  0.03277698  0.21262705  0.03740543  0.02821247  0.01751772  0.09915653
 -0.10406653 -0.0321923  -0.1592118  -0.06647512 -0.01750308 -0.00283569
  0.06703293  0.08675641 -0.21471022  0.13727841  0.00131004  0.01903217
 -0.05561757  0.03315765 -0.03933434 -0.01606463  0.11889897 -0.2194355
  0.162709    0.23000346 -0.01031683  0.06515618  0.06736805 -0.00238349
 -0.01145517  0.04968291 -0.12357637 -0.03385742  0.04080523 -0.09661045
  0.08565942  0.01445228]