[-0.12825368  0.07874306  0.08890266 -0.11398762 -0.12339801 -0.05369733
 -0.07895263 -0.13685742  0.11324871 -0.15621598  0.16140021 -0.0380172
 -0.20472398 -0.06041351 -0.04290541  0.23245065 -0.1285654  -0.21280883
 -0.0597507  -0.01031278  0.01661749 -0.01644221  0.0117768   0.02805633
 -0.15954192 -0.2907581  -0.06750438 -0.01485319 -0.00859634 -0.02998498
 -0.09625672  0.04543183 -0.21403518 -0.04433331  0.04910987  0.11421406
 -0.02780913 -0.09545932  0.15881981  0.00785037 -0.28263721  0.02301947
  0.05429446  0.21919107  0.21662436  0.02171691  0.05592206 -0.18217127
  0.16709556 -0.1901736   0.00906954  0.13760999  0.03094879  0.04027136
 -0.0035732  -0.14588933  0.06806815  0.0953078  -0.13076679 -0.03066138
  0.09778794 -0.01084812 -0.02558545 -0.132561    0.21960528  0.07638448
 -0.13410318 -0.18729122  0.15848801 -0.12446325 -0.05789426  0.03160806
 -0.15970154 -0.15033937 -0.28810889 -0.05747892  0.33679986  0.11457141
 -0.1535701   0.08424932 -0.05974081  0.01530008  0.08075027  0.14873794
 -0.02870001  0.06216213 -0.03070601  0.0077145   0.27223155 -0.05882075
  0.00075122  0.19092344  0.01851616  0.06961259  0.00882666  0.04814389
 -0.11459229  0.0599911  -0.12280887  0.00570078  0.01830557 -0.01788578
  0.04407236  0.15919629 -0.15693347  0.17684132 -0.02187592  0.10468309
  0.01095418  0.02453199 -0.07240545 -0.08536612  0.07090608 -0.17608798
  0.18406463  0.20186003  0.03368421  0.04909039  0.17037335  0.06318336
  0.00903276  0.05437556 -0.20700796 -0.02932664  0.09953239 -0.0869311
  0.10692936  0.05321711]