[-0.18755896  0.13842408  0.06194007 -0.0329412  -0.16414692 -0.01627843
 -0.06455696 -0.15689422  0.10188343 -0.03513275  0.22268859 -0.02927657
 -0.1975619  -0.06621668  0.03719107  0.19784115 -0.17309931 -0.14725293
 -0.07969125 -0.07109714  0.00566823  0.00276278  0.02464116  0.06842159
 -0.17273271 -0.34242672 -0.05954501 -0.10598987  0.00920681 -0.08938752
 -0.05173477  0.05496239 -0.15675171 -0.0542344   0.04104546  0.09039351
  0.00780518 -0.02377529  0.18194593  0.03781436 -0.22478464  0.02954363
  0.11014514  0.30599529  0.26912591 -0.01181582  0.06194366 -0.02956078
  0.13049893 -0.2372169   0.00204605  0.10562264  0.09886948  0.01239043
  0.08011498 -0.14276649 -0.01951425  0.08193375 -0.2000896   0.03194246
  0.10087536 -0.0542474  -0.06960079 -0.0679023   0.20522125  0.15440452
 -0.10196733 -0.11259115  0.09345147 -0.11581954 -0.06361367  0.05227936
 -0.1770913  -0.17859171 -0.32645687 -0.02141419  0.42332917  0.11186321
 -0.2198061   0.0042111  -0.01128894 -0.00408778  0.0906515   0.07244093
 -0.04098817  0.02911027 -0.07822575  0.07569248  0.19778268 -0.0210823
  0.01392692  0.21187878  0.03544451  0.00279336  0.04193526  0.10346939
 -0.07643133 -0.05358281 -0.16014753 -0.05585196 -0.01548802 -0.04108294
  0.05991182  0.06386113 -0.21196978  0.14540394  0.02606943  0.01840434
 -0.1044436  -0.00348314 -0.04379066  0.02943842  0.13974202 -0.21690345
  0.14551064  0.21284345 -0.06780088  0.09704863  0.03651333 -0.00521693
 -0.04563146  0.01952875 -0.07108883 -0.06131904  0.02762975 -0.0650144
  0.09051322  0.03351141]