[-0.13254891  0.13667636  0.03848666 -0.06867013 -0.12016489  0.00565084
  0.03158394 -0.11965892  0.18362378 -0.01365521  0.18632796 -0.00665532
 -0.19752765 -0.06015002  0.08027306  0.19990698 -0.2021673  -0.13209179
 -0.13637641 -0.0537926  -0.02271177  0.00849337  0.01406808  0.13716318
 -0.17185906 -0.33458507 -0.0569027  -0.11158176  0.03016972 -0.07431235
  0.00173502  0.07344613 -0.19190684 -0.04819987  0.04894944  0.04123468
 -0.06762459 -0.09866658  0.17445987  0.03146319 -0.22106099  0.00410357
  0.07567566  0.27276251  0.30092487 -0.01248413  0.05847185 -0.03426395
  0.16732197 -0.28369406  0.00071483  0.11105497  0.00118284  0.01980871
  0.09500512 -0.14137156 -0.01328678  0.10051403 -0.2385911   0.03468855
  0.08078764 -0.0847931  -0.08401977 -0.05889495  0.18325195  0.15651534
 -0.11302596 -0.12045977  0.16254325 -0.15216646  0.00050667  0.06990447
 -0.1505059  -0.20160304 -0.2747283   0.01348023  0.44504294  0.14212207
 -0.17394903  0.00247168 -0.04420871  0.02992137  0.10070355  0.09078854
 -0.02906712 -0.05617054 -0.07718858  0.07906442  0.20796736  0.00608479
  0.00879848  0.27106518  0.01463454 -0.07433781  0.02058397  0.0599878
 -0.08654223 -0.03469428 -0.15817648 -0.04332101  0.01883666 -0.00080978
  0.04989684  0.08913592 -0.16608977  0.15241401  0.02938922  0.02381968
 -0.04814387 -0.03831787 -0.10014464  0.00075029  0.13301592 -0.21486223
  0.16543363  0.13622214 -0.06193284  0.08445587  0.00078735  0.03875073
 -0.02262409 -0.02621466 -0.09900066 -0.03758744  0.08545631 -0.04197461
  0.07776055 -0.01966545]