[-0.14509942  0.09810217  0.02552059 -0.08838812 -0.12417773 -0.02707872
  0.01378473 -0.10033069  0.15405224 -0.03072633  0.23207211  0.01585763
 -0.17897555 -0.0762056   0.03678334  0.19380932 -0.24713396 -0.11981576
 -0.08619031 -0.02050743  0.00183505 -0.01007043  0.02513668  0.09447119
 -0.1478069  -0.34947157 -0.06216451 -0.09109126  0.00969554 -0.05192186
  0.00396998  0.09469783 -0.18871951 -0.05049032  0.0395355   0.08449712
 -0.02630999 -0.06312986  0.18403088  0.04172092 -0.21049035  0.02707723
  0.09168162  0.31217191  0.29238293 -0.02638778  0.04903509 -0.02723882
  0.16924365 -0.28351617 -0.03445026  0.10742178  0.01709466  0.01351708
  0.09811008 -0.12020542  0.01600111  0.08596571 -0.22657871 -0.00379019
  0.04157441 -0.03663165 -0.04114212 -0.07299094  0.18378678  0.12740718
 -0.11429071 -0.11936047  0.13606133 -0.13484441 -0.04073501  0.05192768
 -0.1740173  -0.20864952 -0.30990562 -0.01289122  0.39943072  0.13278683
 -0.16922371  0.0438038  -0.01972886 -0.0181103   0.12280895  0.09260395
  0.00175716  0.01571607 -0.10194637  0.0858776   0.20610681 -0.01803426
 -0.00166721  0.24653256  0.0195068  -0.02909811  0.03890686  0.08409327
 -0.06232959  0.00105142 -0.22475958 -0.01252496  0.00880753 -0.0132765
  0.02908937  0.07647035 -0.16588263  0.11371765  0.03181647  0.01429417
 -0.09805306 -0.05610592 -0.09672599  0.02833965  0.10768732 -0.22675908
  0.18524876  0.18284467 -0.06531361  0.08898382  0.02854807 -0.02835005
 -0.03546265 -0.02679421 -0.09469436 -0.04691672  0.04043622 -0.02800259
  0.08148808 -0.01155804]