[-0.14797835  0.13510065  0.03534585 -0.06266819 -0.10811688 -0.04422824
 -0.03927157 -0.15692851  0.16186738 -0.04877578  0.23879528 -0.02887879
 -0.16900824 -0.05617106  0.02186411  0.20710532 -0.20064889 -0.11618624
 -0.12018782 -0.04142616  0.02258082 -0.02014538  0.03808624  0.10417626
 -0.1360573  -0.35473716 -0.07001257 -0.07727703  0.02042543 -0.04776664
 -0.03424056  0.05582985 -0.20532019 -0.08187025  0.03435866  0.07110555
 -0.0017294  -0.06508342  0.17358293  0.02510265 -0.23519929  0.0294995
  0.10416432  0.26180837  0.26107845  0.02359167  0.07244528 -0.08063557
  0.12148676 -0.23831098  0.00784808  0.11597319  0.025771    0.01864445
  0.08480688 -0.13575681 -0.03646947  0.10724118 -0.13368945  0.00686463
  0.06659243 -0.02978609 -0.05308393 -0.09929814  0.23010688  0.15873821
 -0.11211752 -0.0968646   0.13462581 -0.10387961 -0.07080187  0.02356248
 -0.16739994 -0.17453776 -0.34773776 -0.0152643   0.42815867  0.10280886
 -0.20013273  0.02493094 -0.07315361  0.01708347  0.09325569  0.10700002
 -0.01650536  0.01382022 -0.06244047  0.04816299  0.23544259 -0.02153925
  0.00725601  0.23371533  0.005719   -0.0254911   0.00809025  0.08708799
 -0.09111594 -0.047073   -0.18595515 -0.06858244  0.02692451  0.01701932
  0.02768231  0.11008929 -0.22689746  0.08961973  0.03356681  0.00814568
 -0.01860113  0.02605955 -0.05164792 -0.04056874  0.10986587 -0.1932545
  0.17432855  0.20043254 -0.04857667  0.09767029  0.05257808  0.0474346
 -0.02314202  0.01496651 -0.08501373 -0.05664266  0.05454513 -0.00179135
  0.06464835  0.0133129 ]