[-0.11121787  0.06215966  0.07851928 -0.09010575 -0.13566953 -0.05722886
 -0.07044812 -0.12022463  0.09882435 -0.15308617  0.16007376 -0.05708135
 -0.21175194 -0.03165067 -0.0195875   0.23767701 -0.11400646 -0.19274043
 -0.09423321  0.00406037  0.00481678 -0.0143268   0.00628825  0.04305501
 -0.11548598 -0.2974093  -0.06783324 -0.01474605  0.00536917 -0.03903861
 -0.11698621  0.04795326 -0.20273779 -0.06588574  0.06513619  0.0988877
 -0.03908543 -0.09354024  0.16209935  0.00181835 -0.27761227  0.03414918
  0.04301875  0.21638258  0.2233841   0.04313023  0.06228833 -0.18458545
  0.15609054 -0.20409723  0.0052079   0.11784556  0.04372474  0.03434263
 -0.00939364 -0.1596674   0.05341381  0.09971946 -0.12515368 -0.0250609
  0.09525068 -0.00774366 -0.03496788 -0.12732807  0.25022817  0.07701356
 -0.13594966 -0.19309728  0.15512006 -0.13355301 -0.05455368  0.02854751
 -0.15147264 -0.14122829 -0.27182978 -0.06397402  0.34680659  0.09356793
 -0.18225932  0.08233885 -0.07661611  0.01886646  0.07812305  0.1402051
 -0.02936709  0.05110097 -0.03772603 -0.01286413  0.27623951 -0.07429229
  0.01533816  0.19522846  0.02760717  0.05922307  0.02470768  0.03427186
 -0.10930263  0.03140262 -0.13137051 -0.02514842  0.02178131 -0.01890139
  0.03885021  0.15529406 -0.17073075  0.1867107  -0.03965599  0.11092363
  0.03273094  0.02116315 -0.07469287 -0.09143079  0.08548167 -0.18208313
  0.16164325  0.1942182   0.03058999  0.04099816  0.15585588  0.07517656
  0.00806046  0.07146784 -0.22677517 -0.0247904   0.11767026 -0.073066
  0.09028492  0.04758888]