[-0.19773713  0.1327821   0.05879009 -0.0351126  -0.16091827 -0.01487326
 -0.06077458 -0.15309544  0.11700002 -0.04342909  0.2133631  -0.01839304
 -0.19589841 -0.07455246  0.03674636  0.19240069 -0.16994989 -0.16028315
 -0.0730382  -0.0621998   0.01186547 -0.01502377  0.01821722  0.07530634
 -0.18372385 -0.34668487 -0.05781364 -0.10396203 -0.00848095 -0.09324943
 -0.05139711  0.05436061 -0.15936401 -0.05551697  0.04037268  0.1137709
  0.01146589 -0.02562932  0.18047519  0.02224156 -0.23559363  0.01600161
  0.11985303  0.29437205  0.25384912 -0.0237962   0.06572887 -0.02871045
  0.14543866 -0.23188975  0.00066455  0.09587716  0.10980022  0.0134952
  0.09965536 -0.14620174 -0.01314231  0.08092092 -0.17777999  0.02199383
  0.08993012 -0.06067433 -0.06527426 -0.07048148  0.20538807  0.15106745
 -0.09359305 -0.12341221  0.09016884 -0.11744022 -0.06710691  0.06200305
 -0.16438885 -0.17450964 -0.32944945 -0.0259323   0.41913563  0.11015832
 -0.2203425   0.01579608 -0.00939811 -0.00805412  0.0903412   0.08005115
 -0.04050411  0.05445013 -0.08368664  0.0714942   0.21201661 -0.01273307
  0.0185153   0.19376066  0.03701192  0.01657104  0.04666093  0.08430959
 -0.0766298  -0.04140443 -0.15930037 -0.0425908  -0.01345353 -0.03649857
  0.05462696  0.05292795 -0.21324849  0.12604125  0.02579286  0.01757187
 -0.10615019  0.00317758 -0.057194    0.02802901  0.1305559  -0.23372853
  0.14434274  0.20456116 -0.07248771  0.0978009   0.04274658 -0.00846314
 -0.03825632  0.02199852 -0.06882828 -0.05381104  0.03787744 -0.07380902
  0.0903407   0.02518861]