[-0.12168517  0.07163421  0.09005661 -0.07446339 -0.17062365 -0.04356314
 -0.07637881 -0.11118218  0.11970418 -0.14514518  0.120078   -0.05891609
 -0.19348121 -0.05450326 -0.02694175  0.23252013 -0.12123733 -0.21557155
 -0.06621724 -0.02649495  0.02556991  0.02311928  0.03068274  0.03671382
 -0.17404349 -0.34833673 -0.06340824 -0.0227638   0.02133696 -0.04922529
 -0.09317656  0.0685439  -0.20370312 -0.05454012  0.05653918  0.11057893
 -0.01308298 -0.08313947  0.1669106  -0.03633696 -0.31392333  0.02583313
  0.07727756  0.21755765  0.21715954  0.02863732  0.04656676 -0.15067755
  0.14056034 -0.1771917   0.02015912  0.11719444  0.01974119  0.03629053
  0.00302712 -0.13234937  0.05191967  0.07293058 -0.16184787 -0.05991643
  0.0829465  -0.05329245 -0.01584231 -0.11848463  0.21538103  0.04694466
 -0.07582805 -0.20932885  0.17107475 -0.17976111 -0.03795702  0.04167686
 -0.12991312 -0.12492585 -0.31313026 -0.06639185  0.36449334  0.13500042
 -0.14305624  0.13254504 -0.02983723  0.00169402  0.06554127  0.14621694
 -0.03460399  0.09577703 -0.03637728  0.04125506  0.24997917 -0.06117962
  0.00480943  0.19338919  0.06379048  0.06870443  0.05984433  0.02615469
 -0.10712049  0.0373251  -0.1284408   0.00929413  0.0205999   0.00183005
  0.07401726  0.15067045 -0.15683666  0.2027771  -0.03201391  0.07240768
 -0.00111091  0.05513262 -0.05774236 -0.11001539  0.08543278 -0.19338565
  0.13567983  0.1845046   0.02749924  0.09852181  0.12823373  0.08268901
 -0.00190743  0.05825582 -0.20049827 -0.018974    0.11738274 -0.10491528
  0.12647513  0.09527188]