[-0.11828253  0.09249756  0.09185096 -0.09465739 -0.17158957 -0.04733342
 -0.07087539 -0.11405268  0.09999003 -0.1411005   0.16826688 -0.06939439
 -0.19881105 -0.04823114 -0.03822126  0.24159329 -0.13044472 -0.20656101
 -0.05707276  0.00238273  0.01513757  0.00335996  0.00893466  0.03086473
 -0.13543797 -0.34571061 -0.06236404 -0.00270824  0.01414992 -0.04894402
 -0.10219576  0.05420786 -0.21593724 -0.05156961  0.05954878  0.11462335
 -0.01902094 -0.08983208  0.1493049  -0.00238005 -0.29108331  0.03573256
  0.05855044  0.23767152  0.21724296  0.0432519   0.06130969 -0.17328623
  0.15429108 -0.18778373  0.00565397  0.11526064  0.0172924   0.02275512
 -0.01304308 -0.14057282  0.04839363  0.08653621 -0.13760751 -0.04045189
  0.09529296 -0.01214653 -0.01669223 -0.13706209  0.24510978  0.04572458
 -0.11078528 -0.2057073   0.16059276 -0.15459919 -0.05775123  0.02860302
 -0.1342444  -0.13403893 -0.29920357 -0.05475143  0.35058165  0.10947277
 -0.16392416  0.09862512 -0.04825758  0.00589727  0.07745777  0.15352225
 -0.02189707  0.08449814 -0.06247176  0.00946784  0.29057598 -0.07440834
  0.01987441  0.21975939  0.03490837  0.0746231   0.02641792  0.03688664
 -0.11404707  0.05692972 -0.1283071  -0.00597127  0.02510173 -0.01506934
  0.0390617   0.16854601 -0.18260729  0.18842342 -0.04656269  0.10326618
  0.00754299  0.01562357 -0.0603799  -0.09678719  0.08575466 -0.19415681
  0.15056634  0.20537412  0.04319927  0.06321346  0.15598702  0.05270081
  0.01794311  0.0462244  -0.21985149 -0.02186731  0.10198759 -0.1067206
  0.09055288  0.07175081]