[-0.10574809  0.05569388  0.05191853 -0.08391209 -0.12504701 -0.03227424
 -0.00801007 -0.0679519   0.16113721 -0.06090401  0.14981651  0.01504331
 -0.25884908 -0.0850271   0.00838214  0.1165715  -0.09672286 -0.09817342
 -0.17207757 -0.14716078 -0.05465245  0.09388911  0.01475389  0.00911569
 -0.08696539 -0.25305834 -0.06534035 -0.09025182  0.08527704 -0.13783617
 -0.01106847  0.08927032 -0.17584682 -0.11234543 -0.00292431  0.05759487
 -0.06796365 -0.12886946  0.18284872 -0.02140202 -0.17162332 -0.04974797
  0.06581926  0.25665307  0.20470576 -0.0562402   0.04243916 -0.02554086
  0.15629469 -0.298684    0.05503768  0.09992366  0.0665014   0.10566342
  0.07968993 -0.23197484  0.0085108   0.17917471 -0.15673016  0.10962912
  0.06431337 -0.11987261 -0.07455307 -0.06769773  0.17327495  0.08130891
 -0.11182149 -0.20721774  0.12304191 -0.16402288  0.00573778  0.15182786
 -0.08461849 -0.15819447 -0.23089786  0.10920816  0.3620815   0.16562749
 -0.1609367   0.00518457 -0.13598786 -0.04886485  0.02449338  0.04313314
 -0.01764129 -0.03199536 -0.11378137 -0.01595998  0.21535395 -0.02734677
 -0.01434089  0.24797828  0.03920389 -0.00963018 -0.00663018  0.07322744
 -0.15219662  0.01270866 -0.06667929  0.01900266  0.09898359 -0.17660443
  0.00239137  0.07162222 -0.13121292  0.24351704 -0.00760505  0.04941099
 -0.00159724 -0.07519629 -0.05691047 -0.00335238  0.20417944 -0.24781202
  0.21679445  0.16860308  0.03676353  0.19286479  0.06638756  0.11893304
  0.0067008  -0.01921945 -0.11668041 -0.09418573  0.03985265 -0.0387292
 -0.00855644  0.07431298]