[-9.40333828e-02  6.55441284e-02  7.57648572e-02 -2.87428945e-02
 -7.96840042e-02 -3.49415541e-02 -5.78911789e-02 -1.56146437e-01
  1.77259415e-01 -1.09579623e-01  2.21281037e-01 -1.18713729e-01
 -2.45984465e-01 -1.91117283e-02 -7.99188316e-02  2.16492876e-01
 -1.98343188e-01 -1.28486082e-01  6.71888590e-02  2.14187540e-02
  9.70584527e-02  1.54082775e-02 -8.98944121e-03  3.10380999e-02
 -7.78811201e-02 -3.40244800e-01 -1.11625992e-01 -7.09679350e-02
 -6.15027209e-04 -4.55116592e-02 -6.14821203e-02  8.52793530e-02
 -1.73865467e-01 -2.62244772e-02  3.62984911e-02  1.08982541e-01
 -2.10865047e-02 -1.04110889e-01  1.78795546e-01 -3.39200944e-02
 -2.47749597e-01  5.39652118e-03  6.81705698e-02  2.09763631e-01
  1.33957550e-01  2.89847199e-02 -3.98593536e-03 -1.71758607e-01
  4.92619798e-02 -1.53834268e-01 -4.05511148e-02  1.42988488e-01
  4.90375620e-04  3.56851369e-02  1.01020082e-03 -1.78978279e-01
  5.28237130e-03  5.61483912e-02 -1.34257838e-01 -5.88400057e-03
  1.05742291e-01 -1.06185272e-01  2.24259980e-02 -8.43430385e-02
  2.32991621e-01  2.49525309e-02 -1.15140751e-01 -1.47290930e-01
  9.56428051e-02 -1.31845519e-01 -5.24972863e-02  6.54257312e-02
 -1.42192513e-01 -2.15793759e-01 -2.91676372e-01  7.18948385e-03
  3.71547192e-01  4.98766266e-02 -1.17573120e-01  1.34704873e-01
  8.19006283e-03 -2.07215827e-02  1.57679245e-01  1.99176475e-01
  4.50578295e-02  5.56791387e-02 -8.42607617e-02  1.93300601e-02
  2.15802714e-01 -1.03820466e-01  1.65581908e-02  1.93713292e-01
 -9.18814465e-02  8.44820067e-02 -7.29848212e-03  5.23328558e-02
 -4.26580273e-02  7.42523894e-02 -1.17561877e-01  5.58269862e-03
  6.16429336e-02 -1.47766890e-02  1.42812133e-02  1.16534829e-01
 -1.49252146e-01  6.26699766e-03  8.49688440e-05 -6.70796772e-03
  2.21318528e-02 -4.57585156e-02 -1.00233451e-01 -4.28558253e-02
  1.41927540e-01 -2.79510319e-01  2.08056450e-01  1.61315680e-01
  1.14571378e-02  1.20725691e-01  1.08618356e-01  8.55924413e-02
  4.96736204e-04 -4.01343890e-02 -2.15685353e-01  1.07717225e-02
  1.04300618e-01  5.23867412e-03  7.45035335e-02 -1.59423407e-02]