[-0.1027713   0.05549996  0.09603407 -0.04362276 -0.07990506 -0.07617654
 -0.06030183 -0.16168481  0.14458488 -0.11752679  0.26031503 -0.1174519
 -0.20840843 -0.01170119 -0.09770233  0.23697554 -0.20879452 -0.10315391
  0.01120494  0.02342854  0.10408684 -0.00694312  0.00306179  0.02614883
 -0.04239893 -0.32597893 -0.11449087 -0.05610809  0.02354457 -0.04817682
 -0.08597689  0.03316986 -0.16938604 -0.03084934  0.03247791  0.09625056
 -0.03385752 -0.14459656  0.16423276 -0.03511006 -0.2462168   0.02330224
  0.06442717  0.19928202  0.15775424  0.03482303  0.01427011 -0.19005051
  0.06817739 -0.16301548 -0.02370582  0.10049295  0.00314751  0.04829495
  0.01307454 -0.17154415  0.0162831   0.08355013 -0.12430723  0.00100279
  0.10421496 -0.1014329   0.01674392 -0.10136472  0.23008338  0.05893296
 -0.12947588 -0.15209025  0.10154195 -0.120485   -0.05666548  0.05124449
 -0.13690588 -0.21443675 -0.29450488 -0.00231232  0.39459071  0.06730329
 -0.14515385  0.09383889 -0.00739836 -0.01288038  0.17760776  0.20876069
  0.05913189  0.0545205  -0.10559174 -0.00079538  0.22278439 -0.12491381
  0.0014112   0.20209078 -0.08014982  0.06781092 -0.02022384  0.06049976
 -0.05978751  0.07916924 -0.11890548 -0.00867969  0.05667841 -0.00373727
 -0.00776104  0.09679701 -0.12774664  0.01345913  0.00066412  0.0090356
  0.01426434 -0.06524586 -0.08394184 -0.04309143  0.11193808 -0.26056987
  0.21109875  0.19225541  0.04679636  0.12073775  0.11038039  0.07438764
  0.01965982 -0.03623245 -0.20442684  0.01277466  0.082545    0.02784031
  0.07485624 -0.00520835]