[-0.1233836   0.11929248  0.0852989  -0.07850903 -0.05991928 -0.03623569
 -0.02225661 -0.15809284  0.1579736  -0.10061145  0.23803857 -0.09377354
 -0.21493025 -0.03823204 -0.06035104  0.19720635 -0.23490921 -0.11525395
  0.06648528  0.01390958  0.15150218  0.00150045  0.0088806   0.07718768
 -0.13314551 -0.32505953 -0.12851849 -0.06508114  0.03500738 -0.03490766
 -0.04688165  0.09415547 -0.1839937  -0.0272937   0.04001452  0.12663276
  0.02357229 -0.12777179  0.17994736  0.00665443 -0.23940913  0.04498153
  0.06178548  0.24195699  0.17290996 -0.02262476  0.02482971 -0.13160102
  0.11420146 -0.18987353 -0.01785005  0.14686219  0.00954345  0.03408612
  0.00770905 -0.18304704  0.00855461  0.06635546 -0.16457516  0.00588568
  0.09032695 -0.1027424   0.05210468 -0.07628669  0.13117187  0.07835022
 -0.10090115 -0.18022685  0.13921702 -0.13001619 -0.0381017   0.0629156
 -0.18728594 -0.20106032 -0.284013    0.0380408   0.35896257  0.12032451
 -0.11562818  0.10636627 -0.01045236 -0.009049    0.11798221  0.19955145
  0.03388576  0.07024564 -0.08771529  0.0661222   0.22217825 -0.07201295
 -0.01121191  0.25868139 -0.06381099  0.07755753  0.01501764  0.04823836
 -0.08570015  0.05726522 -0.16676877  0.01076562  0.00784912 -0.0262021
  0.00430404  0.1670382  -0.1767849   0.03806364 -0.02774626 -0.02604609
 -0.06537908 -0.04860998 -0.10265052  0.00302082  0.1170333  -0.20755509
  0.19541556  0.19923912  0.0388284   0.10384299  0.13388334  0.03171098
  0.05197874 -0.0543633  -0.17237321 -0.00154435  0.10074456 -0.01464675
  0.05045161 -0.03593364]