[-0.07813821  0.09943245  0.05085148 -0.08474595 -0.08379278 -0.05782303
 -0.02034307 -0.13487159  0.17136441 -0.07368008  0.30097419 -0.07973716
 -0.20863855 -0.10266574 -0.07557913  0.24043858 -0.23597971 -0.12825309
 -0.03858141  0.05779953  0.1056023  -0.03607465  0.03153436  0.04485896
 -0.10835247 -0.37095556 -0.1183607  -0.0603626   0.03728464 -0.03505319
 -0.02661788  0.02546231 -0.20217414 -0.09614199  0.0557112   0.03880563
 -0.00658154 -0.14608125  0.17377232  0.00456525 -0.28032044  0.03918872
  0.06287903  0.23061228  0.1678776   0.03080386  0.08613461 -0.22824846
  0.16938135 -0.14675914 -0.01337317  0.12365889  0.04633635  0.03252364
 -0.00223909 -0.10991345  0.0364561   0.14305919 -0.15923981 -0.02342824
  0.09963063 -0.00900582  0.0216312  -0.14311934  0.17658566  0.03305922
 -0.12724273 -0.16908452  0.11956546 -0.11979866 -0.03910646  0.06603204
 -0.16499752 -0.20864442 -0.31992278 -0.05157981  0.40591866  0.07717409
 -0.15279868  0.05535629 -0.07079662  0.00765647  0.11831999  0.20357542
  0.02797695  0.07811009 -0.08166369 -0.0132522   0.27449036 -0.10940788
  0.01987053  0.25675905 -0.02308455  0.05960531 -0.00192837  0.03146526
 -0.09280196  0.072874   -0.09968027  0.00339648 -0.01329074  0.00357665
  0.01222521  0.0774212  -0.16443579  0.07747249  0.0125317   0.06793767
  0.02002616 -0.05038701 -0.04217518 -0.0925665   0.10099041 -0.21514641
  0.17088072  0.19018178  0.04904499  0.08951917  0.11222237  0.07837316
 -0.03017499 -0.02953699 -0.18054931  0.02278102  0.0902515  -0.03667988
  0.09047499 -0.05977768]