[-0.12429328  0.04560028  0.07671946 -0.07060759 -0.06402358 -0.05215815
 -0.06117424 -0.17037468  0.15075915 -0.13367778  0.24897924 -0.10713797
 -0.20983033 -0.05300149 -0.08822977  0.21900623 -0.20500754 -0.13568668
  0.04788989  0.00645725  0.08823229 -0.01951702 -0.0123921   0.02352163
 -0.09438784 -0.30568624 -0.13481663 -0.07886665 -0.02662461 -0.03219023
 -0.0739211   0.06495333 -0.17450468 -0.02402745  0.03126366  0.14237259
 -0.00415822 -0.1053161   0.18368934 -0.03717292 -0.22179817  0.01147574
  0.07166433  0.21649936  0.14582717  0.00753063 -0.00173978 -0.15160166
  0.07623979 -0.14211544 -0.03390459  0.11878117  0.03704897  0.04380046
 -0.00690283 -0.14603995  0.03862036  0.07554083 -0.12625754 -0.02769256
  0.09807076 -0.14966257 -0.00348612 -0.08208861  0.24102135  0.05541254
 -0.13441737 -0.15017222  0.11175179 -0.09911623 -0.06502218  0.04479005
 -0.16501836 -0.19746438 -0.31906152  0.0161509   0.37769982  0.06653645
 -0.14777309  0.1203621  -0.01271205 -0.00132396  0.16919297  0.20392075
  0.05035272  0.06995136 -0.10422482  0.02155553  0.21187532 -0.11434412
 -0.00419805  0.16016881 -0.07817362  0.10080154 -0.00756272  0.05182073
 -0.0332095   0.06546406 -0.11900325  0.03188998  0.05961103  0.00046811
 -0.00252356  0.11271101 -0.12786971  0.0067464   0.00707747 -0.01375822
 -0.01653689 -0.06686327 -0.08180814 -0.03757642  0.11086386 -0.2785967
  0.18728872  0.18222028  0.00548724  0.12939662  0.12827222  0.0698203
 -0.00602081 -0.0353786  -0.21980496 -0.00100331  0.09946217  0.03313435
  0.10430106 -0.00505354]