[-0.07657751  0.11273992  0.05216965 -0.08452075 -0.08724419 -0.07453083
 -0.02250863 -0.14482263  0.17414761 -0.07403276  0.30962431 -0.07370652
 -0.2118285  -0.11136787 -0.06670775  0.23652844 -0.23619421 -0.12462487
 -0.03883828  0.06543053  0.11430901 -0.0395248   0.03875865  0.05395764
 -0.10211001 -0.38272604 -0.12585907 -0.0641989   0.03420959 -0.03675376
 -0.02686383  0.01712177 -0.20001805 -0.10469475  0.0501397   0.0363989
 -0.0071402  -0.14031635  0.16972031  0.00545296 -0.28652716  0.03053425
  0.05539403  0.22879963  0.17974181  0.03809769  0.09579168 -0.22592905
  0.16776104 -0.13270801 -0.01111659  0.11714804  0.05766111  0.02395678
  0.0086338  -0.11198398  0.02521496  0.15108256 -0.1684843  -0.03119572
  0.09943958 -0.01633578  0.021265   -0.14875449  0.17550679  0.03220173
 -0.1260889  -0.1652981   0.12014834 -0.12932374 -0.04293311  0.0672714
 -0.16691539 -0.2101713  -0.32552156 -0.05739135  0.40567952  0.07975786
 -0.15085939  0.045439   -0.0695098   0.00431051  0.1149495   0.19774441
  0.03487251  0.07755949 -0.08673704 -0.01704397  0.26520741 -0.11307064
  0.02451537  0.25290084 -0.0348897   0.05947884 -0.00797261  0.0233268
 -0.09951276  0.08414479 -0.09374159  0.00449008 -0.02680595  0.00122637
  0.0110806   0.0633939  -0.16449028  0.06803849  0.01441909  0.06789965
  0.00866081 -0.05595255 -0.05074871 -0.09674116  0.10428478 -0.21843486
  0.17623523  0.19521135  0.03908131  0.09437728  0.10189446  0.07832005
 -0.03321752 -0.03926572 -0.18093358  0.02461649  0.0945745  -0.04008818
  0.10074034 -0.06778245]