[-1.26170546e-01  5.01337238e-02  8.41946229e-02 -4.89880405e-02
 -7.74261132e-02 -7.28763714e-02 -6.78314716e-02 -1.71877995e-01
  1.46318331e-01 -1.23547852e-01  2.56154269e-01 -1.09317675e-01
 -1.96766302e-01 -2.67572384e-02 -1.00531928e-01  2.37289146e-01
 -2.00648472e-01 -1.20776512e-01  2.46519130e-02  1.41812488e-02
  1.00581467e-01 -2.00587194e-02 -3.82775487e-03  2.73308642e-02
 -3.91920581e-02 -3.13855767e-01 -1.21879779e-01 -5.97263873e-02
  1.69146061e-02 -4.31387983e-02 -7.16412067e-02  3.38454135e-02
 -1.73796728e-01 -3.53000723e-02  3.17797251e-02  1.19109131e-01
 -5.74717624e-03 -1.37441859e-01  1.69270143e-01 -4.54197004e-02
 -2.40008742e-01  2.44259350e-02  7.83064142e-02  2.00210616e-01
  1.54602915e-01  2.72964966e-02  3.46985692e-03 -1.87618658e-01
  7.85053819e-02 -1.46960601e-01 -2.62069982e-02  9.13150311e-02
  2.71379445e-02  3.82637940e-02  8.07936210e-03 -1.66197419e-01
  3.49914283e-02  8.26177821e-02 -1.26446053e-01 -8.05398822e-03
  1.01633362e-01 -1.11535423e-01  2.21706070e-02 -9.56754982e-02
  2.40443140e-01  5.80899827e-02 -1.26872092e-01 -1.49463847e-01
  1.04113124e-01 -1.12789743e-01 -5.77122457e-02  4.83547114e-02
 -1.37465909e-01 -2.04961568e-01 -3.08952421e-01 -2.04238298e-04
  4.00705665e-01  6.93673864e-02 -1.55661568e-01  1.08075075e-01
 -6.52000075e-03 -1.39212552e-02  1.76843584e-01  2.13791922e-01
  5.66173159e-02  5.11411987e-02 -1.12317123e-01 -1.58088189e-02
  2.29785278e-01 -1.06531672e-01 -1.24889670e-03  1.85903817e-01
 -7.61638805e-02  8.03161040e-02 -1.56378131e-02  6.15813434e-02
 -5.70689626e-02  6.93914071e-02 -1.20620266e-01 -9.42956191e-03
  3.49008255e-02  1.30767829e-03 -7.70275155e-03  9.70216617e-02
 -1.31011933e-01  4.55006119e-03  1.91495661e-03  7.09777325e-03
 -3.14246654e-03 -5.76748252e-02 -7.14278743e-02 -3.87469940e-02
  1.06726207e-01 -2.59851336e-01  2.00953647e-01  1.85953364e-01
  3.96436937e-02  1.31371126e-01  1.24777950e-01  8.15444887e-02
  1.39776319e-02 -3.38139944e-02 -2.01685116e-01  1.07178530e-02
  7.83517733e-02  1.89044047e-02  9.40083414e-02  8.32923222e-03]