[-0.10972317  0.12888879  0.05132193 -0.07826675 -0.09100278 -0.05284781
 -0.00200053 -0.13419765  0.18243162 -0.07597872  0.30597305 -0.10362331
 -0.22749999 -0.09367561 -0.06517123  0.26706591 -0.25812569 -0.11365124
 -0.03512356  0.0517104   0.11765581 -0.04410731  0.03404923  0.09510525
 -0.09483793 -0.34893808 -0.12273744 -0.07998487  0.03597633 -0.0626269
 -0.02595414  0.01742271 -0.18765779 -0.06621329  0.03460455  0.00529944
 -0.02175033 -0.1347658   0.15269764 -0.02155224 -0.29749295  0.03534324
  0.09356035  0.22697893  0.18237804  0.04239255  0.03624987 -0.19311593
  0.11812832 -0.15107501 -0.03275289  0.13469858  0.03254096  0.01382026
  0.03090972 -0.13692552  0.0092813   0.12068684 -0.14034307 -0.03939806
  0.08972549 -0.02263445  0.00414755 -0.14451982  0.17326438  0.04580494
 -0.13892969 -0.16969721  0.11840117 -0.12992857 -0.03648816  0.07930744
 -0.16961974 -0.21849778 -0.30320707 -0.05548793  0.37286159  0.07471747
 -0.1445915   0.0709988  -0.05133375  0.01441091  0.09620003  0.20745145
  0.03334503  0.04349267 -0.08983251 -0.02036021  0.21299548 -0.12592994
  0.05475136  0.25814256 -0.03960276  0.00797725 -0.03265207  0.01093117
 -0.09741216  0.06598587 -0.11407709 -0.01335596 -0.02399105  0.00680825
 -0.01995316  0.05964947 -0.18337886  0.04709069  0.04147091  0.03834284
 -0.01097104 -0.03966969 -0.06792667 -0.05969486  0.1005854  -0.2286853
  0.19921474  0.19709079  0.0426179   0.07225768  0.10957281  0.07354594
 -0.02161057 -0.03665923 -0.16742766  0.01728512  0.11000558 -0.07754277
  0.06611954 -0.0756985 ]