[-1.04819797e-01  9.53492448e-02  3.66352573e-02 -8.36428478e-02
 -6.40838295e-02 -6.26105294e-02 -3.07827387e-02 -1.18438713e-01
  2.01295048e-01 -8.22658911e-02  2.81331599e-01 -9.31717977e-02
 -2.48177335e-01 -8.30543563e-02 -7.71567151e-02  2.58295774e-01
 -2.13947162e-01 -1.11614347e-01 -1.92578863e-02  4.02704030e-02
  1.24116138e-01 -1.09378640e-02  6.38338178e-02  7.78882727e-02
 -1.29160210e-01 -3.82918030e-01 -1.23381667e-01 -6.58341125e-02
  7.71844247e-03 -3.14326398e-02 -1.35582341e-02  4.75154705e-02
 -2.09317327e-01 -9.02423188e-02  5.11852019e-02  7.14162141e-02
  1.37493014e-02 -1.39469191e-01  1.63661256e-01  2.47806864e-04
 -2.97417939e-01  1.52024506e-02  6.87761977e-02  2.30074719e-01
  1.35924846e-01  3.64864506e-02  7.26542026e-02 -2.06311628e-01
  1.22868888e-01 -1.55697122e-01 -9.36983433e-03  1.20801762e-01
  4.42193029e-03  3.31659503e-02 -2.47693504e-03 -1.25447914e-01
  3.80383506e-02  1.66109785e-01 -1.71617135e-01 -5.18941581e-02
  8.67605135e-02  5.43531915e-03  3.89800258e-02 -1.33236289e-01
  1.81029826e-01  4.06872667e-02 -1.48960158e-01 -1.41776532e-01
  1.07295454e-01 -1.25395894e-01 -4.90850944e-04  9.41613913e-02
 -1.72087654e-01 -2.32092902e-01 -3.19767624e-01 -3.25927325e-02
  4.04131174e-01  7.64305517e-02 -1.12937152e-01  5.96758835e-02
 -5.51191755e-02  2.90823891e-03  1.02664255e-01  2.04539463e-01
  5.26677333e-02  7.08632544e-02 -6.34444505e-02  7.83570483e-03
  2.53113121e-01 -9.18450728e-02  1.81190353e-02  2.57403791e-01
 -3.13837267e-02  5.19672036e-02 -2.20486503e-02  6.76033497e-02
 -1.01858594e-01  6.38551489e-02 -9.75058600e-02  2.46246587e-02
 -3.34331393e-02  1.38053866e-02 -1.09620076e-02  6.80252686e-02
 -1.71573222e-01  7.08176270e-02  2.72927936e-02  2.42827535e-02
  2.56465864e-03 -2.07439121e-02 -4.74404581e-02 -9.07814652e-02
  9.75715965e-02 -2.29297444e-01  1.73788413e-01  2.01533556e-01
  4.13580760e-02  1.19965330e-01  9.09475610e-02  8.72284696e-02
 -2.03045234e-02 -4.34100889e-02 -1.81615815e-01  1.01954890e-02
  1.09784998e-01 -4.96014468e-02  9.25218314e-02 -6.81771189e-02]