[-0.14974669  0.04338116  0.11310367 -0.05227685 -0.09170504 -0.05734661
 -0.08772299 -0.16026524  0.11823522 -0.09514836  0.22286849 -0.11837435
 -0.23894575 -0.01052195 -0.05902943  0.22353867 -0.16237007 -0.1251411
  0.02806168  0.01634691  0.05726528 -0.00844115  0.00557512  0.02278484
 -0.09832627 -0.35212553 -0.16106619 -0.06485885 -0.04694644 -0.02115016
 -0.07350465  0.06769203 -0.16611294 -0.0231377   0.0432887   0.12838486
 -0.00171626 -0.12826361  0.14434361 -0.05879403 -0.251748    0.02948993
  0.10044115  0.20959841  0.17043148  0.04209585  0.0253204  -0.12769876
  0.05041518 -0.14220843 -0.01694627  0.10371556  0.01569204  0.02619332
  0.02015445 -0.15771618  0.02250941  0.08929761 -0.13322535 -0.03388588
  0.07477908 -0.1093092   0.01300203 -0.09375137  0.24813198  0.08760791
 -0.13085806 -0.13102515  0.10910024 -0.11579191 -0.02687692  0.04023234
 -0.19339012 -0.20811446 -0.31095624  0.01326242  0.35907951  0.044749
 -0.14691623  0.12701224  0.01590805  0.01682377  0.13114451  0.19460526
  0.0415652   0.05964695 -0.08913317  0.0129575   0.241262   -0.1154863
  0.02084969  0.18365039 -0.07299664  0.03929688  0.01055016  0.07176273
 -0.03662015  0.01967901 -0.11871671  0.01010192  0.06338894 -0.00866293
 -0.00830358  0.10149267 -0.1613235   0.00277237  0.0035323  -0.00668947
 -0.01508491 -0.06370642 -0.06055524 -0.04468196  0.12674439 -0.27466795
  0.17867056  0.18321516 -0.02953689  0.1303615   0.09147151  0.07928183
 -0.0126631  -0.0144234  -0.17438416 -0.01026139  0.1152429   0.02175314
  0.09461383  0.01176826]