[-0.09079313  0.12360775  0.05306705 -0.08035874 -0.0804114  -0.05648651
 -0.03488394 -0.11894816  0.1672781  -0.05897546  0.31472293 -0.08049157
 -0.21390288 -0.0984624  -0.05867365  0.25512412 -0.26913249 -0.1057471
 -0.00640581  0.06494435  0.1384387  -0.02190862  0.03121885  0.06560455
 -0.12320961 -0.38054463 -0.11937894 -0.07309347  0.02945299 -0.04149177
 -0.03449132 -0.00289169 -0.19893511 -0.08194741  0.05039146  0.02994417
 -0.020614   -0.16252178  0.16441964  0.00786817 -0.27346581  0.01950634
  0.06564678  0.21242841  0.1593758   0.01271895  0.08930189 -0.2040749
  0.14388001 -0.15566379 -0.02130418  0.12919629  0.01462615  0.04833297
 -0.01369059 -0.12106891  0.011155    0.15962331 -0.18279685 -0.0136273
  0.09931064 -0.01953569  0.03425786 -0.13784407  0.17309479  0.06164285
 -0.13604353 -0.1854057   0.1131865  -0.11252006 -0.02935039  0.06776031
 -0.16122492 -0.23265024 -0.29696855 -0.04074646  0.39671013  0.07883553
 -0.12774001  0.04543513 -0.08231022 -0.02246947  0.09854285  0.19438657
  0.06185299  0.07561962 -0.08780428  0.01291397  0.26067829 -0.10796463
  0.04309699  0.27799803 -0.04472893  0.05997449 -0.00843055  0.04497329
 -0.1129389   0.08649286 -0.08255363  0.00786808 -0.04294143 -0.01579042
  0.01700952  0.07367279 -0.14242505  0.07476764  0.0219424   0.05979468
 -0.00727735 -0.04543837 -0.06007815 -0.08675454  0.10312112 -0.20460287
  0.19366285  0.17885783  0.06424481  0.10326228  0.09779772  0.08259884
 -0.03141934 -0.05927726 -0.1863407   0.04387465  0.07613772 -0.03704909
  0.08648967 -0.06275048]