[-0.10473216  0.0916137   0.04184509 -0.09315443 -0.0548389  -0.07083473
 -0.02573592 -0.11277957  0.18924515 -0.09344821  0.29427594 -0.08343463
 -0.21591698 -0.09037797 -0.07107998  0.25279599 -0.21618629 -0.10474968
 -0.01785568  0.05790274  0.11444073 -0.04637773  0.03910043  0.07088152
 -0.1261065  -0.35924387 -0.12937035 -0.0711688  -0.01820219 -0.02905889
 -0.01523966  0.02416554 -0.21477519 -0.0825166   0.04070212  0.04281486
  0.0189861  -0.14297722  0.17231368  0.01350952 -0.28367347  0.00730873
  0.04515401  0.22703026  0.1598983   0.01081324  0.05925944 -0.18510413
  0.13074529 -0.13984676 -0.01194535  0.10200107  0.02749415  0.02443093
 -0.00315632 -0.09962039  0.0365231   0.15484157 -0.15538339 -0.06545405
  0.07847394 -0.00730639  0.0220452  -0.13981283  0.20676057  0.05882648
 -0.14738588 -0.14933984  0.1440566  -0.09760138 -0.00421024  0.06626618
 -0.17410442 -0.21722846 -0.29683021 -0.02574255  0.38758585  0.08692116
 -0.15330081  0.0509236  -0.09627619  0.00731148  0.10473233  0.19691224
  0.07245275  0.07443433 -0.04929024 -0.01402225  0.25721845 -0.09177419
  0.00845408  0.25379524 -0.04777372  0.0289076  -0.01512798  0.00735425
 -0.08219873  0.06820364 -0.09757201  0.01456727 -0.03040492  0.00269559
 -0.0091394   0.09248248 -0.17939466  0.05741403  0.03174678  0.04097627
  0.01641279 -0.00832705 -0.06109358 -0.10020366  0.09013968 -0.22378592
  0.18065575  0.17240843  0.03957217  0.0978398   0.09348216  0.09216427
 -0.01852846 -0.03275739 -0.18578975  0.01897806  0.10825461 -0.03275792
  0.1041963  -0.06411748]