[-0.14008321  0.12334307  0.03123427 -0.07152828 -0.09043948 -0.04441264
 -0.004803   -0.13649334  0.18219298 -0.08935398  0.27475196 -0.09799526
 -0.2151392  -0.11543417 -0.07314838  0.25944456 -0.26276872 -0.13118391
 -0.01928446  0.00600105  0.11062375 -0.02207698  0.00514056  0.07628966
 -0.1061845  -0.32533139 -0.10171123 -0.07319371  0.00660595 -0.07248483
 -0.00714146  0.07238211 -0.19083381 -0.06779574  0.02714119  0.05246788
 -0.0113354  -0.0967709   0.14099035 -0.04473858 -0.25029922  0.01987979
  0.11387543  0.2438377   0.18416491  0.03120396  0.00412968 -0.1718868
  0.12813431 -0.13191496 -0.06098757  0.12849362  0.01803243  0.02474445
  0.03388648 -0.14393805  0.02234659  0.08555225 -0.12467957 -0.0454235
  0.08050796 -0.07851344 -0.01585945 -0.14950299  0.16897789  0.0272303
 -0.1022236  -0.18540876  0.13065872 -0.13673881 -0.05635189  0.07717467
 -0.15332791 -0.19573005 -0.3075397  -0.05558879  0.35509363  0.0760647
 -0.1387019   0.10371234  0.01454643 -0.00173812  0.12224441  0.21222854
  0.02571101  0.05631942 -0.09475817 -0.00804492  0.20478459 -0.08618587
  0.02842006  0.2180624  -0.03965127  0.01877643  0.01068354 -0.00987836
 -0.08141964  0.07553355 -0.12845507 -0.00196991 -0.00684245 -0.02691185
 -0.02362274  0.05901246 -0.12405033  0.06045936  0.02492348  0.06358977
 -0.04694431 -0.04305726 -0.06868922 -0.02345259  0.11174338 -0.21560219
  0.19752896  0.16894133  0.01158754  0.09970871  0.11009832  0.10648923
 -0.04542815 -0.00845058 -0.18140173  0.00350998  0.10475429 -0.0832664
  0.09950501 -0.05311808]