[-0.10123303  0.11665453  0.04692711 -0.09637795 -0.07636492 -0.07140516
 -0.02776226 -0.13512276  0.18690202 -0.06170583  0.30040208 -0.08815518
 -0.2325801  -0.08483287 -0.05638986  0.24872704 -0.25603759 -0.09786658
 -0.0186091   0.04016082  0.11532835 -0.02172376  0.07083942  0.06694004
 -0.12913054 -0.39766088 -0.12262962 -0.08793917  0.01460434 -0.01335628
 -0.01556724  0.02447938 -0.1879748  -0.09231783  0.06249994  0.05550104
 -0.01817638 -0.14559245  0.14977761 -0.02920908 -0.2955904   0.01845588
  0.09431406  0.22325726  0.14960004  0.02973981  0.09009543 -0.21208785
  0.14469777 -0.14559536  0.00810021  0.09449551  0.01715432  0.03143325
  0.02428891 -0.11035484  0.02404434  0.1790093  -0.15175547 -0.03138575
  0.11424364 -0.00693436  0.02377693 -0.1393761   0.19560529  0.05412291
 -0.14878009 -0.15394264  0.11529972 -0.10408018 -0.03365872  0.09183297
 -0.175008   -0.2246934  -0.31443438 -0.0297687   0.41336456  0.06805003
 -0.12074703  0.03249028 -0.06095858  0.01688088  0.11559483  0.21285927
  0.05060126  0.0556408  -0.08514953  0.00051956  0.26548636 -0.11793244
  0.0155493   0.25754222 -0.02710354  0.0631908  -0.02811253  0.05173651
 -0.11592485  0.07410856 -0.12118039  0.0034301  -0.01162818  0.02675836
 -0.01743067  0.08211174 -0.15965997  0.06011155  0.03582811  0.03853193
  0.02307083 -0.03076291 -0.03327228 -0.10610169  0.09004536 -0.22016759
  0.17622872  0.19442241  0.06999462  0.10509838  0.08173754  0.05913226
 -0.01005976 -0.04794521 -0.19655347  0.03239901  0.11383777 -0.03944534
  0.0714999  -0.07090148]