[-1.52831957e-01  4.32016961e-02  1.21866517e-01 -4.89310957e-02
 -8.89846310e-02 -5.79808652e-02 -7.89556950e-02 -1.56061575e-01
  1.13289349e-01 -8.78871456e-02  2.22435340e-01 -1.23765387e-01
 -2.36881450e-01  3.05648078e-03 -6.39103055e-02  2.19604596e-01
 -1.48738101e-01 -1.22206569e-01  2.49942299e-02  1.25282183e-02
  5.75884096e-02 -8.75758659e-03 -6.33000443e-03  2.91816182e-02
 -8.66014361e-02 -3.39233369e-01 -1.66462287e-01 -7.30308294e-02
 -4.13578898e-02 -2.50362195e-02 -6.93214461e-02  5.52379079e-02
 -1.70291498e-01 -3.12163178e-02  3.70888822e-02  1.15440287e-01
  3.66306840e-03 -1.34409890e-01  1.49720117e-01 -5.67719340e-02
 -2.43321136e-01  2.45287754e-02  1.01105712e-01  2.03619704e-01
  1.57596797e-01  4.60725091e-02  1.93592068e-02 -1.16525210e-01
  5.35730384e-02 -1.54784903e-01 -8.81120097e-03  1.01058125e-01
  2.04633232e-02  3.61924283e-02  2.01618727e-02 -1.59490094e-01
  3.17409448e-02  8.45550075e-02 -1.38917491e-01 -2.35322956e-02
  6.72371909e-02 -9.78004485e-02  1.91663392e-02 -8.49064514e-02
  2.43337557e-01  8.78608823e-02 -1.25061482e-01 -1.18712619e-01
  1.08678080e-01 -1.17557600e-01 -2.00891551e-02  4.31837551e-02
 -1.90730736e-01 -2.04370126e-01 -3.11458737e-01  2.56304629e-02
  3.74184459e-01  4.97314520e-02 -1.46571502e-01  1.19481586e-01
  1.00916177e-02  9.87470057e-03  1.27239972e-01  1.84882089e-01
  4.05135676e-02  5.60742989e-02 -8.40007961e-02  1.28607666e-02
  2.39059716e-01 -1.07954733e-01  2.01713890e-02  1.91703066e-01
 -7.39931092e-02  4.22250032e-02  7.65715912e-03  8.25648233e-02
 -2.85305437e-02  6.32501859e-03 -1.04993187e-01  1.60209704e-02
  6.43810853e-02 -2.98108091e-03 -1.41109889e-02  1.05983041e-01
 -1.71250388e-01 -1.20473932e-03  2.03230607e-04 -1.17014926e-02
 -2.43580174e-02 -5.77844568e-02 -5.99798262e-02 -4.07047607e-02
  1.29290655e-01 -2.66932636e-01  1.70438275e-01  1.82561368e-01
 -4.54973839e-02  1.21625878e-01  8.18161219e-02  7.26828203e-02
 -8.13119859e-03 -2.40216702e-02 -1.72106788e-01 -1.78743750e-02
  1.18490152e-01  2.02141795e-02  8.17734748e-02  1.47316037e-02]