[-0.14270262  0.10500701  0.04908868 -0.11979717 -0.06278334 -0.08941521
  0.02515926 -0.16615449  0.16032557 -0.08450031  0.27652442 -0.10011093
 -0.21015589 -0.11189003 -0.06230423  0.23676184 -0.23261514 -0.13662671
 -0.01500457  0.058469    0.13495676 -0.05118398 -0.00513774  0.08448953
 -0.08714743 -0.35375604 -0.14776361 -0.05973104  0.01674777 -0.04524953
  0.00385484  0.05687094 -0.18663517 -0.05889841  0.03757918  0.06894034
  0.0123488  -0.14242715  0.13820873 -0.01468069 -0.28698844  0.02366637
  0.10305106  0.24434546  0.18051913 -0.02287885  0.0488246  -0.17255704
  0.14239703 -0.14829151 -0.05864511  0.11558937  0.07074606  0.04779539
 -0.01525315 -0.14357702  0.04574982  0.10018932 -0.18262507 -0.04405459
  0.09588044 -0.05630363 -0.01333441 -0.11156323  0.15921311  0.06198953
 -0.15904258 -0.17633878  0.1446002  -0.14365415 -0.01310799  0.04569163
 -0.19646004 -0.21112274 -0.2794365  -0.03462729  0.3488684   0.09727069
 -0.1555063   0.07495617 -0.10258392  0.04751097  0.07904155  0.20965333
  0.04982223  0.0866701  -0.09102252 -0.00563468  0.2125961  -0.10541753
  0.04133229  0.27585706 -0.01704514  0.05169101 -0.02095726  0.0121699
 -0.08221294  0.06003837 -0.1215319   0.00909315 -0.05369128 -0.01146739
  0.00278673  0.09723736 -0.17841294  0.10679705  0.05139689  0.07355269
 -0.02129127 -0.0442644  -0.02949601 -0.07339685  0.07189988 -0.20828812
  0.172139    0.21334019  0.05116089  0.0930286   0.10717418  0.06476442
  0.00111942 -0.0537703  -0.17198853  0.04809296  0.0882596  -0.05418294
  0.03006126 -0.06206838]