[-0.11945783  0.05077437  0.08755985 -0.03910583 -0.07068557 -0.07993774
 -0.05947591 -0.16781574  0.13862945 -0.11111627  0.26003966 -0.10438082
 -0.20576167 -0.03291621 -0.08801805  0.22923303 -0.20830475 -0.11394691
  0.02092001  0.01288993  0.09775964 -0.00929869  0.01193296  0.02239742
 -0.04794495 -0.32249489 -0.12276244 -0.0742848   0.02231047 -0.0411198
 -0.08239784  0.02312616 -0.1671382  -0.03436341  0.03670166  0.10947851
 -0.01324626 -0.14165924  0.17288671 -0.0434285  -0.23822081  0.01249466
  0.07219199  0.20598781  0.16460188  0.02868224  0.00593827 -0.18279611
  0.07287183 -0.15387993 -0.02013088  0.09452567  0.00968001  0.04353287
  0.00724846 -0.16548172  0.02819965  0.07942144 -0.13066165 -0.01227978
  0.10167696 -0.10881491  0.01840258 -0.09321564  0.24345039  0.06246397
 -0.1322369  -0.14702402  0.09422309 -0.12943986 -0.05679956  0.04615877
 -0.14078881 -0.20303683 -0.30470192 -0.00836608  0.39772269  0.06606536
 -0.15422444  0.09984061 -0.01458657 -0.0134714   0.18764041  0.21265493
  0.05926345  0.05960006 -0.11854098 -0.01266548  0.22871529 -0.11679397
 -0.00086702  0.19099376 -0.08106191  0.08137894 -0.00413602  0.06404334
 -0.05788181  0.06657829 -0.11706759 -0.00643698  0.04412593 -0.0047092
 -0.00651991  0.09634302 -0.12782472  0.0087739   0.00631778  0.00940978
  0.00718343 -0.07513508 -0.07051688 -0.04463775  0.11119504 -0.2586672
  0.20635605  0.18765961  0.03291758  0.13282833  0.11004722  0.07895135
 -0.00106774 -0.0335653  -0.20695448  0.01740685  0.07283343  0.02349901
  0.09288134 -0.00188048]