[-1.02938175e-01  7.67179653e-02  6.99929819e-02 -4.46736813e-02
 -7.43597671e-02 -2.04588473e-02 -7.03639612e-02 -1.57877624e-01
  1.67029485e-01 -1.04398191e-01  2.35564098e-01 -1.24063924e-01
 -2.47671947e-01 -3.37653421e-02 -8.69187638e-02  2.20966563e-01
 -1.99570537e-01 -1.54493123e-01  5.22643104e-02  1.80678442e-02
  9.22550783e-02  4.88097779e-04 -1.74147785e-02  3.51320244e-02
 -9.96468216e-02 -3.41804713e-01 -1.00071326e-01 -7.01214448e-02
 -7.92606547e-03 -3.74126732e-02 -7.32189044e-02  8.95249248e-02
 -1.97956055e-01 -4.16310243e-02  4.73132953e-02  1.25198662e-01
  6.12377888e-03 -9.51711610e-02  1.85107231e-01 -1.94935333e-02
 -2.44421750e-01  1.27414865e-02  6.24160133e-02  2.20390633e-01
  1.37679666e-01  2.51601823e-02 -2.94882664e-03 -1.56678885e-01
  6.26876280e-02 -1.66667268e-01 -2.81269979e-02  1.56968564e-01
  3.17315310e-02  3.76330130e-02 -7.58875534e-03 -1.58246621e-01
  3.14072403e-03  6.57796487e-02 -1.28931105e-01 -1.13802170e-02
  9.79335234e-02 -1.14615850e-01  1.87033340e-02 -1.12158537e-01
  2.26033911e-01  3.34416218e-02 -1.14584640e-01 -1.48600802e-01
  9.62299630e-02 -1.04301192e-01 -5.97194545e-02  6.43239245e-02
 -1.48569271e-01 -2.02742457e-01 -3.03557962e-01  1.13691324e-02
  3.72260064e-01  5.85870743e-02 -1.48027837e-01  1.25574142e-01
 -1.09626062e-03 -2.07955483e-02  1.44561574e-01  1.83141217e-01
  5.57552353e-02  6.61119521e-02 -7.66468868e-02  2.01072246e-02
  2.35920697e-01 -1.01848520e-01  5.97177958e-03  1.88029766e-01
 -9.78575423e-02  8.69362727e-02 -2.11526087e-04  5.90455532e-02
 -3.66443396e-02  6.00581951e-02 -1.16798818e-01  7.63771916e-03
  5.20558432e-02 -1.05628744e-03  5.84114157e-03  1.08682834e-01
 -1.50592148e-01  1.14347436e-03 -6.40611583e-03 -3.65635171e-03
  1.12384744e-02 -4.62436788e-02 -8.82559940e-02 -4.77116071e-02
  1.43088832e-01 -2.76619732e-01  2.06381321e-01  1.68239281e-01
 -3.31644691e-03  1.11977659e-01  1.14505410e-01  7.23194480e-02
  1.79932720e-03 -3.58285680e-02 -2.05064684e-01 -2.29306649e-02
  1.15485124e-01  8.02421849e-03  8.50317702e-02 -1.95258316e-02]