[-0.1151448   0.1362849   0.0468202  -0.05776788 -0.05875166 -0.03940363
  0.0010837  -0.15738818  0.16781068 -0.08618271  0.30590025 -0.09967882
 -0.24022989 -0.12946753 -0.07209208  0.23978817 -0.24137349 -0.13038425
 -0.04153637  0.03061224  0.08203623 -0.0177447   0.06673344  0.06898911
 -0.09466268 -0.36855575 -0.093296   -0.08687659 -0.02548775 -0.0649799
 -0.01678752  0.06544347 -0.17144196 -0.03785049  0.00861757  0.01444923
 -0.01621151 -0.10489235  0.18093446 -0.01461603 -0.27094516  0.01549349
  0.07126812  0.26790181  0.20731556 -0.00229055  0.02487262 -0.17611282
  0.11692281 -0.11373974 -0.02417203  0.15398088  0.02156948  0.02132818
 -0.00044092 -0.12428627  0.00085758  0.0852471  -0.10027874 -0.06890729
  0.08455893 -0.03688253 -0.01930585 -0.11943698  0.1851847   0.05241051
 -0.11975604 -0.18468444  0.11969123 -0.12835503 -0.05327208  0.07486325
 -0.21207933 -0.2032948  -0.26996401 -0.04339654  0.34443781  0.04460338
 -0.16618912  0.06432886 -0.05025523  0.01307993  0.12079223  0.23091392
  0.034263    0.05770454 -0.09510075 -0.02019816  0.20713325 -0.10336991
 -0.0240321   0.24906586 -0.02655369 -0.00350672  0.03228486 -0.0138007
 -0.05621566  0.08671098 -0.14351572 -0.01113188 -0.00866971 -0.01367054
 -0.04178642  0.05679098 -0.14618246  0.082882    0.04901927  0.08616894
  0.01957411 -0.05058419 -0.05270913 -0.07435743  0.1114886  -0.20689435
  0.18557695  0.15659796  0.05787678  0.09948657  0.10122252  0.11325717
 -0.03453917  0.00682238 -0.17763589  0.02929454  0.11109745 -0.02908713
  0.08379555 -0.05856348]