[-1.36048526e-01  1.42126039e-01  5.70022240e-02 -1.20058179e-01
 -2.29001995e-02 -9.46564525e-02 -5.91310449e-02 -9.74888131e-02
  8.49310160e-02  9.89234541e-03  2.34406859e-01 -6.59670234e-02
 -2.08785340e-01 -1.76574409e-01 -5.09862676e-02  1.68236047e-01
 -2.32060149e-01 -1.17374197e-01 -1.18585145e-02 -4.91660349e-02
  1.15115382e-01  1.14201184e-03 -3.70326266e-02  6.69310391e-02
 -1.41494855e-01 -2.98962891e-01 -6.29421026e-02 -9.20782313e-02
 -5.60042039e-02 -3.39032263e-02  2.09531793e-03  7.83881694e-02
 -1.88437298e-01 -4.36767936e-02  4.52522375e-02  1.04378976e-01
  4.47537787e-02 -1.49741592e-02  1.31550312e-01  1.72584280e-02
 -1.56067312e-01  4.47411127e-02  7.93174654e-02  2.66939461e-01
  2.18323618e-01  6.65844902e-02  4.98930225e-03 -4.72508185e-02
  1.34771898e-01 -1.86222032e-01  2.54518911e-03  1.56224117e-01
  7.74754658e-02  3.12458333e-02  6.30181879e-02 -1.52768016e-01
  8.74808466e-04  9.94509831e-02 -1.94714576e-01 -1.91733353e-02
 -2.69535072e-02 -1.24447644e-01 -2.16844454e-02 -1.08442150e-01
  1.90897033e-01  9.23355892e-02 -1.43385798e-01 -1.11476861e-01
  1.47527784e-01 -9.15330276e-02 -8.50298926e-02  3.95181589e-02
 -1.47740677e-01 -1.25083700e-01 -3.36125344e-01  5.89912795e-02
  3.76017630e-01  9.00998041e-02 -2.05344558e-01  4.64393720e-02
 -2.51205694e-02 -2.16545723e-02  9.46060121e-02  9.92553905e-02
 -4.67245542e-02  2.70080697e-02 -8.27100724e-02  1.32238464e-02
  1.75850376e-01 -2.31959336e-02 -3.52103487e-02  1.87680244e-01
 -5.37935272e-02  8.87093917e-02 -6.03608927e-03 -1.05205551e-02
 -5.45378327e-02  4.73693646e-02 -1.01866260e-01  8.77308752e-03
  3.31766866e-02 -6.67689964e-02 -6.22415310e-03  1.16578393e-01
 -1.43042922e-01  2.05823891e-02  4.17028256e-02  5.71467541e-03
 -9.90083143e-02  2.10002791e-02 -7.47703239e-02 -1.81166008e-02
  9.27003250e-02 -2.41645843e-01  2.54046708e-01  1.97910711e-01
  4.47750557e-03  1.02499776e-01  8.70408416e-02  1.24235665e-02
  3.22412699e-04 -5.08571751e-02 -1.06414378e-01 -6.47733659e-02
  1.06926516e-01 -7.44045386e-03  1.15472272e-01 -3.12498887e-03]