[-0.07225733  0.06036464  0.08789169 -0.08516885 -0.10690548 -0.0282758
 -0.09004093 -0.10406993  0.08026811 -0.14212933  0.21045451 -0.0670989
 -0.22708061 -0.05724111 -0.04356664  0.22046793 -0.16130726 -0.14064313
 -0.0303269   0.00395556  0.01444568  0.01928637  0.03780911  0.03300158
 -0.1334109  -0.3209188  -0.09924995 -0.02742273 -0.05941294 -0.06035794
 -0.0765411   0.09226314 -0.12717985  0.0084108   0.06564245  0.1151763
 -0.00046765 -0.11975601  0.19851235  0.02579146 -0.25031817  0.00081246
  0.05732142  0.25841889  0.20119785  0.0027661   0.01836042 -0.12095622
  0.16071405 -0.2131352  -0.00710814  0.12533037  0.00593989  0.01206852
 -0.00208362 -0.10103368  0.06918889  0.11196204 -0.13721317 -0.07072373
  0.07969162 -0.12209817 -0.00389729 -0.1098445   0.21042965  0.08165892
 -0.1260169  -0.15375078  0.11405734 -0.12726025 -0.06889112  0.02921037
 -0.17422138 -0.15823196 -0.31034172 -0.02183699  0.35787225  0.13071461
 -0.13802171  0.08390464  0.00255381  0.0014423   0.1212647   0.19131008
 -0.03453474  0.06043471 -0.07784676  0.0399476   0.24360417 -0.08022775
 -0.00820161  0.20102982 -0.00899122  0.09958615  0.04463257  0.00945995
 -0.0639531   0.03409035 -0.13982616  0.04296319  0.0297221  -0.02835625
  0.03661643  0.14491674 -0.150401    0.09407865 -0.03160521  0.01519692
  0.02023139 -0.03078577 -0.07461493 -0.07366228  0.09795158 -0.20614861
  0.09260028  0.176937    0.0526322   0.09185522  0.15333478  0.07600399
 -0.02425207 -0.00122675 -0.19859229 -0.00909912  0.11812428 -0.01235742
  0.11213338 -0.00297904]