[-1.70928508e-01  1.74950734e-01  7.69870579e-02 -7.97384232e-02
 -3.07625663e-02 -9.96362194e-02 -5.99707440e-02 -9.18455794e-02
  6.84686303e-02  2.22201645e-02  2.40177751e-01 -9.66621786e-02
 -2.20884517e-01 -1.51822180e-01 -8.85771886e-02  1.67105481e-01
 -2.08432347e-01 -1.08672678e-01 -1.27227632e-02 -2.96463873e-02
  1.58779547e-01  5.83130727e-03 -2.58453432e-02  3.87442224e-02
 -1.43319234e-01 -3.04235756e-01 -5.29711358e-02 -1.07353799e-01
 -5.99167049e-02 -4.85738590e-02 -2.70329620e-04  5.55021763e-02
 -1.88449189e-01 -6.06077202e-02  3.56246829e-02  8.88645947e-02
  4.03864682e-02 -8.65453482e-03  1.24021009e-01 -1.07297469e-02
 -1.55842602e-01  5.80129214e-02  1.17129765e-01  2.71279782e-01
  2.26953492e-01  8.06099102e-02  9.23648197e-03 -7.00479895e-02
  1.05578974e-01 -1.89800069e-01 -7.59494537e-03  1.41388401e-01
  9.29996595e-02  4.17037345e-02  8.21891353e-02 -1.46712050e-01
 -8.02973192e-03  8.34311470e-02 -1.82995364e-01  2.20446885e-02
  9.75101162e-03 -5.60316741e-02 -2.59076413e-02 -9.91602838e-02
  2.04720423e-01  8.77155513e-02 -1.64925396e-01 -7.80234411e-02
  1.50420442e-01 -1.15726724e-01 -7.92087242e-02  3.95099111e-02
 -1.28121838e-01 -1.49574548e-01 -3.10866505e-01  3.64388190e-02
  3.59673023e-01  8.96136463e-02 -2.26305231e-01  2.71126665e-02
 -8.76525696e-03 -2.34424253e-03  1.04310431e-01  9.95111838e-02
 -5.80064766e-02  3.76934335e-02 -7.93575570e-02 -6.88508560e-04
  1.96954533e-01 -1.41649097e-02 -2.88188253e-02  2.25292370e-01
 -2.88602170e-02  6.09411672e-02  7.58684520e-03  2.69489433e-03
 -4.69971411e-02  1.31182717e-02 -1.32302597e-01  8.14917590e-03
  1.48722669e-02 -8.91333893e-02 -3.35892700e-02  1.10240713e-01
 -1.25238106e-01 -4.96377645e-04  3.06825936e-02  3.09510734e-02
 -1.12678401e-01  1.93461608e-02 -8.68351460e-02 -6.70983456e-04
  9.73743945e-02 -2.14205429e-01  2.44661644e-01  1.87171027e-01
 -3.42431176e-03  7.58908466e-02  1.16899125e-01  8.07865709e-03
  3.17183398e-02 -3.71839069e-02 -1.01345442e-01 -7.57589415e-02
  9.45150182e-02 -3.58869582e-02  1.08049981e-01 -4.00454411e-03]