[-5.42954467e-02  8.06906894e-02  7.07092807e-02 -6.05562404e-02
 -8.91621485e-02  3.47297266e-03 -9.69216079e-02 -1.11881971e-01
  1.04561761e-01 -1.57642826e-01  2.44802341e-01 -6.97706267e-02
 -2.43331537e-01 -6.23429120e-02 -2.46624295e-02  2.23564819e-01
 -1.29106939e-01 -1.52994141e-01 -9.60217416e-03  3.46380956e-02
  5.70555218e-02 -2.32217498e-02  1.78821813e-02  5.04205823e-02
 -1.31448850e-01 -3.32049459e-01 -1.11059725e-01 -1.06496206e-02
 -6.91901967e-02 -7.52670169e-02 -9.50759500e-02  6.69891983e-02
 -1.41266689e-01 -6.58767158e-03  5.31955771e-02  1.13375880e-01
 -2.83974048e-04 -1.14076354e-01  2.06042930e-01  1.95664726e-02
 -2.37211704e-01  2.15697736e-02  5.07827364e-02  2.34583363e-01
  1.52437046e-01  3.15538757e-02  3.40467431e-02 -1.49882734e-01
  1.36513829e-01 -1.94446877e-01  3.27001698e-02  1.29755333e-01
  6.05968498e-02  1.39417173e-02 -3.60795925e-03 -1.47988617e-01
  4.06221710e-02  1.04382113e-01 -1.22402430e-01 -3.39393504e-02
  4.88456003e-02 -7.47966394e-02 -8.75144731e-03 -1.08181395e-01
  2.05680609e-01  9.85289142e-02 -1.17260955e-01 -1.48040146e-01
  1.19099095e-01 -9.18796584e-02 -7.15773255e-02  2.18116399e-02
 -1.82445273e-01 -2.04050884e-01 -3.03668678e-01 -8.78402684e-03
  3.63239974e-01  1.27249703e-01 -2.02328667e-01  7.21389428e-02
  1.19612766e-02 -5.22909546e-03  1.19952731e-01  1.84348524e-01
 -2.16055047e-02  5.10417409e-02 -8.83304477e-02  4.24056575e-02
  2.46914819e-01 -8.50243047e-02 -1.42056439e-02  2.10079864e-01
 -6.22324785e-03  1.14419363e-01  3.79915051e-02  1.98912062e-02
 -5.71174510e-02  4.17313278e-02 -1.61635831e-01  1.18737377e-03
  3.75232659e-02 -7.52910925e-03  1.19535550e-02  1.41752288e-01
 -1.72377631e-01  8.15315619e-02 -8.41277186e-03  4.07610601e-03
  2.42443774e-02  1.56035600e-02 -1.12781107e-01 -8.50825310e-02
  1.01884007e-01 -2.08281159e-01  1.00823574e-01  1.78963795e-01
  4.58284989e-02  9.64563414e-02  1.72694907e-01  9.92480069e-02
  2.01938432e-02 -1.89654715e-02 -2.14053303e-01 -1.06838085e-02
  1.24154769e-01  7.88015220e-03  1.02726541e-01  3.71268927e-03]