[-0.11329971  0.07742559  0.07459012 -0.07720347 -0.08614598 -0.00627182
 -0.05255354 -0.14250231  0.14223802 -0.16506569  0.2424529  -0.04537014
 -0.22098394 -0.09519907 -0.01058688  0.19485147 -0.12916584 -0.17121714
 -0.05130463 -0.02264361  0.05216611  0.01399185  0.05176663  0.10050589
 -0.17761311 -0.33277857 -0.0948211  -0.02206114 -0.03979055 -0.07699869
 -0.06889235  0.09147657 -0.14520371 -0.00449324  0.0188006   0.1264727
 -0.00181532 -0.09213069  0.19032149  0.01023582 -0.24844001  0.01189804
  0.05649979  0.28202078  0.24728794 -0.00481435  0.01836928 -0.11480203
  0.16614453 -0.21731548  0.05203744  0.12718466  0.02264406 -0.01786157
  0.08637025 -0.12505743 -0.02083552  0.13373971 -0.09872129 -0.01192589
  0.0350299  -0.07999119 -0.01522048 -0.1451896   0.15934308  0.07958332
 -0.12784174 -0.11791565  0.15967533 -0.11216275 -0.06632666  0.05658715
 -0.19908141 -0.19380374 -0.33476645  0.01939273  0.39213368  0.1444964
 -0.17056258  0.07789943  0.03770184  0.02335462  0.10241766  0.16919284
 -0.03770208  0.02545263 -0.10005169  0.06351035  0.20488122 -0.01355442
 -0.03393459  0.24119659 -0.01622568  0.04568147  0.06643229  0.05962325
 -0.09400781  0.01891062 -0.20006426 -0.00646926  0.0491174  -0.02391134
  0.02321162  0.14160269 -0.1435722   0.10728766 -0.01245762  0.03543476
  0.01270407  0.01425185 -0.11871445 -0.05334767  0.09716552 -0.19863765
  0.07694934  0.14809927  0.04037471  0.1109908   0.14318788  0.09263295
 -0.00377107  0.00908405 -0.16783059 -0.01839315  0.11245032 -0.01578271
  0.11701856  0.02720901]