[-0.11779413  0.14685594  0.07517087 -0.0831944  -0.02344036 -0.04789779
 -0.02863179 -0.09661134  0.11579486 -0.016682    0.27697387 -0.05609326
 -0.21555929 -0.17351691 -0.00158508  0.15810935 -0.21002184 -0.10516834
 -0.01815872 -0.05839126  0.13321349 -0.01158644  0.00736897  0.0574472
 -0.12487719 -0.32318696 -0.10380733 -0.12544873  0.01435829 -0.08512113
 -0.01621017  0.08093344 -0.16545293 -0.06456862  0.00570269  0.03128762
  0.02920301 -0.01851338  0.13748631 -0.0175541  -0.13453786  0.05221818
  0.06327986  0.26039216  0.21201853  0.04847129  0.00317053  0.00877878
  0.09179693 -0.16675855  0.00497825  0.12750085  0.11573128  0.01949402
  0.08013002 -0.16015957 -0.05315873  0.07170756 -0.18241243  0.05338128
 -0.01708354 -0.10320383 -0.06408983 -0.1016954   0.16787843  0.11941095
 -0.11854056 -0.14698744  0.1592609  -0.08974228 -0.06201553  0.03506762
 -0.19628875 -0.13007703 -0.25897965  0.03006892  0.30062136  0.06845881
 -0.22780557  0.046825   -0.01561085  0.00754893  0.04856176  0.06009012
 -0.05051145  0.04941899 -0.08180162  0.01320505  0.14146523 -0.03553751
 -0.04429115  0.24683814 -0.072019    0.07482446  0.03235347 -0.044174
 -0.02352857  0.00500351 -0.16549312 -0.01364254  0.02203472 -0.10452064
 -0.03824438  0.07856417 -0.13280885  0.03932785  0.03558676  0.06086756
 -0.10199988  0.03750705 -0.14550643  0.01200669  0.15029959 -0.20958929
  0.253988    0.20657837  0.02257412  0.06511474  0.10417574  0.003726
  0.01922641 -0.03561694 -0.12902194 -0.04910728  0.11855455 -0.05641896
  0.06471675  0.001969  ]