[-0.14919014  0.193271    0.06059438 -0.03500437 -0.02093275 -0.04653167
 -0.02310416 -0.10609471  0.12797605  0.01681694  0.26376882 -0.05070728
 -0.24053016 -0.13934824 -0.04705742  0.15966924 -0.21032675 -0.0933721
 -0.0225686  -0.07510443  0.11661329  0.00266577 -0.01960883  0.07974193
 -0.12071464 -0.25481144 -0.07985938 -0.12412508 -0.01178472 -0.07435407
 -0.04990552  0.0575089  -0.16918199 -0.0609639   0.00912051 -0.00899701
  0.03018506 -0.00394159  0.13296078 -0.04238997 -0.08803377  0.00276198
  0.09586977  0.25092638  0.20391634  0.06380051 -0.01932906 -0.03840635
  0.08209943 -0.15828907  0.00823408  0.15179925  0.11187949  0.04970547
  0.05084898 -0.21771638 -0.04616905  0.05723081 -0.14687769  0.03399806
 -0.03905614 -0.08463176 -0.07956102 -0.06733536  0.18387611  0.1170149
 -0.09092074 -0.1519071   0.16390054 -0.10974529 -0.06889796  0.02672483
 -0.16256335 -0.14610492 -0.27836606  0.01042338  0.29132152  0.07768966
 -0.22363868  0.07377254 -0.04704803 -0.00449085  0.05743028  0.02767604
 -0.10119237  0.03548586 -0.10669906  0.01065936  0.15962498 -0.03285215
 -0.02935301  0.23506413 -0.03993348  0.03326444  0.03897338 -0.03812648
 -0.01520316  0.00899786 -0.14706948 -0.02219908  0.04707369 -0.09536112
 -0.03427548  0.08255062 -0.1860414   0.01248586  0.06656273  0.05293721
 -0.10322119  0.01053458 -0.15292405  0.01595507  0.16594665 -0.21212924
  0.2604942   0.16315317  0.01400217  0.09596875  0.08801717  0.02467551
  0.00731779 -0.05407451 -0.10482421 -0.04354976  0.13847682 -0.06588025
  0.07064868  0.02840193]