[-0.1088014   0.11768037  0.06959673 -0.07322734 -0.12544838 -0.01827531
 -0.05779016 -0.11916365  0.1081437  -0.14641054  0.22140463 -0.06122597
 -0.22588108 -0.06830376 -0.02118998  0.23302762 -0.15620846 -0.14310542
  0.00784617 -0.02881928  0.07087987  0.03453493  0.05532318  0.08788648
 -0.17581563 -0.3071942  -0.10191025 -0.00850443 -0.05220726 -0.10767806
 -0.04198135  0.11605471 -0.13893722  0.00360151  0.02867201  0.15734261
 -0.05582994 -0.12271363  0.19880861  0.01598942 -0.22726707 -0.01817357
  0.06482547  0.31542417  0.21288793 -0.01949604  0.00502153 -0.07339491
  0.13510697 -0.23993826  0.03167925  0.12637757 -0.03569685  0.01456245
  0.06178881 -0.09954455  0.03225346  0.1313971  -0.12053027 -0.05933952
  0.04969962 -0.12420099  0.03140566 -0.12453999  0.20571859  0.07791837
 -0.10026558 -0.1114089   0.13975571 -0.10945012 -0.09103329  0.04266505
 -0.18441747 -0.17628394 -0.34740743  0.01899264  0.34932607  0.1566069
 -0.11165094  0.09538501  0.07005731 -0.00253395  0.11417434  0.19785339
 -0.015584    0.04204326 -0.11651059  0.08999363  0.20508943 -0.06488948
 -0.04065843  0.24128531 -0.00644152  0.05150304  0.06732591  0.03097358
 -0.09407976  0.01545035 -0.18583024 -0.00756405  0.05931835 -0.02794157
  0.00780285  0.19565628 -0.12747645  0.0931695  -0.0247903   0.00930922
 -0.03341934 -0.0211171  -0.12947439 -0.0557052   0.08478479 -0.18334311
  0.0858015   0.15236346  0.00575973  0.09971871  0.14913099  0.07860299
 -0.01216131 -0.02140659 -0.16670343 -0.00461275  0.1367273   0.00579414
  0.11275347  0.02144813]