[-0.09353608  0.09710577  0.07954475 -0.06662545 -0.14116156 -0.02004648
 -0.06781383 -0.10941076  0.12152672 -0.12253243  0.1959015  -0.04504135
 -0.23074894 -0.05659822 -0.03427597  0.17506355 -0.12135531 -0.10976148
 -0.04447613 -0.01779517  0.06384816  0.03733016  0.09863373  0.05754907
 -0.09511007 -0.36422652 -0.10370698 -0.01564082 -0.03540802 -0.11344405
 -0.07213798  0.08650009 -0.13276643 -0.00881216  0.00457888  0.09510217
 -0.07615905 -0.10015877  0.21057566  0.01472556 -0.21441369 -0.04570848
  0.03164483  0.28061295  0.20930715  0.01167915  0.02000072 -0.10059024
  0.14292207 -0.25366804  0.07083911  0.14927873 -0.02953493 -0.01224448
  0.08511913 -0.07468867  0.01507128  0.14258055 -0.12533681  0.00467818
  0.05500005 -0.12215085 -0.0303294  -0.13222168  0.19711575  0.10189631
 -0.08914948 -0.10515308  0.12622844 -0.12353884 -0.07220306  0.03744473
 -0.17200501 -0.20200205 -0.33362824  0.0093207   0.4061265   0.16838901
 -0.12421715  0.05897668  0.00839605 -0.01849486  0.12213168  0.15837198
 -0.08217543  0.05458714 -0.12477024  0.09256779  0.19086799 -0.06696507
 -0.05151554  0.25551212  0.01389482  0.08202843  0.06183535  0.02507419
 -0.07142622 -0.01631772 -0.20939656 -0.01830154  0.07432762 -0.05903674
  0.00432234  0.14637062 -0.13603751  0.07816105 -0.01260033 -0.00389932
 -0.00102266 -0.05388097 -0.14162394 -0.08287766  0.10708373 -0.17850782
  0.06454749  0.1556171   0.06029293  0.12730055  0.12708297  0.07648768
 -0.00701702 -0.04429747 -0.14483699  0.0141846   0.1389147   0.05231947
  0.08709008  0.02844997]