[-0.10984874  0.14447103  0.06454097 -0.07226955 -0.03435002 -0.04591958
 -0.03882939 -0.08383945  0.12700777 -0.02566255  0.26060796 -0.04696094
 -0.21473601 -0.1728438   0.00247168  0.16678317 -0.19903009 -0.10302283
 -0.01632358 -0.07238549  0.14025006 -0.00173659  0.00435313  0.06415092
 -0.12791851 -0.3272725  -0.09346365 -0.12613867  0.00496668 -0.09444236
 -0.01721232  0.09355944 -0.15786059 -0.06897068  0.00603596  0.03957814
  0.03453527 -0.02321706  0.12876928 -0.01983657 -0.13132426  0.05640862
  0.0604899   0.25585341  0.21045478  0.03974531  0.00999696  0.00313786
  0.09829507 -0.15651725 -0.00774742  0.11922785  0.10950971  0.02689037
  0.07399315 -0.15852854 -0.04563966  0.07387034 -0.18873073  0.04228552
 -0.0173482  -0.11001437 -0.06476966 -0.09880289  0.16947018  0.11022439
 -0.10825603 -0.14967258  0.15131347 -0.09538779 -0.06183215  0.0354551
 -0.19623142 -0.13152002 -0.25403041  0.03769019  0.29627573  0.07812824
 -0.218642    0.05555924 -0.00735501  0.00955138  0.04701516  0.05764697
 -0.04474018  0.04082239 -0.07410123  0.02563647  0.14329448 -0.02966297
 -0.04206571  0.24321364 -0.06246777  0.07835401  0.03247411 -0.04785413
 -0.02673371  0.01555221 -0.15839373 -0.00977197  0.02175976 -0.10672709
 -0.02753254  0.0667365  -0.13016327  0.0414237   0.02792878  0.0625711
 -0.09874716  0.04523382 -0.15359671  0.01394029  0.15341358 -0.20484851
  0.25376639  0.20405124  0.03500421  0.07758855  0.10053144  0.01417249
  0.01577772 -0.04240703 -0.13126548 -0.04041791  0.12956542 -0.05609207
  0.06923154  0.00221319]