[-0.08382484  0.04984825  0.09105843 -0.06153305 -0.10319845 -0.03932907
 -0.07768827 -0.10958117  0.08543747 -0.14808019  0.21001028 -0.02762527
 -0.22272995 -0.06866274 -0.02202999  0.19676684 -0.12751007 -0.13069054
 -0.05864283 -0.01014165  0.0146002   0.02397644  0.05734399  0.02517674
 -0.12765871 -0.3499468  -0.11295966  0.00276564 -0.02846581 -0.04881539
 -0.09015602  0.09847297 -0.11537442  0.00930419  0.06213681  0.11672878
 -0.05621784 -0.09986673  0.22202049  0.0394348  -0.24977787 -0.00619365
  0.03406154  0.29082918  0.21809585 -0.00666377  0.0254453  -0.09962448
  0.1495723  -0.20436703  0.0334258   0.15712176  0.01779096 -0.00589012
  0.0566512  -0.10048955  0.01923867  0.13829941 -0.13024823 -0.05384043
  0.03393058 -0.12227918 -0.02995626 -0.13899101  0.17869107  0.0944921
 -0.12878118 -0.13703889  0.15405951 -0.11989073 -0.056582    0.01327974
 -0.19756965 -0.18486811 -0.33120155 -0.0240908   0.35781711  0.14051504
 -0.15413345  0.08059618  0.016449   -0.01136931  0.12555376  0.17940055
 -0.05598539  0.06719582 -0.07727329  0.04068063  0.20648718 -0.06518783
 -0.04777496  0.19187288  0.00076849  0.07537049  0.06665823 -0.00273179
 -0.07044665 -0.01664495 -0.20798324 -0.00612672  0.02606085 -0.0616631
  0.02090841  0.14333229 -0.14270662  0.11366011  0.01877855  0.01974545
  0.01081682 -0.02159957 -0.12926345 -0.07763164  0.10041807 -0.1981868
  0.10367743  0.18151756  0.0585011   0.10924596  0.16561942  0.0533202
 -0.02661733 -0.00192892 -0.17189513 -0.0164661   0.10660464  0.01523879
  0.11500496  0.01403056]