[-0.13676772  0.14963101  0.09400357 -0.12141719 -0.03895909 -0.09963819
 -0.07058134 -0.07507442  0.08375217  0.01767848  0.23778673 -0.05516818
 -0.21540239 -0.18348138 -0.05806624  0.15820375 -0.20899367 -0.11010841
 -0.01836237 -0.04635935  0.11896523 -0.00127531 -0.00622831  0.06114295
 -0.12513903 -0.3289395  -0.07249483 -0.08631204 -0.04202392 -0.05488921
 -0.0142333   0.04146792 -0.17400038 -0.05183556  0.02037706  0.1154659
  0.04095158 -0.02733166  0.11162172  0.05351717 -0.14429949  0.04968943
  0.02802366  0.29229167  0.23164873  0.07743338  0.03207702 -0.02906973
  0.13810675 -0.21175353  0.01930483  0.1582149   0.08169191  0.0116952
  0.08480813 -0.13879363 -0.01356566  0.13458429 -0.20978101 -0.01060092
 -0.03310084 -0.08144213 -0.01146134 -0.11763676  0.20606463  0.12447345
 -0.16486995 -0.0744584   0.14608531 -0.0876722  -0.05539729  0.02025574
 -0.15482961 -0.10498499 -0.32441491  0.06847379  0.38456607  0.0786633
 -0.20440876 -0.00643027 -0.06758454  0.00712511  0.05422608  0.06664041
 -0.08666129  0.04502914 -0.10059047  0.00128837  0.14465709 -0.0181412
 -0.02040922  0.20844643 -0.04096193  0.08055424  0.00760856  0.00106972
 -0.07669405  0.02385163 -0.09533769  0.00409627  0.01420307 -0.11707275
 -0.00618313  0.09868426 -0.16047953  0.01645348  0.03379593  0.00646835
 -0.09883674  0.01597496 -0.08208963 -0.03178057  0.10502581 -0.2444108
  0.22256084  0.22496167  0.00708858  0.10913032  0.07921928  0.01214363
 -0.02370195 -0.05899362 -0.05351168 -0.05731073  0.07307558 -0.00253258
  0.08733957  0.00281174]