[-6.94932193e-02  1.02552347e-01  9.53443572e-02 -5.30676208e-02
 -1.16177037e-01  3.39500420e-03 -7.37616122e-02 -1.12449504e-01
  1.26140967e-01 -1.44898742e-01  2.00979307e-01 -4.47898433e-02
 -2.19283029e-01 -3.90903801e-02 -3.70943844e-02  1.67204902e-01
 -1.22879080e-01 -1.26073360e-01 -1.03596440e-02 -2.83658933e-02
  7.64036775e-02  4.87775318e-02  6.31740242e-02  4.93151695e-02
 -1.25621662e-01 -3.35462123e-01 -1.18911877e-01 -2.14690026e-02
  3.61856595e-02 -5.29110804e-02 -6.93775192e-02  8.40874240e-02
 -1.18441202e-01  6.51478255e-03  1.42338937e-02  1.06483154e-01
 -5.02185635e-02 -1.05034366e-01  2.19255254e-01  2.26878356e-02
 -2.30276257e-01 -1.88088361e-02  2.83860471e-02  2.91152447e-01
  2.13772103e-01  2.12996993e-02  2.03371402e-02 -1.02983035e-01
  1.25204071e-01 -2.34767750e-01  6.92418218e-02  1.61357880e-01
 -1.99380075e-03  3.06431134e-03  7.46701732e-02 -1.16836764e-01
 -2.53088394e-04  1.41604170e-01 -1.21631317e-01  5.58009697e-03
  3.51778902e-02 -9.63354334e-02  1.44208437e-02 -1.25328988e-01
  1.76681459e-01  8.49816352e-02 -1.07618026e-01 -1.16558075e-01
  1.13776200e-01 -1.54519185e-01 -7.62859732e-02  6.02007508e-02
 -1.85123682e-01 -1.77951843e-01 -3.56131285e-01  1.20320860e-02
  4.01587069e-01  1.63862422e-01 -1.25228629e-01  5.86812384e-02
  5.62302768e-02 -1.09136133e-02  1.72715113e-01  1.90253183e-01
 -5.92369214e-02  5.31662768e-03 -1.04321599e-01  5.37079163e-02
  2.02403709e-01 -7.45079443e-02 -6.38251528e-02  2.24061519e-01
 -8.59491527e-03  9.22754556e-02  2.30948068e-02  5.53243048e-02
 -7.92661682e-02 -6.62013917e-05 -1.85364082e-01 -5.03312936e-03
  4.94660363e-02 -1.04707489e-02  9.93762980e-04  1.71983704e-01
 -1.37743309e-01  6.81330785e-02 -8.42483435e-03 -8.49841069e-03
  6.29470823e-03 -4.22599427e-02 -1.48628995e-01 -6.96184635e-02
  1.29528373e-01 -1.81041032e-01  7.05037341e-02  1.79587945e-01
  2.39539836e-02  1.12896577e-01  1.69111639e-01  6.49537966e-02
  6.73488853e-03 -3.93277258e-02 -1.71247706e-01  5.23515046e-04
  1.17746212e-01  6.68563927e-03  7.72131085e-02  2.81635975e-03]