[-0.06238182  0.08290597  0.06958892 -0.06632944 -0.11149418 -0.00790462
 -0.10372944 -0.12462767  0.06675284 -0.16509417  0.21654616 -0.07578313
 -0.24120167 -0.04583136 -0.04019093  0.19847122 -0.10608914 -0.13398449
 -0.01752657  0.00497684  0.04363294  0.01367906  0.03577463  0.05972534
 -0.13279685 -0.29815543 -0.11195799 -0.00254001 -0.06690559 -0.06851146
 -0.10750367  0.07863497 -0.1297311   0.00104944  0.03312005  0.13780391
 -0.01939017 -0.11838076  0.18987001  0.03049207 -0.21791032  0.02462747
  0.03698999  0.26123333  0.17921621  0.02760366  0.03605115 -0.13096724
  0.12722179 -0.19642441  0.03814722  0.13313137  0.03103895  0.00324617
 -0.01751634 -0.12996875  0.04682784  0.11161721 -0.11060188 -0.04467903
  0.07519177 -0.08845752 -0.00965577 -0.11106284  0.20996685  0.105205
 -0.11999444 -0.1356823   0.1178107  -0.11691246 -0.09523923  0.01204795
 -0.18325143 -0.17626812 -0.30117306  0.01046698  0.36073071  0.14707945
 -0.15986209  0.08319159  0.01227324  0.00867669  0.12731974  0.17810012
 -0.03785849  0.04193147 -0.09847168  0.05639707  0.23640986 -0.07960788
 -0.03066021  0.20350431  0.00859966  0.09975121  0.05622293  0.02900198
 -0.07053959  0.04177976 -0.14908962  0.02297808  0.05941516 -0.03775186
  0.01570442  0.15246682 -0.15907766  0.11572015 -0.02689593  0.01118318
  0.03120401 -0.01658888 -0.12046625 -0.06271755  0.10969352 -0.19673072
  0.08155713  0.1663626   0.05455504  0.10401914  0.19634026  0.10533047
  0.0132382  -0.00665332 -0.22208893 -0.03034004  0.13207881  0.00553275
  0.12198862  0.02843302]