[-0.1082922   0.11176764  0.06680167 -0.08226492 -0.12005347 -0.01316215
 -0.05856607 -0.11028936  0.10007241 -0.14921777  0.22461286 -0.06102736
 -0.21339725 -0.06621136 -0.01217262  0.22592168 -0.15953271 -0.14876924
  0.00226753 -0.02463714  0.0596377   0.03861546  0.04987583  0.07621283
 -0.18018809 -0.29797259 -0.09422357 -0.00980107 -0.04904596 -0.08362623
 -0.04144175  0.12206364 -0.12316316  0.01499814  0.04654461  0.16097234
 -0.05753001 -0.11690553  0.21888891  0.02210237 -0.22334114 -0.02574318
  0.06800541  0.32266313  0.21738027 -0.02492322  0.00929691 -0.06638735
  0.15269397 -0.2489721   0.04188335  0.13344817 -0.00697568  0.02172489
  0.06680324 -0.09954125  0.04440801  0.12038536 -0.12255418 -0.06590109
  0.05083143 -0.12110527  0.03017025 -0.12373573  0.20643254  0.07530917
 -0.1097837  -0.11570423  0.13852945 -0.09668588 -0.10285766  0.04324663
 -0.19429825 -0.16956206 -0.35891044  0.00973076  0.34659711  0.16197185
 -0.11701109  0.09337305  0.06766882 -0.00508237  0.10740951  0.19503371
 -0.02933139  0.03888097 -0.11738127  0.08183055  0.20367756 -0.07256906
 -0.05723217  0.22211953  0.00301716  0.05297562  0.06331303  0.03588397
 -0.08679103  0.00599883 -0.18432166 -0.00625716  0.05779279 -0.02308408
  0.0102169   0.20437489 -0.14034951  0.11060009 -0.02774568  0.01127478
 -0.03954655 -0.02154805 -0.12510176 -0.04660249  0.07610861 -0.18427868
  0.06732969  0.14671008  0.00855971  0.10310692  0.15565805  0.06711625
 -0.01607566 -0.01098397 -0.16733553 -0.02376216  0.12145573  0.02702091
  0.11490057  0.03612167]