[-0.17199086  0.16894136  0.0374837  -0.06798849 -0.03694318 -0.04813653
 -0.05214408 -0.08472957  0.07209899  0.02531134  0.25248599 -0.07179526
 -0.23722564 -0.15585136 -0.09169595  0.17384478 -0.21411882 -0.13587336
 -0.02582848 -0.03623831  0.13760811  0.00287053 -0.02652264  0.06843173
 -0.14283168 -0.29736695 -0.04828542 -0.09899105 -0.02696096 -0.0769017
 -0.0078925   0.02592296 -0.19417408 -0.04139123  0.04234263  0.06891497
  0.04084842 -0.02553016  0.13712914 -0.00372657 -0.14391254  0.02288013
  0.1323251   0.27627355  0.18636331  0.07588292  0.00245471 -0.06223837
  0.0974934  -0.1996033   0.01060409  0.1591292   0.08318073  0.05332738
  0.08400094 -0.17976949 -0.02246     0.11291605 -0.15045455  0.02981875
 -0.04039859 -0.03896387 -0.03848523 -0.12119635  0.17547117  0.09828603
 -0.13117549 -0.12664843  0.14484882 -0.10605514 -0.09048179  0.04736234
 -0.12961088 -0.14825566 -0.31883079  0.02906224  0.32659981  0.09801158
 -0.20132701  0.03808889  0.01474401 -0.01083632  0.06986907  0.06922473
 -0.08247619  0.04047078 -0.09219456  0.01680773  0.18321978 -0.00489972
 -0.01372695  0.19311856 -0.04804771  0.03614883  0.01717237  0.02453618
 -0.06199043  0.02528517 -0.12650894 -0.00726565  0.03939208 -0.08109615
 -0.01329533  0.10725075 -0.14715162 -0.01707648  0.02907312  0.00751649
 -0.10518759  0.03048632 -0.09671616  0.01024904  0.10423968 -0.21714644
  0.27024043  0.19971655  0.00390741  0.07479296  0.11148339  0.0100491
  0.01027852 -0.03548653 -0.09732854 -0.08193842  0.08489195 -0.0494036
  0.07723803 -0.01103073]