[-0.08548153  0.08321484  0.09432399 -0.06100298 -0.11517201 -0.00190577
 -0.07369896 -0.105787    0.06052018 -0.1232388   0.19873518 -0.05409387
 -0.22258322 -0.04943548 -0.05700977  0.22364071 -0.12109645 -0.12606111
 -0.02879792  0.00147877  0.05436651  0.03423534  0.03358625  0.06802682
 -0.14397725 -0.33671951 -0.10652325 -0.02006519 -0.04259832 -0.06654952
 -0.07963312  0.07196856 -0.13540964  0.02281478  0.04163903  0.13190904
 -0.01048872 -0.10673177  0.19047792  0.05411256 -0.2470762   0.01244434
  0.05347117  0.27701601  0.2095245   0.03070305  0.06097772 -0.09795749
  0.1427716  -0.22810724  0.01606515  0.11659994 -0.01110291 -0.00108939
  0.01438964 -0.12980449  0.02272186  0.12001512 -0.10544298 -0.0345062
  0.03671836 -0.08989725  0.00250001 -0.10118284  0.18410358  0.07144334
 -0.11801624 -0.12539129  0.11256736 -0.15712452 -0.06661112  0.02891408
 -0.17584689 -0.17054112 -0.34091911 -0.00667838  0.40802103  0.1652617
 -0.14971064  0.07732771  0.01505712  0.02526173  0.15999414  0.18271098
 -0.02778271  0.07196537 -0.10576335  0.05174034  0.24891804 -0.0690333
 -0.01779143  0.22137463 -0.0004256   0.10759275  0.03339262  0.02614718
 -0.07498759  0.01332268 -0.14305125  0.00057551  0.03132815 -0.00172902
  0.03708082  0.1475789  -0.17073706  0.10422903 -0.02698014  0.01988287
 -0.00211341 -0.00856279 -0.12550607 -0.04732589  0.11565579 -0.17938973
  0.0700474   0.20374742  0.0040792   0.09092483  0.19637275  0.06648841
 -0.01087907 -0.01966994 -0.18816803 -0.01035753  0.12849869 -0.02247823
  0.1218411  -0.00833918]