[-0.10822057  0.06861097  0.0551195  -0.11299416 -0.12210665 -0.03799826
 -0.03734016 -0.06932849  0.0859246  -0.12478351  0.19670768 -0.03310952
 -0.18033777 -0.01345356 -0.01678636  0.19657826 -0.19061245 -0.13700269
 -0.03268215 -0.04803283  0.02320715  0.03354962  0.04736791  0.08726783
 -0.14422207 -0.29373047 -0.07759584 -0.01037078 -0.01222777 -0.05378797
 -0.03909461  0.13493642 -0.13941601  0.03706621  0.05828358  0.14534916
 -0.04856998 -0.11552612  0.23943572  0.06936901 -0.19277607 -0.02851928
  0.0259977   0.33388859  0.23044387 -0.04822549 -0.00860956 -0.0457584
  0.14533199 -0.2646372   0.01604311  0.14266196 -0.00319439  0.00832207
  0.03195672 -0.09453171  0.06661937  0.13173029 -0.16714029 -0.06280497
  0.02242252 -0.15194254  0.00355635 -0.14408891  0.2062799   0.10256108
 -0.12715292 -0.09820408  0.13935451 -0.09013159 -0.0604529   0.02317733
 -0.1711082  -0.16448353 -0.29719934 -0.00373911  0.36177763  0.17111558
 -0.13084422  0.07476125  0.019946   -0.03441529  0.11897192  0.1720507
 -0.07042177  0.0358112  -0.09797736  0.09752424  0.17931263 -0.04335072
 -0.05577394  0.21226528 -0.00219017  0.06525173  0.0616382   0.01545667
 -0.07464831  0.00674618 -0.18559931  0.01321831  0.0087098  -0.06204866
  0.00902402  0.17128907 -0.14517465  0.10664871 -0.0066285  -0.00970548
 -0.04639586 -0.0452725  -0.11148341 -0.04498279  0.08229726 -0.20492783
  0.06791004  0.17704083  0.018032    0.12900792  0.12639849  0.02913668
 -0.02610655 -0.02947539 -0.17524461  0.00938997  0.11374018  0.02036673
  0.10781     0.02643397]