[-0.0978923   0.12274158  0.0437372  -0.06998295 -0.10637762 -0.04485467
 -0.08064138 -0.13077834  0.10167783 -0.15226834  0.2418094  -0.0645282
 -0.22901686 -0.10060915 -0.06901821  0.22257447 -0.18338941 -0.14052506
 -0.00489252 -0.02345523  0.0778568   0.0209727   0.04923691  0.08002945
 -0.16181295 -0.30343318 -0.07374037 -0.01978172 -0.04077296 -0.11137845
 -0.03480104  0.09303177 -0.14406727 -0.00824439  0.03641243  0.14158423
 -0.03161298 -0.10680085  0.22047983  0.00643898 -0.23588426 -0.00798272
  0.06984986  0.31210023  0.20314685 -0.02116331  0.00473729 -0.10581806
  0.15861231 -0.208202    0.01159404  0.13782182 -0.00485143 -0.00441995
  0.02629088 -0.12198865  0.02652053  0.16787758 -0.12310984 -0.05500037
  0.04780299 -0.13312458  0.00267631 -0.10387873  0.20001678  0.0553522
 -0.11490724 -0.12209509  0.15744035 -0.11152782 -0.07539066  0.04565561
 -0.16537935 -0.18457629 -0.32513735  0.00393634  0.37576163  0.14163147
 -0.12586932  0.10649844  0.04655252 -0.01275373  0.11698949  0.20547329
 -0.02651108  0.04941815 -0.1107081   0.06377055  0.20693512 -0.04602996
 -0.0412612   0.21196492 -0.00353594  0.0582402   0.07269826 -0.01119504
 -0.11199047  0.02132818 -0.18508242 -0.01789108  0.03458461 -0.05171047
  0.00191699  0.16468477 -0.12655175  0.09232896 -0.00166208  0.0066475
 -0.01186461 -0.01034388 -0.09534939 -0.06724881  0.09414794 -0.18214352
  0.11873962  0.15560824  0.0721557   0.12949739  0.17572244  0.07334851
  0.00552055 -0.00919652 -0.17758314 -0.01447297  0.11896051 -0.01785108
  0.15352951 -0.00889211]