[-0.0587646   0.08494204  0.07837208 -0.06329601 -0.1117916  -0.00822373
 -0.11235644 -0.13317592  0.07009802 -0.16947009  0.21473193 -0.06973865
 -0.23005676 -0.02801284 -0.04363756  0.20153324 -0.11626222 -0.13345158
 -0.02001246 -0.00264364  0.03681183  0.03519698  0.03058534  0.0493213
 -0.13276196 -0.29755265 -0.11663798  0.00497608 -0.04503845 -0.06833687
 -0.11268961  0.07068372 -0.11878791  0.0144795   0.04442933  0.13494326
 -0.01776698 -0.13322331  0.19045401  0.03823343 -0.22131519  0.03530144
  0.03481434  0.26012161  0.18632282  0.02389027  0.03577895 -0.14616655
  0.13134828 -0.1906354   0.02921822  0.13061348  0.01292115  0.00245439
 -0.01263032 -0.13112259  0.02984015  0.1194379  -0.10869918 -0.04895563
  0.07574315 -0.08421014 -0.00611038 -0.11648204  0.2107615   0.1101371
 -0.12261089 -0.14002092  0.12366342 -0.1220274  -0.09934271  0.00814626
 -0.17342602 -0.16800579 -0.28816453  0.00912666  0.37023002  0.13410877
 -0.15915987  0.08573259  0.02323953  0.00288523  0.13591413  0.18303902
 -0.04455115  0.03764902 -0.08793761  0.04928521  0.25453565 -0.07273092
 -0.02288581  0.20177341  0.00342291  0.0981317   0.06229851  0.03296382
 -0.07702544  0.03745567 -0.14830691  0.01460773  0.05812891 -0.03747008
  0.01853717  0.16333427 -0.15577087  0.12131044 -0.02640193  0.00379184
  0.04105049 -0.01625152 -0.11044376 -0.06096806  0.11678571 -0.19982938
  0.08377945  0.16253212  0.05519195  0.10758692  0.18905324  0.10987102
  0.00844624  0.00254852 -0.22008596 -0.03122286  0.1266557   0.00060989
  0.11743952  0.02235083]