[-8.41806903e-02  6.11815825e-02  1.15387082e-01 -7.14069679e-02
 -1.07712679e-01 -2.19265930e-02 -6.11876920e-02 -1.14588857e-01
  1.29663423e-01 -1.66264758e-01  2.29863390e-01 -5.37131093e-02
 -2.48565346e-01 -3.82956527e-02 -2.51212716e-02  2.27657944e-01
 -1.46408230e-01 -1.16485655e-01 -4.06527333e-02 -1.27023859e-02
  6.07230924e-02  5.26455417e-02  5.51620387e-02  6.06321767e-02
 -1.25551641e-01 -3.51523191e-01 -9.23826024e-02 -2.64903791e-02
 -4.21410613e-02 -7.08205849e-02 -9.50969830e-02  9.00659636e-02
 -1.17415085e-01 -4.52723494e-03  2.87168175e-02  1.38592601e-01
 -4.69891094e-02 -1.39889464e-01  1.91446304e-01  2.18131244e-02
 -2.40419149e-01 -3.73423100e-05  2.72764023e-02  2.73705006e-01
  2.01807126e-01  8.67534988e-03  1.93425547e-02 -9.74177346e-02
  1.25760794e-01 -2.35324100e-01  3.11321467e-02  1.17441438e-01
  2.62798532e-03 -1.96849573e-02  7.38809332e-02 -1.23353504e-01
  6.66278321e-03  1.24747001e-01 -1.23379469e-01 -3.69888581e-02
  6.70501813e-02 -1.12573110e-01  2.04500556e-03 -1.40194073e-01
  1.87959731e-01  6.76013157e-02 -1.34202287e-01 -7.07335472e-02
  1.33040413e-01 -9.94413272e-02 -5.70256822e-02  5.08523372e-04
 -1.99843720e-01 -1.98771819e-01 -3.01754266e-01  7.13428436e-03
  3.86454165e-01  1.39368519e-01 -1.53050765e-01  6.61520287e-02
  3.90043072e-02  7.04017282e-03  1.33986384e-01  1.92969397e-01
  5.11199993e-04  3.04230992e-02 -9.70448554e-02  7.27233067e-02
  1.82328060e-01 -7.90177137e-02 -1.00961346e-02  2.45208964e-01
 -2.07762253e-02  5.61967492e-02  3.17037962e-02  1.57661587e-02
 -8.19712877e-02  3.05935387e-02 -1.75558612e-01  1.61853489e-02
  5.98153137e-02 -3.07329930e-02  1.40027022e-02  1.40397042e-01
 -1.39182016e-01  7.22066462e-02 -1.00217434e-02  6.02165749e-03
  4.26058136e-02 -3.05753555e-02 -1.41153723e-01 -8.05126056e-02
  1.14773773e-01 -1.84809297e-01  7.14897439e-02  1.87338993e-01
  2.66272873e-02  1.17143087e-01  1.33151397e-01  8.10071751e-02
  1.02803288e-02 -1.19571509e-02 -2.19216064e-01 -9.85091273e-03
  1.31546244e-01  1.08413724e-02  9.18802544e-02  1.74669325e-02]