[-0.120624    0.09731849  0.08389702 -0.05494048 -0.10502435 -0.02642511
 -0.0722836  -0.13798365  0.09714647 -0.14200155  0.2354462  -0.0509329
 -0.22462426 -0.09583216 -0.02642663  0.21236265 -0.13969019 -0.14650954
 -0.03093155 -0.03473625  0.0742804   0.03212128  0.06563263  0.07249513
 -0.14745419 -0.33850318 -0.08299071 -0.01482813 -0.03844833 -0.08226334
 -0.07243099  0.09141948 -0.13764779 -0.00677319  0.04077604  0.13104811
 -0.01788918 -0.09523316  0.20469213  0.00995368 -0.22463694  0.00337294
  0.06385814  0.30441192  0.20492832 -0.00319544  0.006864   -0.10036203
  0.15557314 -0.20195329  0.03977636  0.14093328  0.01040417 -0.0159508
  0.07636094 -0.12357765  0.00733057  0.13049495 -0.09860729 -0.03345375
  0.03939985 -0.10700563 -0.01203607 -0.14324211  0.17702313  0.06760913
 -0.11833572 -0.10562348  0.12296797 -0.07122555 -0.06948903  0.0168567
 -0.20589554 -0.18026726 -0.33152363  0.00999828  0.38423315  0.13234244
 -0.17673819  0.0847408   0.04325236  0.01053767  0.12863474  0.18024424
 -0.0362509   0.04481063 -0.11272705  0.07316364  0.1741073  -0.05003746
 -0.03788602  0.2255563  -0.00960676  0.07368618  0.06177516  0.02594827
 -0.10689606  0.02073228 -0.20225635 -0.01808836  0.05385888 -0.03236038
  0.02372463  0.1484555  -0.1387165   0.08028661  0.01107503  0.0338871
  0.00224997  0.00317109 -0.12738638 -0.06536265  0.07324526 -0.18176408
  0.09974391  0.16522712  0.03523478  0.12111466  0.16438155  0.07220685
 -0.00156041  0.0087952  -0.16200089 -0.01199922  0.1260706   0.01307801
  0.11094631  0.02191543]