[-1.63786039e-01  1.65395752e-01  8.30490068e-02 -8.44847187e-02
 -3.47206481e-02 -8.30242410e-02 -7.85711259e-02 -1.13200918e-01
  7.95276165e-02  2.37069409e-02  2.58812875e-01 -9.26150009e-02
 -1.91838697e-01 -1.50336593e-01 -4.13170531e-02  1.50137082e-01
 -1.97421983e-01 -1.38049796e-01  5.99915627e-03 -5.66323102e-02
  1.25723854e-01  9.71082877e-03 -4.18531559e-02  7.88106248e-02
 -1.87097549e-01 -3.13086689e-01 -9.17362571e-02 -1.35334298e-01
 -5.33728413e-02 -5.81233501e-02 -8.87006242e-03  4.52811234e-02
 -1.84073344e-01 -5.23736663e-02  3.60161737e-02  8.96100625e-02
  4.78111990e-02 -2.38424545e-04  1.13818422e-01  2.14626896e-03
 -1.55073956e-01  8.28626603e-02  7.79497325e-02  2.89480656e-01
  2.44003400e-01  6.71220645e-02  1.53414924e-02 -6.76985979e-02
  8.58780667e-02 -1.61156222e-01  4.13171723e-02  1.63260549e-01
  1.01514958e-01  2.24349797e-02  6.64602444e-02 -1.46553561e-01
 -5.37031777e-02  9.21752006e-02 -1.97816163e-01  4.43957262e-02
  1.70677679e-03 -6.63197860e-02 -3.08919083e-02 -1.02708481e-01
  2.00021669e-01  1.23651169e-01 -1.70625404e-01 -1.03786908e-01
  1.50272980e-01 -1.08193137e-01 -8.63994583e-02  2.74664499e-02
 -1.65093720e-01 -1.59892082e-01 -3.33250254e-01  7.47154206e-02
  3.75893265e-01  5.93232997e-02 -2.65724748e-01  4.54383455e-02
 -2.48320997e-02  5.15930215e-03  8.22133422e-02  1.06105924e-01
 -4.68327403e-02  1.37813268e-02 -7.61296377e-02  1.93634667e-02
  1.75274819e-01 -1.80139337e-02 -2.28532497e-02  2.24064782e-01
 -6.91180006e-02  5.91387041e-02  2.81145871e-02  4.67052534e-02
 -6.43207952e-02  1.59009211e-02 -1.08937263e-01 -5.30105969e-03
  2.11499482e-02 -6.22497909e-02 -2.31029280e-02  1.23067938e-01
 -1.39388248e-01  3.97016071e-02  4.36466858e-02  2.09534448e-02
 -1.04898356e-01  3.11838537e-02 -8.39072093e-02 -3.10143121e-02
  1.35388255e-01 -2.36516148e-01  2.39508554e-01  1.78060949e-01
 -1.49320932e-02  1.01957731e-01  1.03104733e-01  2.42827609e-02
  1.57240424e-02 -3.18041220e-02 -1.15033917e-01 -3.77221517e-02
  8.43601376e-02 -3.13778706e-02  8.91246647e-02  1.84564888e-02]