[-7.79644549e-02  6.77319765e-02  6.24785796e-02 -9.53264087e-02
 -1.36030272e-01 -1.26209334e-02 -6.82343245e-02 -9.79632288e-02
  1.33229122e-01 -1.54411301e-01  1.97303444e-01 -2.92740595e-02
 -2.11151078e-01 -3.92625965e-02 -5.26190400e-02  2.03783795e-01
 -1.33194685e-01 -1.20267726e-01 -3.78895141e-02 -2.73550302e-02
  4.60006185e-02  3.21686827e-02  7.30039626e-02  7.32943341e-02
 -1.06814802e-01 -3.47005248e-01 -9.71997306e-02 -1.06505454e-02
 -4.44816910e-02 -9.74335298e-02 -6.75116032e-02  1.42016247e-01
 -1.39651388e-01  7.04881130e-03  1.54675320e-02  1.25730857e-01
 -5.46655245e-02 -9.30157676e-02  2.05998018e-01  3.90722901e-02
 -2.29376748e-01 -1.80617534e-02  3.27908695e-02  3.03071946e-01
  2.10926324e-01 -2.01142039e-02  1.79912820e-02 -8.95754024e-02
  1.47920594e-01 -2.61368155e-01  5.90399206e-02  1.32145733e-01
 -1.60038900e-02 -1.58009976e-02  6.41154051e-02 -8.45212564e-02
  2.13008877e-02  1.28906995e-01 -1.14104174e-01 -1.57442745e-02
  5.04188947e-02 -1.35639802e-01 -1.75289847e-02 -1.42791659e-01
  1.99094400e-01  9.66078192e-02 -1.10206664e-01 -1.05946831e-01
  1.28401414e-01 -1.11733295e-01 -5.99494688e-02  3.28272395e-02
 -1.83406413e-01 -1.84357569e-01 -3.43547434e-01  1.31391585e-02
  3.99114072e-01  1.64663568e-01 -1.15936160e-01  8.00825283e-02
  5.52764209e-03 -1.96808502e-02  1.10208802e-01  1.81238279e-01
 -5.75016998e-02  5.38001619e-02 -1.03980199e-01  1.02258742e-01
  1.98250696e-01 -6.46942034e-02 -5.22099808e-02  2.44793251e-01
 -2.95972452e-03  8.29425380e-02  3.93275470e-02  3.42445113e-02
 -8.01923200e-02 -1.22359544e-02 -2.08358482e-01 -2.10058386e-03
  3.78519073e-02 -4.56104986e-02 -1.83328392e-03  1.60086796e-01
 -1.43152282e-01  8.41192529e-02 -2.32626870e-02 -9.21660103e-05
  2.79353769e-03 -2.98243351e-02 -1.37601137e-01 -8.65357146e-02
  9.81177092e-02 -1.77536443e-01  5.39815612e-02  1.61473915e-01
  6.59148768e-02  1.19287901e-01  1.46649629e-01  6.36092573e-02
 -7.56117655e-03 -4.54245172e-02 -1.69668719e-01  1.95119381e-02
  1.40898511e-01  3.40819322e-02  8.29776675e-02  2.66794208e-02]