[-0.10492336  0.11628061  0.05360601 -0.06148294 -0.08686402 -0.03418253
 -0.08220831 -0.14698295  0.09674481 -0.12822007  0.22070614 -0.07566609
 -0.25279906 -0.07674897 -0.05720143  0.21386658 -0.1614009  -0.14265434
 -0.01483821 -0.04077997  0.05418452  0.01416559  0.05062035  0.07382292
 -0.12794556 -0.33149347 -0.10102224 -0.02491336 -0.03339063 -0.08099832
 -0.04225154  0.07852055 -0.1387123  -0.00083549  0.02931854  0.12244067
 -0.02656293 -0.10416041  0.21924682 -0.01471696 -0.22319555 -0.00195916
  0.09373676  0.29603624  0.19271462  0.01182506  0.00238159 -0.09469731
  0.12350458 -0.15176816  0.03113574  0.14008632  0.01270846  0.00662977
  0.03586227 -0.12977441  0.02259741  0.15053919 -0.10185551 -0.04477737
  0.04278499 -0.12661125 -0.01271657 -0.09498857  0.21484219  0.0685037
 -0.1082096  -0.12324127  0.14309342 -0.10999918 -0.07675398  0.02476289
 -0.18437357 -0.16606437 -0.31539381  0.00905797  0.36515519  0.11427566
 -0.15932027  0.1094716   0.06290615 -0.00198897  0.16094741  0.19834076
 -0.03727945  0.03140207 -0.11428487  0.03475614  0.20604265 -0.04365091
 -0.05690195  0.18621597 -0.01239351  0.06147858  0.07436918  0.00561032
 -0.09298342  0.01629126 -0.19156846 -0.028697    0.06325307 -0.02980169
 -0.0145853   0.13745998 -0.1255344   0.0729533   0.03344516  0.02071975
  0.00512823  0.01386979 -0.10810091 -0.07657626  0.10858392 -0.19284323
  0.13718274  0.15620106  0.03254056  0.12027868  0.17084272  0.09181303
  0.00376646  0.00106413 -0.17600022 -0.02395567  0.13692306  0.0033225
  0.15536103  0.00858872]