[-0.08857992  0.09783345  0.09236404 -0.06823556 -0.11370003 -0.00392151
 -0.08679827 -0.10697527  0.06235753 -0.11679488  0.19950722 -0.05302766
 -0.22873962 -0.04920072 -0.06564128  0.22422352 -0.12213659 -0.12303443
 -0.02497341 -0.00500142  0.05852501  0.0298109   0.0448327   0.06361669
 -0.13618422 -0.33259481 -0.10712247 -0.00981086 -0.03684751 -0.07012969
 -0.06850062  0.05460737 -0.13878222  0.02508799  0.04173011  0.12268241
 -0.01002429 -0.11175136  0.18691726  0.04959592 -0.23626147  0.00295123
  0.05862024  0.26965815  0.20086804  0.04583856  0.06215097 -0.11220535
  0.1436895  -0.23415966  0.01645925  0.1184924  -0.02047474 -0.00262743
  0.00984876 -0.12417854  0.02659472  0.12356919 -0.10723223 -0.03113086
  0.04287155 -0.08565953 -0.00773614 -0.11107575  0.19587348  0.08824679
 -0.12087195 -0.12586704  0.11968153 -0.15725933 -0.07043908  0.02521955
 -0.16169646 -0.16312078 -0.33851263 -0.0128362   0.40830514  0.16795944
 -0.143189    0.06819218  0.00932619  0.03547566  0.14783028  0.17571782
 -0.04900698  0.06765351 -0.10577529  0.04243807  0.25569853 -0.07023274
 -0.01795811  0.21898185  0.0080506   0.11533163  0.03297715  0.02937802
 -0.08351081  0.00395725 -0.14537291 -0.0036493   0.02611508 -0.0044055
  0.04096847  0.1505394  -0.16657197  0.10482807 -0.02640782  0.00979701
  0.0015005   0.00487857 -0.11631439 -0.05996553  0.10879531 -0.17177868
  0.07603242  0.2034653   0.01783582  0.0947473   0.19700521  0.0860209
 -0.01447549 -0.01641709 -0.16755889 -0.01973223  0.11686435 -0.02278767
  0.12057694 -0.00833775]