[-0.14497703  0.1282143   0.0625233  -0.10570925 -0.05962132 -0.07381341
 -0.0068259  -0.1055558   0.13438803 -0.02583407  0.28619567 -0.03791254
 -0.19244681 -0.15844513 -0.02874292  0.16668396 -0.23178254 -0.08308494
 -0.01611183 -0.06422114  0.12956445  0.01157008 -0.00989406  0.08166265
 -0.09801702 -0.30451477 -0.0984451  -0.11012395  0.02334242 -0.06362711
 -0.01075654  0.09208252 -0.17358124 -0.08560536  0.0168858   0.06327625
  0.04634478 -0.01565672  0.10288055 -0.01803241 -0.12749524  0.06237243
  0.09990572  0.24752723  0.22500224  0.06983476  0.02171543 -0.02747703
  0.12245777 -0.17166255 -0.01121866  0.09031318  0.14203447  0.00459795
  0.07100648 -0.17097764 -0.04528522  0.07848697 -0.17893541  0.06082144
  0.01478779 -0.10433761 -0.05275763 -0.07660282  0.17559539  0.11792725
 -0.12502804 -0.13383998  0.16290914 -0.11929581 -0.09100463  0.03216023
 -0.17158832 -0.11986559 -0.27847001  0.02810662  0.34313831  0.0804733
 -0.19869356  0.0441705  -0.02259628  0.04179149  0.0703789   0.0717435
 -0.05834297  0.01122646 -0.10361848  0.00927978  0.16161139 -0.02100655
 -0.03445406  0.23739545 -0.04991348  0.08552585  0.00948109 -0.01519147
 -0.03403146  0.02463139 -0.13276075  0.00172566  0.01795303 -0.08564069
 -0.01343064  0.07654418 -0.13979393  0.03214171  0.00271608  0.06340277
 -0.09229248  0.02861059 -0.11300484  0.03018892  0.11859768 -0.21034114
  0.26146978  0.1996498  -0.00929028  0.09297437  0.09525641  0.01999574
  0.02614956 -0.05232221 -0.10799303 -0.06576972  0.10441972 -0.0748696
  0.09608182  0.00053252]