[-9.76553485e-02  6.70061707e-02  1.05054282e-01 -7.49429688e-02
 -1.08320557e-01  7.37834349e-03 -9.39478874e-02 -8.92372355e-02
  9.30940658e-02 -1.46598443e-01  1.79408565e-01 -5.88603988e-02
 -2.37706706e-01 -1.57144887e-03 -3.78394499e-02  2.03034386e-01
 -1.21049583e-01 -1.21767066e-01  1.84670631e-02 -3.43250530e-03
  4.81012315e-02  3.89483087e-02  2.11489256e-02  9.35010836e-02
 -1.33335724e-01 -3.28297079e-01 -1.24822259e-01 -1.50771737e-02
 -1.51988836e-02 -7.66910017e-02 -8.18248540e-02  5.24085835e-02
 -1.20736457e-01  4.24137004e-02  3.34639475e-02  1.31250158e-01
 -3.61675248e-02 -1.37046456e-01  1.90029696e-01  7.69089386e-02
 -2.33160302e-01 -1.69655140e-02  2.55492516e-02  2.67583460e-01
  1.87748536e-01  5.27377427e-02  2.93698888e-02 -9.21450257e-02
  1.28261641e-01 -2.25736186e-01  2.68897712e-02  1.33723542e-01
 -1.17704202e-03 -1.35146743e-02  3.34225819e-02 -1.47507593e-01
  1.79001726e-02  1.29729792e-01 -1.38812751e-01 -1.87353510e-02
  1.97951104e-02 -9.38188955e-02  3.09955068e-02 -1.02387741e-01
  1.97097853e-01  1.02968492e-01 -1.21009707e-01 -8.15565214e-02
  1.59310177e-01 -1.40526995e-01 -5.72034530e-02  9.14253481e-03
 -1.54518589e-01 -1.84499815e-01 -2.84243762e-01  4.01584059e-03
  3.84730130e-01  1.70568809e-01 -1.30475268e-01  8.01891237e-02
  4.39607613e-02 -1.69208308e-03  1.31989256e-01  2.01829240e-01
 -6.00174032e-02  3.51245254e-02 -6.82696030e-02  3.60766612e-02
  2.12925553e-01 -3.93312015e-02  5.06774336e-03  2.06513599e-01
 -1.87489484e-02  9.22245756e-02  4.83124517e-02  1.39270816e-02
 -9.95301679e-02  1.94632111e-03 -1.43545926e-01 -2.16861721e-02
  9.34953801e-03 -2.61569023e-02  3.84812020e-02  1.60077527e-01
 -1.78473219e-01  1.00697219e-01 -5.52261621e-03 -4.18560542e-02
  4.73838327e-06  1.52044250e-02 -1.22489169e-01 -5.07284664e-02
  1.12775758e-01 -1.97296605e-01  7.44144544e-02  1.84628814e-01
  1.74498390e-02  1.26434371e-01  1.69450194e-01  8.80803168e-02
  7.04190275e-03 -3.31206396e-02 -1.73476681e-01 -2.17533838e-02
  1.21199071e-01 -2.06600111e-02  1.11780420e-01 -3.19746137e-03]