[-1.04814224e-01  1.20896973e-01  5.27054258e-02 -6.32764474e-02
 -9.57417786e-02 -2.70727016e-02 -8.56007040e-02 -1.35690436e-01
  1.02126718e-01 -1.38478920e-01  2.14975998e-01 -7.11137801e-02
 -2.50860184e-01 -6.07590377e-02 -5.81314936e-02  2.12566122e-01
 -1.65382266e-01 -1.45965233e-01 -1.00789238e-02 -3.18115577e-02
  4.80261259e-02  1.97514109e-02  4.50563692e-02  8.12441930e-02
 -1.29481867e-01 -3.24410439e-01 -9.71060023e-02 -2.77804527e-02
 -5.01434915e-02 -7.81241804e-02 -4.28767726e-02  8.39623138e-02
 -1.29022881e-01  3.19619849e-03  2.99182367e-02  1.31431922e-01
 -3.24653275e-02 -1.01526558e-01  2.19922408e-01 -1.30626801e-02
 -2.32623339e-01  7.81096533e-05  8.73488411e-02  3.09733868e-01
  1.85696021e-01  2.53794133e-03  1.06413662e-03 -9.41556096e-02
  1.21642105e-01 -1.57613516e-01  2.44328268e-02  1.44106805e-01
  1.46560222e-02  3.29581345e-03  3.63923870e-02 -1.28663018e-01
  2.61045787e-02  1.48786485e-01 -1.00360803e-01 -5.15961461e-02
  4.70302738e-02 -1.26259014e-01  1.11526065e-03 -1.00275472e-01
  2.23106012e-01  7.23473430e-02 -1.14841320e-01 -1.28150061e-01
  1.33287296e-01 -1.10747650e-01 -8.71091858e-02  3.45203280e-02
 -1.85763106e-01 -1.69478089e-01 -3.21952194e-01  7.69004552e-03
  3.61112088e-01  1.16917491e-01 -1.47835284e-01  1.05969511e-01
  6.31781444e-02 -4.63516312e-03  1.54148385e-01  2.09345698e-01
 -4.18344326e-02  3.59563753e-02 -1.13653004e-01  4.32155691e-02
  2.06364468e-01 -4.52961735e-02 -6.16711676e-02  1.77560404e-01
 -9.44889989e-03  5.66857159e-02  6.84598014e-02  9.41179041e-03
 -9.18816924e-02  2.02681087e-02 -1.95910901e-01 -1.56130865e-02
  5.88098541e-02 -2.58311462e-02 -1.59842875e-02  1.46179959e-01
 -1.26033440e-01  6.43068552e-02  2.42337622e-02  1.19313514e-02
 -2.08779378e-03  1.48274302e-02 -1.18000425e-01 -7.36315176e-02
  1.11802638e-01 -1.99075624e-01  1.26120999e-01  1.51998550e-01
  3.48181576e-02  1.15199581e-01  1.76195353e-01  8.15097019e-02
 -1.87078270e-03 -2.21976941e-03 -1.84045956e-01 -2.19971593e-02
  1.42583475e-01  6.76375767e-03  1.59214437e-01  6.18491089e-03]