[-0.09298201  0.07911582  0.06793519 -0.06587169 -0.12983628 -0.00835222
 -0.06923329 -0.09533866  0.13215682 -0.13062659  0.1940552  -0.03373107
 -0.21716717 -0.05854704 -0.04911422  0.17609274 -0.12664412 -0.10744403
 -0.03750637 -0.02480989  0.05971096  0.0250246   0.0857686   0.06391739
 -0.11167455 -0.36942896 -0.0983412  -0.02629549 -0.04879213 -0.10469661
 -0.0721335   0.10831957 -0.13496515 -0.00324034 -0.00183732  0.10463313
 -0.06073082 -0.07949755  0.20460896  0.02015132 -0.2107704  -0.0237952
  0.03414733  0.29424173  0.20157106  0.00632214  0.02207675 -0.08139631
  0.13995264 -0.25396341  0.07494754  0.14241508 -0.01068434 -0.01727321
  0.07498535 -0.08113173  0.00439741  0.13681468 -0.1117321   0.01911581
  0.04204253 -0.12035131 -0.02925504 -0.12343498  0.18676661  0.10839985
 -0.09712413 -0.10193419  0.12111979 -0.1219274  -0.05938519  0.02574715
 -0.1766964  -0.20779744 -0.33702001  0.02358407  0.41380486  0.17404671
 -0.12727296  0.05871375  0.00381617 -0.02232215  0.11762537  0.16420376
 -0.0801095   0.0513108  -0.11862423  0.10142169  0.18946189 -0.05352992
 -0.05701389  0.24869061  0.00950042  0.08339102  0.04295707  0.02285412
 -0.07777631 -0.00829996 -0.20888542 -0.01105492  0.0612571  -0.05468005
  0.00220673  0.1450028  -0.14120726  0.07843908 -0.01240094 -0.00393253
  0.00594632 -0.02031537 -0.14913951 -0.08572917  0.10674979 -0.1699183
  0.05892396  0.16454752  0.07537336  0.13405873  0.14255586  0.06664561
  0.00513766 -0.03745277 -0.1546957   0.01821727  0.13230936  0.043339
  0.08524209  0.031168  ]