[-0.08777098  0.09060222  0.0879549  -0.08861985 -0.07240833 -0.0375147
 -0.06805283 -0.12290146  0.11978195 -0.13665259  0.20295222 -0.06491684
 -0.21672671 -0.09376422 -0.0463078   0.20637278 -0.14486818 -0.14070186
 -0.04104189 -0.02396931  0.06861214  0.05243054  0.04934022  0.06383347
 -0.17440966 -0.33422923 -0.09033942 -0.0159989  -0.09082548 -0.05587924
 -0.04606847  0.10975005 -0.15389262 -0.01896994  0.03674514  0.12222513
 -0.02972761 -0.07710775  0.20047081  0.02161962 -0.23249356  0.0498305
  0.06674417  0.30632579  0.20579481  0.01519739  0.02228888 -0.12699023
  0.16280821 -0.20017672  0.04974176  0.13831037 -0.00606386 -0.00141134
  0.06066203 -0.09557183  0.01614797  0.13078888 -0.12415644 -0.02117591
  0.06384454 -0.10233293 -0.02129069 -0.11796172  0.1755037   0.06420463
 -0.11718871 -0.13002056  0.15326063 -0.09004551 -0.06066007  0.06050337
 -0.1856339  -0.18010087 -0.3155081   0.034445    0.39678898  0.11965865
 -0.16693944  0.07218914  0.01857858  0.01885756  0.14698979  0.16945899
 -0.01971225  0.03074336 -0.09779886  0.07895765  0.2154368  -0.04435503
 -0.05931972  0.23371258  0.02817975  0.05089227  0.0550119   0.02293828
 -0.09630242  0.04357515 -0.20938368  0.00302136  0.083193   -0.00182008
  0.01049486  0.15680228 -0.11484358  0.11764717  0.00457     0.01327673
  0.01284283  0.01071269 -0.12482877 -0.08246613  0.08579859 -0.18658482
  0.09090216  0.1304791   0.04447642  0.1046201   0.14214876  0.08955016
 -0.00227692  0.00083502 -0.18589759 -0.01905394  0.15141851  0.03384469
  0.14292124  0.01613942]