[-0.0711255   0.08511303  0.06234457 -0.05763195 -0.12897637 -0.00851074
 -0.07698662 -0.09325444  0.14709005 -0.13069573  0.18862405 -0.04011933
 -0.20936692 -0.05827465 -0.04961456  0.2249579  -0.15082398 -0.13589948
 -0.01780771 -0.0190177   0.06235742  0.05059398  0.04716007  0.0897975
 -0.14478321 -0.33731094 -0.07922523 -0.01198529 -0.07242335 -0.10749779
 -0.10191073  0.13072148 -0.14958966 -0.00860735  0.04748889  0.13155992
 -0.02705103 -0.11670432  0.17952709  0.01716423 -0.2140574  -0.020033
  0.05208742  0.28846273  0.2030286  -0.01888574 -0.00363279 -0.08522316
  0.14567479 -0.23718666  0.01359229  0.12680458 -0.03170947 -0.00599094
  0.04014286 -0.11322542  0.01808439  0.12710574 -0.11396281 -0.04300992
  0.03189544 -0.15450373 -0.01988183 -0.13671222  0.18842314  0.07819287
 -0.09662632 -0.13473766  0.10005224 -0.10974687 -0.06472839  0.01700205
 -0.1742709  -0.1888295  -0.34557149  0.00070007  0.39755374  0.15836728
 -0.1527506   0.09459522  0.03545266 -0.00399253  0.11546395  0.17214823
 -0.03632287  0.06433147 -0.13407801  0.10300546  0.20901261 -0.05062043
 -0.03751243  0.22095244 -0.01744894  0.08283391  0.04831329  0.01611843
 -0.08648146  0.02352762 -0.19560423  0.00290281  0.05444769 -0.01827204
  0.00681321  0.1714292  -0.13180533  0.06976103 -0.01481932 -0.00466434
 -0.00823943 -0.02714586 -0.15025285 -0.07044287  0.09707261 -0.18202677
  0.06706007  0.14619169  0.06153728  0.13461509  0.12729619  0.07027546
 -0.01937114 -0.02588405 -0.18096501  0.00792243  0.14813092  0.01289689
  0.11774578  0.01255891]