[-0.14137855  0.13903406  0.06224201 -0.09664021 -0.05587849 -0.05273406
 -0.00578609 -0.12225925  0.14569049 -0.02208465  0.28275228 -0.05021241
 -0.20533378 -0.14744243 -0.04114271  0.17909646 -0.2308322  -0.10424916
 -0.00644935 -0.05288015  0.12745556  0.01196653 -0.01906659  0.07164618
 -0.08829503 -0.29856887 -0.09973114 -0.10523551  0.04727724 -0.0578269
 -0.04156722  0.08626658 -0.17407973 -0.08424935  0.02749696  0.05777685
  0.04382904 -0.02866178  0.11030724 -0.02468501 -0.14392594  0.06926084
  0.10421548  0.25524116  0.2137413   0.06801001  0.02157159 -0.05528852
  0.10871959 -0.15169975 -0.00468482  0.10930647  0.14487766  0.01417208
  0.05144545 -0.19410504 -0.05746441  0.07283252 -0.16169292  0.06634088
  0.02596085 -0.0997301  -0.03795799 -0.09267338  0.1790739   0.10229021
 -0.12747352 -0.15741232  0.14667808 -0.11902306 -0.09215603  0.03097701
 -0.17968598 -0.11762484 -0.28758025  0.01864289  0.3343752   0.06867503
 -0.20618103  0.05655328 -0.02372692  0.02975283  0.06703734  0.10267407
 -0.05145575  0.0243295  -0.10900046 -0.01117563  0.1789993  -0.03942629
 -0.0251633   0.23207024 -0.05674457  0.07376765 -0.00505203  0.00201175
 -0.04846612  0.02231033 -0.12538254 -0.02153256  0.00808879 -0.07781121
 -0.01572765  0.09937439 -0.15618002  0.03569712  0.00348627  0.07009167
 -0.08514553  0.01563855 -0.08825859  0.0189305   0.12399568 -0.20955677
  0.25492072  0.20342791  0.00685177  0.0871836   0.09869233  0.02885957
  0.0239944  -0.03580717 -0.12035608 -0.0592537   0.09969372 -0.07421749
  0.089733    0.00984822]