[-0.14647935  0.12364395  0.08699796 -0.05754017 -0.16036975 -0.09674786
 -0.1005306  -0.12407925  0.13913789 -0.06926321  0.1796931  -0.10565539
 -0.19027321 -0.03370247 -0.07481868  0.21789308 -0.18426441 -0.16909885
 -0.03489759 -0.01423882  0.03760771  0.00587717 -0.00560351  0.05247318
 -0.07032793 -0.3469882  -0.09680682 -0.04534076  0.05119264 -0.02974435
 -0.02821724  0.05839682 -0.16375323 -0.08258652  0.09537575  0.13315332
 -0.03293096 -0.12434387  0.15640308 -0.12482172 -0.28273615 -0.00277795
  0.13572146  0.20394218  0.22218084  0.04164217  0.01491655 -0.1649776
  0.15019862 -0.12862746 -0.01603427  0.15495817  0.03263593  0.04285162
  0.04142563 -0.15012962  0.01061882  0.17888165 -0.12448674 -0.07207289
  0.05912424 -0.08235287  0.00466287 -0.1338952   0.21777976  0.08439534
 -0.08487787 -0.19802368  0.20049797 -0.14751303 -0.03824887  0.08416966
 -0.13735569 -0.12121236 -0.25946084 -0.06946713  0.41658974  0.04966766
 -0.11669721  0.08824099 -0.02893969 -0.00400146  0.05416585  0.12828387
 -0.03973011 -0.01280012 -0.09919615 -0.03662283  0.26766172 -0.06807985
  0.0361921   0.12342781 -0.00591698  0.0326439   0.0305324   0.01584577
 -0.12344261  0.03122333 -0.14923093 -0.07294293  0.0171353  -0.0231816
  0.01108897  0.13399374 -0.13802563  0.06123298  0.02910493  0.07355117
  0.01137581  0.02298578 -0.01274146 -0.08899953  0.14645766 -0.17645048
  0.20288062  0.11894081  0.00542036  0.12276118  0.1012627   0.12010428
 -0.02853618 -0.03784332 -0.15153371 -0.02263928  0.07727911 -0.02740502
  0.09431145  0.01803371]