[-0.07894553  0.09851571  0.09862688 -0.05265457 -0.09902722 -0.05116124
 -0.01845263 -0.10469111  0.18786867 -0.12370212  0.21165736 -0.06344733
 -0.19315769 -0.05794283 -0.07341595  0.22092588 -0.18286145 -0.17591082
 -0.0456674  -0.00845956  0.01071449 -0.014091    0.00939559  0.03068478
 -0.07167891 -0.34469911 -0.11220147 -0.01421592  0.09243417 -0.02572292
 -0.08551805  0.07001706 -0.16203557 -0.04959238  0.0868658   0.07430234
 -0.03698082 -0.0994572   0.21238534 -0.00113849 -0.23290777 -0.00186829
  0.07471526  0.22061422  0.22614889  0.03536044  0.01377812 -0.15206243
  0.1410405  -0.17376766 -0.00620881  0.1936868   0.06398135  0.09466234
  0.02443699 -0.16135375 -0.02660813  0.1390392  -0.11686193 -0.03958894
  0.01375606 -0.0720681  -0.01074955 -0.10327338  0.17812835  0.09788912
 -0.09919604 -0.18756452  0.217755   -0.13355675 -0.03648234  0.01814193
 -0.14570741 -0.12312897 -0.24272077 -0.03694616  0.36050433  0.10944357
 -0.13547374  0.0509386  -0.0764808   0.00061047  0.02861745  0.09093966
 -0.08948436  0.00566345 -0.06946894 -0.03448058  0.2188303  -0.06634971
 -0.00218739  0.12709688 -0.03448339  0.05345074  0.02485352  0.01611085
 -0.11243927  0.02843328 -0.19160959 -0.08266395  0.00461906 -0.05546336
  0.03096937  0.1341019  -0.18595147  0.10296607  0.0228539   0.01396105
 -0.00305983  0.04733926 -0.0691691  -0.03959282  0.12416194 -0.17910898
  0.25634953  0.1734433   0.01548521  0.13318254  0.13254225  0.10067393
 -0.02915722 -0.04552901 -0.07531863 -0.07427447  0.05394689  0.01781297
  0.09144782  0.00398687]