[-0.1107346   0.11996993  0.12547491 -0.07267431 -0.13717382 -0.07331922
 -0.06184613 -0.11904912  0.1510154  -0.09165157  0.20373884 -0.05752621
 -0.2010511  -0.01035676 -0.06641211  0.24194781 -0.19610928 -0.12492285
 -0.06488793  0.00794745  0.00635624 -0.04097657  0.01222229  0.03732997
 -0.01054796 -0.34442347 -0.12018529 -0.03713147  0.0904808  -0.02644124
 -0.0753575   0.07039565 -0.12848574 -0.08196733  0.06911638  0.12197585
 -0.04095127 -0.11125714  0.16954403 -0.05377315 -0.25679752  0.01533681
  0.0890428   0.1973642   0.27990937  0.0645408   0.05312648 -0.16437866
  0.15091252 -0.16288283 -0.04271623  0.14710604  0.07034592  0.06288413
  0.01678522 -0.15923049  0.02624926  0.14036213 -0.15512863 -0.05878457
  0.05542302 -0.08425333  0.00892    -0.0553042   0.2195088   0.11852986
 -0.10703399 -0.18443172  0.22322316 -0.15760131 -0.03426227  0.03686344
 -0.17174006 -0.11174897 -0.25414249 -0.06803077  0.41571361  0.06501087
 -0.11847686  0.04840729 -0.07748152 -0.02419893  0.04728127  0.14429696
 -0.06633611 -0.03979285 -0.08931129 -0.05334984  0.24400528 -0.09202375
  0.04361346  0.13687408  0.00389515  0.04956402  0.00187481  0.04622276
 -0.11648829  0.03329808 -0.17730181 -0.09986035 -0.01100625 -0.03270188
  0.02456982  0.13381889 -0.17209251  0.0769382   0.00113639  0.0587113
  0.00960988 -0.00138666 -0.02871155 -0.0762101   0.16157821 -0.15021351
  0.19556616  0.20837501 -0.0145514   0.07058764  0.12571807  0.10991837
 -0.00097467 -0.04147648 -0.12992464 -0.02231847  0.05354962 -0.02135032
  0.06008896  0.00293653]