[-0.12054606  0.15728529  0.16176443 -0.08416567 -0.16733387 -0.04398918
 -0.04510888 -0.08452956  0.1747455  -0.03494998  0.27115712 -0.09051527
 -0.26640454  0.04694005 -0.07234404  0.20960949 -0.20429087 -0.1016381
 -0.04008449 -0.02445746 -0.02040095 -0.01039701  0.02236083  0.06415541
 -0.06150836 -0.3703855  -0.08591595 -0.05697993  0.03761965  0.00425559
 -0.10279299  0.00607009 -0.14296341 -0.06465642  0.08151858  0.09018386
 -0.06560016 -0.11736786  0.1447707  -0.05298665 -0.22851984  0.0173538
  0.08424531  0.22447006  0.24014929  0.01700201  0.06546835 -0.13009553
  0.10692529 -0.19475089  0.0172628   0.18077479  0.06700357  0.04733958
  0.05594492 -0.20166099 -0.06228735  0.19925307 -0.1199664  -0.0007507
  0.07733182 -0.0340293   0.02309392 -0.13158546  0.2383492   0.131107
 -0.17541786 -0.15986447  0.17873393 -0.10596712 -0.00696515  0.03363927
 -0.19188268 -0.18791281 -0.24960347  0.02487247  0.40848094  0.11331572
 -0.15876465  0.01878524 -0.10773566  0.0261758   0.00864869  0.13958283
 -0.02894605  0.01821536 -0.1188811  -0.01981605  0.18504284 -0.0979766
  0.01854186  0.19885632 -0.03440393  0.03866355 -0.00291284  0.0658508
 -0.15837367  0.00273822 -0.19442883 -0.05190578 -0.05725427 -0.04413152
  0.00134561  0.09346821 -0.17496018  0.0620433   0.01447659  0.02910912
 -0.06622835 -0.00945466 -0.00600757 -0.04748227  0.17150874 -0.23552442
  0.21599157  0.16964161  0.03584702  0.15485525  0.09251063  0.03464515
  0.02489275 -0.05590934 -0.07062533 -0.03012862  0.00319689 -0.03237396
  0.07240113  0.03611614]