[-0.13551892  0.11862146  0.11406262 -0.07872508 -0.13229385 -0.08008072
 -0.06325219 -0.12364326  0.15122633 -0.09207908  0.1949928  -0.05059521
 -0.18582378 -0.01926377 -0.0794061   0.23341845 -0.19385016 -0.12895794
 -0.04923947 -0.01009552  0.0159604  -0.04870109  0.0154443   0.02768862
 -0.02437528 -0.32139555 -0.12154593 -0.05043862  0.08918884 -0.02214987
 -0.05641964  0.06559197 -0.14245619 -0.07501013  0.05348114  0.11489888
 -0.04896724 -0.10357266  0.18466572 -0.0571944  -0.24420483 -0.00811922
  0.09159113  0.1982338   0.27644581  0.0485166   0.04615788 -0.15451407
  0.16002679 -0.1572303  -0.04748229  0.1448589   0.05810666  0.06997889
  0.01827636 -0.14830725  0.03787992  0.14764325 -0.14640427 -0.05011751
  0.04725246 -0.09620579  0.00175666 -0.05685129  0.22472934  0.11117072
 -0.09626573 -0.18507612  0.23060441 -0.14774574 -0.02876857  0.05453481
 -0.1675074  -0.11411364 -0.25535983 -0.06246699  0.40756589  0.06948809
 -0.09131396  0.05649007 -0.0772745  -0.03171721  0.05134469  0.13411358
 -0.07146943 -0.03348089 -0.08551684 -0.05317002  0.24950166 -0.0895578
  0.03531108  0.13141631 -0.00371759  0.05368246 -0.00508433  0.03775568
 -0.11547235  0.03346721 -0.16837361 -0.09610795 -0.00632647 -0.04513454
  0.02663407  0.13460398 -0.16233744  0.06179792  0.00190309  0.06539442
 -0.01166635 -0.00680994 -0.03452974 -0.06887373  0.15422836 -0.14137204
  0.20348831  0.20060983 -0.01320785  0.07312192  0.13660538  0.10026645
 -0.01038416 -0.04007231 -0.12652321 -0.01083003  0.05929492 -0.01523546
  0.06540361  0.0067226 ]