[-0.15889515  0.09886458  0.11148097 -0.03056526 -0.13004269 -0.10944083
 -0.08166802 -0.12397214  0.12602544 -0.09748618  0.19962719 -0.08238168
 -0.1837831  -0.05124222 -0.08289043  0.23922925 -0.18781681 -0.14054517
 -0.0284108  -0.01519654  0.05213304 -0.04682847  0.00508956  0.02236055
 -0.01533554 -0.36178881 -0.11797374 -0.06485581  0.05452795 -0.02317984
 -0.03953522  0.05786381 -0.11971201 -0.07327569  0.04972024  0.0880691
 -0.0422439  -0.10680504  0.19599371 -0.07378645 -0.24548411 -0.02118486
  0.1236179   0.20399399  0.23947564  0.0535449   0.04063086 -0.14868413
  0.15676688 -0.1486256  -0.04336808  0.1452162   0.06833816  0.0600679
  0.04835117 -0.12833004  0.03272518  0.13016    -0.12595201 -0.05068783
  0.06608855 -0.0839677  -0.03014308 -0.09073528  0.2347704   0.10119881
 -0.0848124  -0.17785078  0.21937075 -0.14026283 -0.06573445  0.02580665
 -0.15982491 -0.12468405 -0.25424251 -0.05965994  0.38176477  0.05997751
 -0.09628813  0.08628263 -0.03920041 -0.02850125  0.06351665  0.14343968
 -0.05908493 -0.01977181 -0.07249019 -0.05953149  0.22355568 -0.07874399
  0.04704941  0.13050692 -0.00716329  0.0652154   0.00640825 -0.00774945
 -0.09568109  0.05355198 -0.16416878 -0.07120231  0.02056302 -0.03136515
  0.03454617  0.09809556 -0.15342568  0.04368749  0.00439791  0.08340898
  0.00877752 -0.00157944 -0.0577941  -0.05252117  0.13141035 -0.13915524
  0.19888966  0.17058598  0.02031185  0.08434179  0.15005325  0.09347831
 -0.00327944 -0.03583289 -0.17384171  0.00273699  0.07881877 -0.02306461
  0.03949933  0.01698482]