[-0.14773922  0.13092786  0.10563387 -0.05243716 -0.126175   -0.10726482
 -0.06958836 -0.11997616  0.14292902 -0.08822804  0.19605967 -0.10618702
 -0.18818073 -0.02150838 -0.09380405  0.26128364 -0.1961835  -0.15350732
 -0.04156126 -0.01524878  0.044098   -0.02631065  0.00908709  0.03344493
 -0.01433248 -0.34067175 -0.10037509 -0.05224755  0.04504407 -0.03907645
 -0.05086333  0.073797   -0.12668927 -0.07764118  0.06943253  0.09458231
 -0.01921511 -0.11358112  0.18494958 -0.066844   -0.25547224  0.00462904
  0.13913579  0.21397245  0.24300222  0.04317818  0.02060027 -0.17211716
  0.13110888 -0.15808141 -0.04054802  0.14173377  0.04893093  0.06316572
  0.03067509 -0.14135817  0.04272858  0.11461323 -0.12711962 -0.0547827
  0.09912481 -0.08005195 -0.02797753 -0.10043117  0.24624188  0.10973545
 -0.10160816 -0.18322863  0.18574011 -0.13975731 -0.08037513  0.01120956
 -0.14954476 -0.11317637 -0.25768501 -0.07004334  0.3821058   0.06392404
 -0.12137903  0.11486298 -0.03587347 -0.01669442  0.06446474  0.17276259
 -0.06732299  0.00230755 -0.06420664 -0.0538487   0.22282536 -0.06449606
  0.02802675  0.14536087 -0.0191566   0.07162055  0.01568199  0.00070541
 -0.09034222  0.04255326 -0.16919695 -0.06838881  0.00440153 -0.03088424
  0.01124416  0.11135943 -0.16467036  0.05604297 -0.0007938   0.08861437
  0.00605455  0.01016038 -0.02379334 -0.04003404  0.13078178 -0.15287207
  0.20284891  0.17003463  0.02037873  0.08304503  0.16115546  0.10067522
  0.0165625  -0.01149881 -0.17353682  0.00358604  0.08244326 -0.03982677
  0.06797596  0.03547479]