[-0.10628527  0.07400381  0.04782916 -0.03125755 -0.09698124 -0.10116971
 -0.02489701 -0.15404497  0.13491255 -0.07697723  0.25929609 -0.03555554
 -0.19365849 -0.15686238 -0.03202703  0.21886328 -0.17051893 -0.11538225
 -0.01111219  0.02243444  0.12139177 -0.02339682  0.02737675  0.03554014
 -0.06374716 -0.35315388 -0.09722655 -0.09646574  0.01148701 -0.01914086
 -0.06921853  0.08037678 -0.15854643 -0.10124184  0.07650014  0.05026476
 -0.01394301 -0.06015679  0.18729007  0.00408097 -0.24170232  0.05036415
  0.06353238  0.22093721  0.16700301  0.02948867  0.06167001 -0.15399922
  0.123176   -0.16788872  0.01333921  0.10594696  0.11085059  0.02734059
  0.03202029 -0.14699407  0.02201398  0.09156684 -0.18301336  0.00681182
  0.08791386 -0.09573534 -0.06311429 -0.08548776  0.22977535  0.08489094
 -0.12093198 -0.16162728  0.12724045 -0.11339477 -0.07990256  0.04441985
 -0.16657512 -0.18309461 -0.28013968  0.01480964  0.36862758  0.10995381
 -0.22915255  0.04380589 -0.07150092  0.02222846  0.12749194  0.16645324
  0.03607954  0.02683184 -0.07505558 -0.05958512  0.18310393 -0.09415777
 -0.0068076   0.25354284  0.01161727  0.10138267 -0.00678564 -0.03426537
 -0.05111382  0.02888233 -0.13285518 -0.05264897  0.00781151 -0.0126313
  0.01893864  0.09523296 -0.17211711  0.06460106 -0.00972434  0.04718702
  0.01107819 -0.03349508 -0.05650822 -0.06808992  0.05339105 -0.21645759
  0.23257267  0.19119339  0.06916653  0.10531115  0.10266931  0.03562819
  0.02190996 -0.04357833 -0.17858163  0.00291266  0.13510476 -0.03550162
  0.05027476 -0.03248237]