[-0.07189935  0.14906202  0.10219973 -0.07442223 -0.12789789 -0.05464403
 -0.10907348 -0.19171551  0.12521033 -0.06582812  0.26748928 -0.06055593
 -0.24867086 -0.09875114 -0.0968371   0.26665714 -0.20941925 -0.19559763
  0.03346623  0.01830951  0.10827475 -0.00847559 -0.00130543  0.04049795
 -0.10916159 -0.33634627 -0.14438504 -0.05944126 -0.05877122 -0.05743581
 -0.05666409  0.04409787 -0.17017311 -0.02207491  0.07922169  0.06127018
  0.00954448 -0.12469379  0.1788986   0.0230687  -0.26214281  0.10833295
  0.12167948  0.22131458  0.19544737 -0.00667833  0.05106778 -0.19325541
  0.14025772 -0.14473714  0.02535386  0.18066838  0.08987435  0.02475089
  0.01904103 -0.13767779 -0.00628319  0.15007995 -0.19172959  0.00216286
  0.12564695 -0.11116754 -0.04271251 -0.15371838  0.17509356  0.11910983
 -0.13356422 -0.20261119  0.11363814 -0.11963271 -0.09392022  0.05479718
 -0.19464181 -0.18420114 -0.30257905  0.00322961  0.37648672  0.09369586
 -0.22179452  0.07422754 -0.00574905  0.01434962  0.07668584  0.18769261
  0.03308449  0.04017334 -0.10943313 -0.02354726  0.23055907 -0.08687142
  0.0404139   0.26493606 -0.03025482  0.08520781  0.01278406  0.02840474
 -0.08855339  0.00167251 -0.13774064 -0.048967   -0.08915537 -0.01010679
 -0.01929772  0.07836368 -0.12881979  0.03042093 -0.00685587  0.01613197
 -0.08173297 -0.05049541 -0.02335613 -0.06762262  0.10687046 -0.22266138
  0.1931206   0.14451092  0.03382419  0.08461285  0.11198962  0.09758603
 -0.04276237 -0.08626126 -0.14702576 -0.00217762  0.09952173 -0.04295167
  0.10192546 -0.03032422]