[-6.60513639e-02  1.07028522e-01  6.73592538e-02 -4.86258529e-02
 -8.54654238e-02 -6.94436580e-02 -3.96811105e-02 -1.77105814e-01
  1.78796321e-01 -1.02451861e-01  2.29456618e-01 -9.16055813e-02
 -2.27810249e-01 -8.61800686e-02 -4.68536988e-02  2.21428499e-01
 -1.51990071e-01 -1.44889623e-01 -1.11038117e-02  1.83027666e-02
  9.32129398e-02  9.63615894e-04  2.80147102e-02  5.49517833e-02
 -6.09506741e-02 -3.42770308e-01 -1.06268004e-01 -7.16071427e-02
 -1.12708630e-02 -2.31477320e-02 -9.78873000e-02  8.16397965e-02
 -1.53656408e-01 -7.28362277e-02  5.99168912e-02  2.01325659e-02
 -1.96701325e-02 -7.65490234e-02  1.70381799e-01  1.69623252e-02
 -2.57026285e-01  7.69648924e-02  6.26496449e-02  2.27297336e-01
  1.82820752e-01  4.62734066e-02  4.02765386e-02 -1.69729888e-01
  1.16765909e-01 -1.59033448e-01 -2.16490775e-03  1.26728863e-01
  8.81638080e-02  8.53431225e-03  3.01828738e-02 -1.79983243e-01
 -2.96720602e-02  9.88635346e-02 -1.39792323e-01  1.39556797e-02
  8.67550150e-02 -7.67403990e-02 -6.64472654e-02 -1.08495332e-01
  2.20509052e-01  1.01698473e-01 -1.28571823e-01 -1.72881648e-01
  1.17251031e-01 -1.10036843e-01 -8.24203193e-02  5.00445552e-02
 -1.92279264e-01 -1.73345521e-01 -2.63822943e-01  1.66080601e-03
  3.63651127e-01  7.01698959e-02 -2.13886142e-01  5.33439480e-02
 -3.83820906e-02  6.68138489e-02  1.08258680e-01  1.86263517e-01
  1.80693641e-02  8.28718301e-03 -7.28699490e-02 -6.27302527e-02
  1.77237660e-01 -1.08443819e-01 -2.01835725e-02  2.35503942e-01
 -2.22294312e-02  9.64386314e-02 -3.43990736e-02 -1.01724360e-02
 -7.59615302e-02  3.70902903e-02 -1.51192158e-01 -6.16479889e-02
  4.78385715e-03  3.54069248e-02 -3.53567163e-03  1.17571548e-01
 -1.74338356e-01  6.26306459e-02 -3.63284792e-03  4.17889096e-02
  1.79747231e-02 -3.85457883e-03 -2.86183599e-02 -6.44735098e-02
  5.90284951e-02 -2.30724454e-01  1.89172551e-01  1.75796911e-01
  5.18264361e-02  9.23994780e-02  8.58067572e-02  4.75894175e-02
  3.34470086e-02 -3.26298934e-04 -1.90984011e-01 -1.22766951e-02
  1.37784168e-01 -1.27111245e-02  3.69362347e-02 -2.92089880e-02]