[-1.09358720e-01  1.36338413e-01  7.46582672e-02 -5.66764437e-02
 -9.13237855e-02 -4.93847840e-02 -6.97285458e-02 -1.83747664e-01
  1.35298774e-01 -8.57745484e-02  2.61294246e-01 -6.71259761e-02
 -2.25879773e-01 -1.10933267e-01 -8.77254829e-02  2.91246921e-01
 -2.21075460e-01 -1.95063680e-01  2.19654273e-02 -3.81248828e-04
  9.70716998e-02  1.91008449e-02 -3.21425200e-02  5.77884279e-02
 -9.41712856e-02 -3.18241268e-01 -1.31906912e-01 -6.53930157e-02
 -3.91745158e-02 -2.91747786e-02 -7.49739856e-02  4.77276258e-02
 -1.58417761e-01 -3.81785445e-02  9.39929336e-02  7.81710818e-02
 -1.32686947e-03 -1.12846814e-01  1.84727564e-01  2.75750253e-02
 -2.58684248e-01  8.20462182e-02  1.41359910e-01  2.49538586e-01
  1.76118523e-01 -8.64561647e-04  1.70074273e-02 -1.88057274e-01
  1.40443996e-01 -1.62269995e-01  1.15466472e-02  1.69021115e-01
  6.95863292e-02  6.05723560e-02  4.42545908e-03 -1.37882397e-01
  1.54335741e-02  1.30353615e-01 -1.96186811e-01 -1.36576816e-02
  9.48070511e-02 -1.37778446e-01 -4.09900658e-02 -1.25178173e-01
  1.74636409e-01  1.15256928e-01 -1.19542971e-01 -2.04926237e-01
  1.10053323e-01 -1.37851164e-01 -1.11197427e-01  5.66361509e-02
 -1.69431254e-01 -1.84149608e-01 -3.29085678e-01 -1.64907356e-03
  4.00958270e-01  1.05465673e-01 -1.93003982e-01  1.02411442e-01
  2.11184155e-02 -1.71370748e-02  1.23295896e-01  2.24568009e-01
  3.40135172e-02  4.75910045e-02 -9.26830992e-02 -2.09332760e-02
  2.26512536e-01 -6.98672682e-02  2.24346127e-02  2.46382043e-01
 -2.67206561e-02  8.89938399e-02  2.41203513e-02  4.54627238e-02
 -6.39129505e-02 -3.36633483e-03 -1.31857604e-01 -6.86507970e-02
 -4.97290790e-02  6.18491042e-03 -6.80861948e-03  8.63501653e-02
 -1.46662891e-01  5.95247410e-02  8.43125116e-03  2.15269048e-02
 -6.14103936e-02 -5.09270243e-02 -3.24173062e-03 -3.89914401e-02
  9.35408548e-02 -2.08763435e-01  1.89501926e-01  1.51491985e-01
  1.99287832e-02  1.02806799e-01  1.09394051e-01  7.93355778e-02
 -4.87488769e-02 -9.06293914e-02 -1.74180061e-01 -8.70325230e-03
  1.11126199e-01 -3.36733349e-02  1.20479286e-01 -2.61335131e-02]