[-9.22041684e-02  1.89817473e-01  6.59267232e-02 -1.03304863e-01
 -1.34319514e-01 -2.63521858e-02 -6.23824894e-02 -1.38536841e-01
  1.65225312e-01 -9.28623527e-02  2.72788107e-01 -8.37160423e-02
 -2.31519267e-01 -9.41175446e-02 -3.84634510e-02  2.69246578e-01
 -1.89865723e-01 -1.61328644e-01  1.62385553e-02  3.02609242e-02
  1.25563398e-01  1.06537743e-02 -4.82673571e-03  9.33634117e-02
 -1.08213484e-01 -3.41033816e-01 -9.40412283e-02 -2.74387654e-02
 -1.45893078e-04 -6.54969662e-02 -8.12422782e-02  4.75502349e-02
 -1.69544920e-01 -6.72599599e-02  6.58391044e-02  8.41856822e-02
 -1.11495741e-02 -1.18484847e-01  1.88594624e-01  5.57990931e-02
 -2.56799668e-01  9.88833159e-02  7.13842884e-02  2.57163912e-01
  2.15032265e-01  2.51185591e-03  5.92294000e-02 -1.96711242e-01
  1.46994799e-01 -1.87447444e-01 -3.43765481e-03  1.55225232e-01
  5.69165312e-02  1.65984519e-02  3.11227199e-02 -1.49051309e-01
  6.59161294e-03  1.43476993e-01 -2.09991366e-01 -1.69691201e-02
  1.06642120e-01 -8.23838115e-02  4.18357179e-03 -1.46479830e-01
  1.94441125e-01  1.07644856e-01 -1.12679675e-01 -1.81297958e-01
  1.27238870e-01 -1.12564877e-01 -8.66938606e-02  6.84371591e-02
 -1.60999238e-01 -1.71775684e-01 -2.98171788e-01 -1.22336019e-02
  3.76461595e-01  1.42512381e-01 -2.15998039e-01  6.00330941e-02
 -3.63304536e-03  2.45779380e-03  1.27117321e-01  1.98540628e-01
  4.16958444e-02 -1.21167104e-03 -9.41610485e-02 -4.44976985e-03
  2.19716623e-01 -5.93097620e-02  3.07769533e-02  2.74733126e-01
  1.70607921e-02  8.95535052e-02  1.21326689e-02  2.94595342e-02
 -1.17366865e-01  2.40489524e-02 -1.33830354e-01 -4.63516824e-02
 -8.90837833e-02 -6.95569091e-04  1.00790961e-02  1.25372991e-01
 -1.71535611e-01  9.54269320e-02 -1.72516983e-02  2.56953686e-02
 -7.80174658e-02 -3.97448428e-02  3.45342024e-03 -1.87487938e-02
  7.84935877e-02 -2.16536090e-01  1.63133398e-01  1.55168504e-01
  1.16200745e-02  9.06181931e-02  1.03070512e-01  7.02966377e-02
 -8.95221811e-03 -6.83196560e-02 -1.69660836e-01 -1.86540862e-03
  8.33142772e-02 -6.49643987e-02  1.19042590e-01 -2.08435450e-02]