[-0.11640166  0.13623051  0.09141084 -0.07305538 -0.10480882 -0.08867317
 -0.03256396 -0.19336964  0.11375519 -0.10379938  0.26137757 -0.07253101
 -0.23034655 -0.11221015 -0.00399376  0.20129287 -0.1582417  -0.16081923
  0.00607104  0.01505437  0.1055933  -0.05342772  0.04769338  0.07695532
 -0.12137071 -0.34339103 -0.13668032 -0.07293004 -0.0400029  -0.01968305
 -0.06830498  0.08900613 -0.16900262 -0.05730855  0.03138334  0.02537191
  0.02308251 -0.06832848  0.17468499  0.02809549 -0.25202012  0.08324745
  0.04234736  0.22878177  0.21027891 -0.00586604  0.07406067 -0.10195333
  0.09981485 -0.13222849 -0.00348327  0.1298002   0.10627256 -0.01662312
  0.02157352 -0.14535038 -0.00152118  0.07212374 -0.16810729 -0.01345547
  0.1078458  -0.12619615 -0.05150026 -0.11407163  0.18970494  0.1046323
 -0.10629161 -0.17272684  0.16412149 -0.10575216 -0.05810661  0.05616206
 -0.23328105 -0.15879022 -0.26532337  0.02082108  0.32728931  0.12317218
 -0.20991743  0.05301293 -0.06084835  0.07482339  0.06422318  0.16913617
  0.03655263  0.03301406 -0.08224051 -0.02702624  0.15686525 -0.0733031
 -0.02197127  0.2673994   0.00268032  0.07242246  0.02687736 -0.03818554
 -0.06164917 -0.00299501 -0.13376047 -0.0078189  -0.08038794 -0.02467811
 -0.01196682  0.1086357  -0.16397831  0.05784937 -0.03474527  0.0411694
 -0.08122619  0.00337302 -0.0271824  -0.06643494  0.03822474 -0.23049116
  0.14774072  0.19993232  0.02711454  0.07532581  0.07357968  0.04906752
  0.00450174 -0.00615588 -0.15544729 -0.0182793   0.12605229 -0.0517763
  0.06284811 -0.01433505]