[-0.09745796  0.13739918  0.09923889 -0.05171043 -0.10938486 -0.06917111
 -0.03610202 -0.1781185   0.12054475 -0.12168391  0.26928082 -0.07686564
 -0.2349249  -0.10626131 -0.01140312  0.21457647 -0.15667301 -0.1475928
 -0.00550441  0.04679528  0.12107762 -0.02476024  0.05287188  0.06471842
 -0.1013628  -0.36477497 -0.13000648 -0.06891896 -0.01536039 -0.02863492
 -0.08235266  0.05781896 -0.15657549 -0.05705146  0.042234    0.0210927
  0.01452225 -0.08032461  0.17436913  0.0375728  -0.27850553  0.09471957
  0.02472038  0.23613524  0.20370746  0.0158101   0.06751272 -0.1342831
  0.10534849 -0.14642456  0.01429723  0.12825958  0.10474388 -0.02008784
  0.03217912 -0.14304246 -0.01890036  0.08262377 -0.16843754 -0.01230251
  0.11625484 -0.08495811 -0.03155394 -0.12345555  0.18647967  0.08503371
 -0.12414458 -0.16555321  0.15310612 -0.10880432 -0.04797025  0.05633286
 -0.21966974 -0.17313735 -0.24438897  0.01859788  0.35624954  0.11959244
 -0.21389551  0.03836061 -0.06574088  0.06015891  0.0715776   0.18593436
  0.05887279  0.02195992 -0.06943864 -0.0297983   0.15952407 -0.09795578
 -0.00110831  0.2899549  -0.00082301  0.06352388  0.00789766 -0.0366208
 -0.0735451   0.01974278 -0.12510946 -0.01917312 -0.07415771 -0.01750704
 -0.00226399  0.10393858 -0.17379461  0.07138186 -0.03038611  0.04419076
 -0.0272588  -0.00125415 -0.04149391 -0.07640576  0.04917529 -0.23535271
  0.15387766  0.19489875  0.03996126  0.07598998  0.08073825  0.06328001
  0.02717206 -0.01181006 -0.17656526 -0.01807221  0.12543488 -0.05314345
  0.04648132 -0.02859938]