[-0.13154311  0.13687702  0.08359467 -0.07068146 -0.10919751 -0.10019457
 -0.03206214 -0.18635319  0.10576315 -0.10085516  0.26792917 -0.07162077
 -0.22456644 -0.12655471 -0.01741595  0.21039429 -0.15976071 -0.15636842
  0.01018359  0.0158209   0.10063829 -0.05322182  0.03937628  0.08547386
 -0.11461525 -0.35517797 -0.12222499 -0.0710838  -0.0384868  -0.02358704
 -0.07148073  0.0943428  -0.15650827 -0.05816233  0.03458861  0.03336081
  0.0324874  -0.0640756   0.16759747  0.02953393 -0.24766555  0.07281702
  0.04290354  0.24369918  0.2236166  -0.00677476  0.08445194 -0.10568357
  0.1072891  -0.14375165 -0.01602579  0.11925942  0.09372094 -0.01860552
  0.02438178 -0.13764474 -0.01026768  0.07663637 -0.1792001  -0.02695518
  0.09314056 -0.10786445 -0.05569395 -0.119509    0.18492785  0.10853872
 -0.11130638 -0.15543604  0.17885847 -0.11877974 -0.0618704   0.03941595
 -0.2158763  -0.16595693 -0.26720196  0.02125647  0.3272061   0.1452997
 -0.20002683  0.05489998 -0.05133529  0.07030405  0.06751263  0.15318261
  0.02658684  0.03616111 -0.07446382 -0.02179335  0.1557502  -0.05639141
 -0.01577251  0.25815484  0.00317285  0.06383067  0.03571019 -0.02178537
 -0.05846893  0.00799269 -0.14074597 -0.0060378  -0.07089417 -0.03791244
  0.00701143  0.10290951 -0.17310789  0.06613616 -0.03481499  0.04224787
 -0.08145916  0.00571247 -0.02217555 -0.04485243  0.03681086 -0.22287202
  0.15725143  0.20362547  0.03115824  0.09068287  0.07386242  0.0348818
  0.00454393 -0.02730306 -0.13873838 -0.03208368  0.11821244 -0.05362554
  0.07380237 -0.01339481]