[-0.07279166  0.15470126  0.08770901 -0.07862272 -0.12058137 -0.03897259
 -0.10515791 -0.18844663  0.13375668 -0.07253604  0.28215596 -0.06001393
 -0.24371059 -0.10844027 -0.08748996  0.26941708 -0.20711382 -0.19726096
  0.03698244  0.02041107  0.10739755  0.00110553 -0.00610548  0.04392558
 -0.1041164  -0.33347574 -0.14193152 -0.06296339 -0.04212462 -0.06548797
 -0.07682001  0.0442335  -0.16795002 -0.02673218  0.08015402  0.06193862
  0.00416487 -0.11011475  0.18145931  0.0305269  -0.25845084  0.10313536
  0.11864354  0.22895411  0.19058108 -0.00099409  0.04139758 -0.19285649
  0.12534761 -0.14149497  0.03918844  0.18046753  0.10235693  0.03125989
  0.01376464 -0.14464711 -0.01585221  0.14915586 -0.18796411  0.00185352
  0.11625624 -0.1045828  -0.04619797 -0.14817189  0.17344095  0.11264863
 -0.13018762 -0.20034125  0.11094244 -0.11134224 -0.10254987  0.05832298
 -0.19279794 -0.19020374 -0.3023313   0.00619003  0.36845562  0.09981382
 -0.23068038  0.07308675  0.00397577 -0.00139763  0.07937188  0.18634753
  0.03028956  0.04019831 -0.10768393 -0.02253612  0.22006308 -0.08637025
  0.04285965  0.26261836 -0.02999604  0.08997829  0.01118735  0.03871007
 -0.07996973 -0.00081999 -0.14288221 -0.06769895 -0.08492946 -0.00579789
 -0.0283747   0.08997732 -0.14343946  0.04575953  0.00280703  0.00918886
 -0.08092982 -0.04949928 -0.00941988 -0.06488817  0.10666043 -0.21840699
  0.18375869  0.15371759  0.03813019  0.09067441  0.11163564  0.0899413
 -0.03838274 -0.09526924 -0.16419993 -0.00396399  0.10429799 -0.04369733
  0.09942219 -0.02578175]