[-0.10753202  0.09616926  0.0429585  -0.05132169 -0.08129616 -0.09753539
 -0.03115276 -0.15087748  0.13846888 -0.08093333  0.27430028 -0.05676532
 -0.18062741 -0.17973198 -0.02960522  0.21672972 -0.19159453 -0.12311202
 -0.01156425  0.015106    0.15247606 -0.03755582  0.03571079  0.043947
 -0.07586715 -0.36433521 -0.11758319 -0.10580086  0.03530341 -0.03608295
 -0.05434813  0.0537246  -0.16974561 -0.10349797  0.05462689  0.03740796
 -0.00097931 -0.07169306  0.18500222 -0.00506099 -0.23650999  0.05251726
  0.05357153  0.21776202  0.1614459   0.03109978  0.07329338 -0.14593479
  0.12107976 -0.13390997  0.02552815  0.11757141  0.12453536  0.03201449
  0.03468471 -0.13068902  0.02734024  0.10781913 -0.17743479  0.00366712
  0.08905103 -0.0859814  -0.05248719 -0.0761761   0.21171589  0.07514393
 -0.11316001 -0.17648818  0.13374434 -0.09322885 -0.06164075  0.05875015
 -0.17928712 -0.17348805 -0.27259055  0.01412538  0.3708213   0.09455462
 -0.22192271  0.04048334 -0.08432569  0.02291421  0.12128463  0.16800842
  0.03449789  0.02586878 -0.08610045 -0.03679289  0.16180898 -0.09957585
 -0.00599907  0.2521612   0.00838065  0.09624385 -0.01384407 -0.02838719
 -0.0605669   0.05152828 -0.0935847  -0.03463776  0.01272704 -0.00259155
 -0.00067496  0.08810043 -0.15806554  0.06153158 -0.00379322  0.05757305
 -0.00653446 -0.0289283  -0.04584419 -0.07717677  0.04561013 -0.22243114
  0.20891595  0.20195583  0.05088435  0.10314681  0.0949318   0.04984052
  0.02797396 -0.05645213 -0.19178127  0.01558279  0.12728235 -0.02816054
  0.0381422  -0.03740225]