[-0.0737417   0.10474539  0.04414571 -0.03740599 -0.10355558 -0.06281044
 -0.02902422 -0.16594256  0.14794765 -0.08206113  0.24347392 -0.05953564
 -0.20789436 -0.11613225 -0.03439626  0.22364485 -0.1525325  -0.13063817
 -0.0225208   0.03813512  0.12799126  0.01563348  0.02913091  0.03477639
 -0.04623036 -0.33839589 -0.10250951 -0.06206207  0.02291236 -0.02759409
 -0.08616339  0.08353013 -0.15352075 -0.08353677  0.09039287  0.05584133
 -0.02532143 -0.08593892  0.16895428  0.01549705 -0.25737092  0.07951963
  0.05890708  0.2238467   0.17788111  0.0337473   0.05386842 -0.17937152
  0.11148585 -0.17020728  0.01886243  0.12116416  0.09934106  0.02997142
  0.0384278  -0.16331877  0.00164217  0.09663966 -0.16291016  0.00741224
  0.10627232 -0.07646772 -0.03280336 -0.11076001  0.21330884  0.08535011
 -0.12263081 -0.18377952  0.10092355 -0.11383305 -0.08663245  0.06534695
 -0.17437273 -0.18109138 -0.25486934  0.01107012  0.38272038  0.10182518
 -0.21603096  0.04922018 -0.04821366  0.03253549  0.12337223  0.17711692
  0.04061182  0.01206283 -0.0802415  -0.05433918  0.20208994 -0.11406561
 -0.01223596  0.26642117 -0.00595998  0.0931636  -0.02140259 -0.01405101
 -0.04972658  0.04696618 -0.12036909 -0.05768048 -0.00939073 -0.00945562
  0.01140851  0.10828354 -0.16312386  0.06874748 -0.02116044  0.06346703
  0.01755766 -0.03825493 -0.04771745 -0.05354771  0.06013203 -0.23819633
  0.21866396  0.17489044  0.05525979  0.08968386  0.09604305  0.06704348
  0.04114947 -0.03669695 -0.18355419 -0.00396206  0.13445503 -0.01750948
  0.03490895 -0.02687525]