[-0.02230776  0.11360814  0.00622842 -0.03605799 -0.03108194  0.01030568
 -0.04732076 -0.05366167  0.16475159 -0.06712572  0.22139044 -0.02226414
 -0.24818964 -0.13384373 -0.06793883  0.15230066 -0.18915208 -0.12046256
 -0.02714262  0.02158832  0.07933249  0.0466722   0.01112715  0.02658977
 -0.07589434 -0.3194533  -0.07667354 -0.11898543  0.01971542 -0.09982195
 -0.07133722  0.09607853 -0.16326196 -0.11129214  0.04925899  0.02494336
 -0.01039203  0.01047031  0.18614672  0.05145982 -0.17844513  0.07362241
  0.01234938  0.30526176  0.18707798  0.07125508  0.01293939 -0.14059268
  0.08056257 -0.16834591  0.04053122  0.1877768   0.08883613  0.02910738
  0.03255912 -0.14118926 -0.01770034  0.08755178 -0.14223753  0.03286033
  0.0663805  -0.01076566  0.01127006 -0.03795293  0.15682116  0.00410106
 -0.08896922 -0.17053644  0.1379658  -0.13430491 -0.07524079  0.06774957
 -0.15180889 -0.15920092 -0.26014858  0.02137284  0.3809424   0.09509498
 -0.14719251  0.07625932 -0.06145997 -0.06620291  0.11082318  0.08894059
 -0.05547899  0.00444113 -0.05037158  0.02192445  0.19727165 -0.02053071
 -0.03554649  0.16714369 -0.02050328  0.04657359  0.04950674 -0.0236841
 -0.02756043  0.05344315 -0.18232171 -0.01455713 -0.02235287 -0.08074814
 -0.01627626  0.13345335 -0.14343837  0.05354663  0.0213217  -0.0067452
 -0.00425099  0.03893609 -0.14191385 -0.04508137  0.15331903 -0.21410494
  0.21489175  0.17011462  0.09401517  0.04807642  0.12633751  0.05403395
  0.00845998 -0.03705257 -0.21170406 -0.05211655  0.11437216 -0.00105521
  0.08735444 -0.03620581]