[-0.05701659  0.12850556  0.03043388 -0.0633587  -0.07284232 -0.01125438
 -0.06819149 -0.08476607  0.13564484 -0.04813702  0.19602373 -0.04772784
 -0.209409   -0.13824318 -0.09239612  0.15710203 -0.20667072 -0.13320135
  0.00789368 -0.02578303  0.07085215  0.04661851 -0.00231379  0.04655957
 -0.06337592 -0.32012665 -0.05282689 -0.10631952  0.01861481 -0.04238019
 -0.0660843   0.11834896 -0.17144451 -0.08179905  0.05877606  0.06551472
 -0.01814087  0.02023492  0.15283242 -0.00486856 -0.15783107  0.06690776
  0.06929394  0.29522857  0.20243922  0.07385896 -0.00091782 -0.14176127
  0.12736301 -0.14825538  0.03474848  0.18200135  0.09767475  0.03220832
  0.01188303 -0.14888106  0.00602608  0.06919438 -0.13032053  0.01872259
  0.03649338 -0.0582063  -0.00074693 -0.05965726  0.18935648  0.01316734
 -0.07205041 -0.17161295  0.1444072  -0.13591383 -0.09578512  0.06215826
 -0.14334138 -0.11536285 -0.27533504 -0.00705975  0.41415101  0.08475678
 -0.16134669  0.08439203 -0.06050568 -0.0639352   0.1060848   0.09365693
 -0.09281737  0.00260381 -0.09164997  0.01108502  0.22562519 -0.04034411
 -0.04042378  0.16295549  0.01889133  0.08943226  0.04463568 -0.03566024
 -0.04590048  0.05362993 -0.19867246 -0.05402523 -0.02516214 -0.07163987
 -0.02348738  0.12798379 -0.17750481  0.0866487   0.0493103   0.01780998
 -0.02069175  0.02978468 -0.10899115 -0.03931193  0.15091027 -0.19103733
  0.20375471  0.15239254  0.14010878  0.10137077  0.12749569  0.03466431
 -0.00587124 -0.06811154 -0.1761332  -0.03728126  0.12628368 -0.02322715
  0.1043664   0.01462284]