[-4.88638543e-02  1.27466917e-01  4.34952118e-02 -1.35428188e-02
  2.55063064e-02 -3.05067952e-04 -2.10933778e-02 -5.49313128e-02
  1.80646420e-01 -7.73158893e-02  2.50079989e-01 -1.50904851e-02
 -2.39506587e-01 -1.40797183e-01 -4.07400168e-02  1.51060179e-01
 -2.00671181e-01 -1.08450055e-01 -4.08900976e-02 -5.58373192e-03
  7.34253898e-02  4.43898700e-02  2.68315244e-03  3.00455578e-02
 -8.83401781e-02 -3.25254411e-01 -7.19803348e-02 -1.30614862e-01
  4.78872471e-02 -8.62456635e-02 -1.10030510e-01  5.76346777e-02
 -1.76115945e-01 -1.09154873e-01  2.99298521e-02  1.09659052e-02
  2.25659311e-02  4.51182667e-03  1.54964089e-01  8.72806758e-02
 -1.50591582e-01  4.36016545e-02  2.20274931e-04  3.18215400e-01
  2.02398136e-01  7.44996816e-02  1.38401426e-03 -1.20443739e-01
  6.98689744e-02 -1.95554614e-01  2.00978890e-02  1.65272862e-01
  8.86532590e-02  5.05142808e-02  4.98661622e-02 -1.71417311e-01
 -3.28927264e-02  3.88872474e-02 -1.41451731e-01  4.05405276e-02
  3.50049548e-02  1.22796539e-02  1.08999833e-02 -2.86969077e-02
  2.05634788e-01  3.41001004e-02 -1.12482548e-01 -1.44790620e-01
  1.32483408e-01 -1.37131616e-01 -4.90285642e-02  5.91045283e-02
 -1.40807077e-01 -1.42328382e-01 -2.64430374e-01  2.68910769e-02
  3.86575520e-01  1.02134585e-01 -1.72528461e-01  5.15528582e-02
 -1.19791128e-01 -6.52573928e-02  1.11164294e-01  9.14683044e-02
 -5.80711365e-02  4.00926024e-02 -4.70648967e-02  1.19558694e-02
  1.90833941e-01 -1.11562018e-04 -3.48759703e-02  1.94624081e-01
 -4.84273843e-02  3.99171412e-02  3.85313183e-02 -2.28024255e-02
 -5.45553155e-02  2.63949130e-02 -1.66076854e-01 -4.86792028e-02
 -1.65024456e-02 -8.01913217e-02 -8.85263365e-03  1.43318310e-01
 -1.82363734e-01  5.42075336e-02  3.07559203e-02 -5.77125605e-03
  1.56429410e-02  4.81225625e-02 -1.31658241e-01 -3.82020138e-02
  1.40697941e-01 -2.31189370e-01  2.12642118e-01  1.88358024e-01
  8.05257186e-02  5.30952401e-02  9.22610909e-02  4.20947149e-02
 -1.03771165e-02 -2.01875567e-02 -1.73898995e-01 -4.66966815e-02
  7.73097575e-02 -2.39990987e-02  7.13104159e-02 -4.48138602e-02]