[-0.0812981   0.10121621  0.0614502  -0.0092661  -0.01666194 -0.01429638
 -0.04413036 -0.0920794   0.12574257 -0.05657757  0.23998849 -0.06080675
 -0.22991507 -0.11468029 -0.07271017  0.15611339 -0.19063289 -0.1114852
 -0.02174517  0.00770888  0.08727376  0.01711103  0.02652429  0.00163424
 -0.07097083 -0.32114559 -0.06206684 -0.12004256  0.04809984 -0.04776732
 -0.09772249  0.02830142 -0.16618629 -0.0899688   0.02533004  0.08703344
  0.00456979  0.00080434  0.16236304 -0.00883414 -0.18314411  0.08594415
  0.04650271  0.2746205   0.21360736  0.13041745 -0.00729105 -0.13969785
  0.10543412 -0.19025789  0.06399941  0.14010729  0.09568005  0.02373429
  0.08144777 -0.14550714 -0.00707578  0.0502665  -0.11249864  0.00932351
  0.07297595  0.04093727  0.04964776 -0.07668594  0.18153206  0.00961041
 -0.07947911 -0.10898912  0.13512748 -0.13465142 -0.08762202  0.05590039
 -0.14028043 -0.14208613 -0.29724604  0.01927225  0.42446128  0.11327638
 -0.13785718  0.07262283 -0.0245393  -0.03970269  0.14696012  0.06312603
 -0.05716981  0.01839388 -0.09204125 -0.00476923  0.20799887 -0.03893584
 -0.03133133  0.14028811 -0.0294712   0.06619204  0.02772464 -0.00382028
 -0.03746841  0.06852469 -0.19069581 -0.03396839  0.02120836 -0.04281752
  0.0079351   0.12433638 -0.17068724  0.03637176  0.00949602  0.01074985
  0.01371575  0.05228373 -0.11966765 -0.00127071  0.1340147  -0.22153714
  0.21139716  0.18272725  0.05809469  0.04783963  0.12071943  0.04509512
 -0.00082868  0.00287925 -0.21485749 -0.07806464  0.08602744 -0.00531348
  0.1102968   0.02839503]