[-0.06445456  0.09702589  0.05711009 -0.03158056 -0.03567417  0.01467654
 -0.01551361 -0.0489645   0.15318047 -0.07442939  0.22561987 -0.05672931
 -0.23208474 -0.12617615 -0.0559597   0.19444618 -0.19684421 -0.12664099
  0.00840992  0.00607555  0.06343359  0.02135187 -0.00490149  0.00633376
 -0.08195462 -0.31626955 -0.0661008  -0.12082414 -0.00470115 -0.06498756
 -0.0754884   0.07326644 -0.16323598 -0.08948552  0.04875469  0.02426987
 -0.00569743  0.00499116  0.16892731  0.01156009 -0.16758886  0.04921324
  0.03340369  0.28248227  0.14872739  0.07081466  0.01023216 -0.14938276
  0.07897747 -0.15159754  0.03262655  0.1416142   0.08417338  0.02549714
  0.01055227 -0.14515585 -0.00605054  0.07541504 -0.1244427   0.0246867
  0.0617945  -0.00477789 -0.00124213 -0.04433313  0.20847538  0.00751658
 -0.09088501 -0.18453462  0.13142653 -0.09732284 -0.07004732  0.05052963
 -0.15020071 -0.14482991 -0.26667801  0.01585061  0.38399535  0.05955797
 -0.17276537  0.07102268 -0.08253014 -0.03733299  0.12479415  0.10949045
 -0.04851397  0.02088668 -0.06250336 -0.01143654  0.19729273 -0.05168171
 -0.03888115  0.14427112 -0.01615842  0.0461668   0.02872868 -0.04496655
 -0.02938128  0.06724747 -0.16955878 -0.05149288 -0.00459467 -0.05866437
 -0.01387988  0.14819013 -0.1851964   0.06415294  0.02163661  0.00807095
  0.0122009   0.05187308 -0.12146395 -0.05013023  0.134028   -0.22203422
  0.18575887  0.1735201   0.0812998   0.06640697  0.12135755  0.06076804
 -0.00317328 -0.00146506 -0.21590376 -0.01786906  0.12596104 -0.00550548
  0.09314554 -0.00916638]