[-0.07540905  0.0991063   0.04230478 -0.05733133 -0.03474638  0.01187834
 -0.04942627 -0.08191351  0.14632428 -0.06540389  0.21859716 -0.04384856
 -0.20032497 -0.09795052 -0.06657063  0.18120067 -0.2225401  -0.14622994
 -0.00684472  0.0247996   0.07437595  0.02059004  0.01453319  0.03893577
 -0.08992592 -0.33587009 -0.08624078 -0.13619767  0.01648078 -0.03268873
 -0.0776489   0.04251267 -0.16017805 -0.07326777  0.05556286  0.07058115
 -0.00500026 -0.01115263  0.16428877  0.00276331 -0.18695809  0.08226781
  0.07490321  0.29053679  0.17267771  0.10495842  0.02103249 -0.13701472
  0.10302786 -0.17228487  0.06739837  0.13384776  0.09226283  0.03886749
  0.04576658 -0.14785258  0.01058352  0.07813437 -0.1167711   0.03771094
  0.0638253   0.02924556  0.04202431 -0.05455228  0.2190892   0.04515262
 -0.09444799 -0.15971193  0.11464057 -0.11516302 -0.10096043  0.03745966
 -0.17072608 -0.13392894 -0.28558844 -0.00153662  0.42124462  0.07751036
 -0.15241592  0.06701399 -0.04886521 -0.03907732  0.12037476  0.09417028
 -0.07619716  0.02328625 -0.08837771  0.0018002   0.24516085 -0.04203903
 -0.02852335  0.14745425 -0.01722032  0.0600799   0.02635989 -0.0111523
 -0.04689234  0.06153383 -0.19767621 -0.04465835 -0.0139241  -0.01663366
 -0.0143899   0.14476618 -0.18674482  0.04986794  0.02035607 -0.00367755
 -0.00427751  0.07723682 -0.14025994 -0.04696366  0.13736993 -0.19237067
  0.19363081  0.18483673  0.10470045  0.05120022  0.13320537  0.03434525
 -0.00460501  0.00628606 -0.21816652 -0.02926793  0.12408134 -0.00530036
  0.10292836  0.01444334]