[-7.30056688e-02  1.00825958e-01  5.79986833e-02 -4.36901115e-02
 -3.20014916e-02  1.03328936e-02 -4.54059355e-02 -7.17955008e-02
  1.43314332e-01 -8.10654685e-02  2.05010414e-01 -4.14663665e-02
 -2.08914667e-01 -8.94626901e-02 -7.11008161e-02  1.78674623e-01
 -2.01364830e-01 -1.41728327e-01 -1.62463337e-02  1.35406135e-02
  7.75804296e-02  3.39445062e-02  1.94540359e-02  2.77486984e-02
 -9.27874371e-02 -3.28181982e-01 -8.51156339e-02 -1.47085115e-01
  9.43130534e-03 -4.19217236e-02 -8.90970901e-02  2.79786289e-02
 -1.50287434e-01 -7.80395344e-02  4.53799181e-02  6.21088818e-02
  5.40457666e-04 -1.03492271e-02  1.60344586e-01  1.06008118e-02
 -1.81317985e-01  7.63603076e-02  7.34302402e-02  2.90204048e-01
  1.74346983e-01  9.92530510e-02  1.15084397e-02 -1.31222859e-01
  9.44729373e-02 -1.80584267e-01  6.98583424e-02  1.18231654e-01
  8.72468725e-02  4.42328677e-02  6.34235814e-02 -1.45577058e-01
  7.55478442e-03  7.76678249e-02 -1.14993431e-01  4.12029512e-02
  6.09891675e-02  3.91856991e-02  2.74760723e-02 -5.07492013e-02
  2.17305616e-01  4.77204025e-02 -9.28871855e-02 -1.46653488e-01
  1.20057575e-01 -1.24685898e-01 -9.53458771e-02  3.12166419e-02
 -1.60454720e-01 -1.22305386e-01 -2.69877404e-01 -6.97261828e-04
  4.17026252e-01  8.77177939e-02 -1.57977507e-01  6.10512197e-02
 -5.13039343e-02 -3.60023640e-02  1.24709345e-01  8.40962306e-02
 -7.34993741e-02  2.81735845e-02 -7.48705566e-02  3.68076202e-04
  2.26708934e-01 -3.56318317e-02 -2.64187697e-02  1.49947956e-01
 -1.68111417e-02  5.51143065e-02  3.86326686e-02 -1.92650650e-02
 -5.38053289e-02  4.97841425e-02 -2.04926401e-01 -4.73359860e-02
 -1.06284767e-02 -3.22040468e-02 -1.94052141e-02  1.40292510e-01
 -1.85776696e-01  4.54071425e-02  1.79788154e-02 -1.06590437e-02
  4.25962079e-03  8.24670941e-02 -1.46871522e-01 -4.14818302e-02
  1.44605309e-01 -1.84473395e-01  1.83304891e-01  1.84040591e-01
  8.73609558e-02  4.87595238e-02  1.34014428e-01  3.74630578e-02
 -3.64296744e-03  1.07410150e-02 -2.22444043e-01 -3.45507972e-02
  1.24153964e-01 -1.36610894e-02  9.54596922e-02  1.20370444e-02]