[-0.02851745  0.11963264  0.02399131 -0.02444021 -0.02435286  0.02784313
 -0.03921539 -0.0484793   0.15941767 -0.05924283  0.22251205 -0.02888811
 -0.25912771 -0.12818144 -0.06261881  0.1547371  -0.17811953 -0.12741147
 -0.03503291  0.00681897  0.08775649  0.04874604  0.01471685  0.02686594
 -0.09718955 -0.30846581 -0.05787615 -0.11389384  0.01596627 -0.11581769
 -0.07816666  0.0814628  -0.16379552 -0.09880622  0.04746866  0.01690141
 -0.00095187  0.00140418  0.17907973  0.05457584 -0.17768341  0.06290741
  0.0054626   0.30301896  0.17408882  0.06813573  0.00523093 -0.134248
  0.07349034 -0.18765645  0.04048289  0.19201684  0.07983544  0.03321716
  0.02838632 -0.14138398 -0.03074087  0.08960213 -0.12450919  0.04591294
  0.0673651  -0.00797503  0.00739355 -0.05339937  0.1474697   0.01087751
 -0.09929018 -0.15931046  0.12286978 -0.11454573 -0.07624029  0.06447003
 -0.14638877 -0.16151404 -0.24623215  0.02738411  0.38135925  0.09196675
 -0.1680461   0.05094032 -0.06850947 -0.04453368  0.10404544  0.08290274
 -0.05821418  0.00757879 -0.04791037  0.02581579  0.196715   -0.02038944
 -0.03364675  0.17704964 -0.02309193  0.0424179   0.044557   -0.00950219
 -0.02976396  0.05650381 -0.172399   -0.01365643 -0.01348152 -0.08330326
 -0.00986217  0.13401249 -0.14903535  0.06073898  0.02466477 -0.00463582
  0.01092475  0.05118721 -0.14023446 -0.04404413  0.14934833 -0.21402286
  0.21075647  0.18339102  0.09384047  0.0438785   0.12039866  0.06129066
  0.01475397 -0.02504176 -0.19746704 -0.05856956  0.11282094 -0.00499309
  0.06686711 -0.03809718]