[-1.74357921e-01  1.18803315e-01  9.66905504e-02 -1.19792894e-01
 -1.03669122e-01 -3.88813093e-02 -5.63462935e-02 -1.27390191e-01
  1.61457822e-01 -1.36575848e-01  2.49034762e-01 -9.11986306e-02
 -2.32776985e-01 -5.48320524e-02 -5.90562038e-02  2.55581856e-01
 -2.40111709e-01 -1.16498746e-01 -1.66092627e-03  2.83121335e-04
  1.19812489e-01  3.01671568e-02  5.92162870e-02  1.52772833e-02
 -7.20142946e-02 -3.84022713e-01 -6.71043098e-02 -3.93071882e-02
 -5.64632425e-03 -2.94250008e-02 -2.75847111e-02  6.78700730e-02
 -1.79809973e-01 -3.28191817e-02 -1.24263018e-03  8.47805515e-02
 -6.35019317e-02 -1.28417611e-01  1.73392877e-01 -2.97183879e-02
 -2.67174929e-01 -6.90852990e-03  7.45392665e-02  2.20056102e-01
  1.90276563e-01  1.36712370e-02  1.87198948e-02 -2.00255305e-01
  1.14793241e-01 -1.89434186e-01 -3.92360650e-02  1.04056217e-01
  4.16952389e-04  9.19921696e-03  3.84980738e-02 -1.32601485e-01
  3.59613262e-02  1.34027615e-01 -1.64923057e-01 -6.09099269e-02
  7.68416300e-02 -1.04991041e-01  1.28757823e-02 -1.32898197e-01
  2.37673029e-01  1.13943480e-01 -8.54158103e-02 -1.58321068e-01
  1.57194868e-01 -5.47676943e-02 -5.43654226e-02  8.70180055e-02
 -1.51090771e-01 -1.87862143e-01 -2.56646633e-01 -5.94526827e-02
  3.41305047e-01  6.07208982e-02 -1.07334852e-01  5.56920134e-02
 -2.29897872e-02  2.02317722e-03  1.62176177e-01  1.91490158e-01
  1.06606261e-04 -7.92135298e-03 -8.60251710e-02  1.90327335e-02
  2.04065278e-01 -1.08345211e-01 -1.95691250e-02  2.11881518e-01
  4.96336084e-04  4.75974977e-02  2.76008318e-03  2.13947035e-02
 -1.10709324e-01  9.96122956e-02 -1.71244398e-01 -4.60797511e-02
  2.36824509e-02  4.07022843e-03  1.02198897e-02  1.24487162e-01
 -1.25776216e-01  4.90845852e-02  3.39706428e-03  3.29419263e-02
  2.13921461e-02 -8.32819119e-02 -9.05848481e-03 -4.63772938e-02
  6.22483380e-02 -1.96526334e-01  1.67098492e-01  1.62371188e-01
  1.06473407e-02  1.48862526e-01  1.04903139e-01  7.73433298e-02
 -2.26677693e-02 -3.78488563e-02 -2.29558632e-01  5.08368909e-02
  1.45763233e-01  2.09573563e-02  1.01592757e-01 -1.12821469e-02]