[-0.15577297  0.13656722  0.09266847 -0.07718716 -0.13976985 -0.07265189
 -0.05431735 -0.12277126  0.15160869 -0.07759222  0.27914712 -0.06090276
 -0.22122052 -0.07190695 -0.04115145  0.24446581 -0.18262896 -0.118274
 -0.03068205  0.00081662  0.08683786  0.00849476  0.08688597  0.03509089
 -0.12520549 -0.39029127 -0.05750038 -0.03561535 -0.04116965 -0.0018927
 -0.05345119  0.12995616 -0.17171021 -0.07260444  0.06380557  0.14230345
 -0.06024167 -0.0882948   0.2089418  -0.04202757 -0.28436294 -0.01168904
  0.08460962  0.27012441  0.20058703 -0.02130749  0.05413035 -0.14339928
  0.13518953 -0.16439795  0.02957634  0.11856524  0.04021099 -0.00095607
  0.081036   -0.12503111  0.03589581  0.16431135 -0.16641895 -0.11513457
  0.08227085 -0.12021273 -0.00998424 -0.17379938  0.21605317  0.11429488
 -0.07408541 -0.16005503  0.16233481 -0.03745836 -0.04058141  0.08773211
 -0.19579767 -0.18081824 -0.32082102 -0.03787632  0.35672638  0.07526981
 -0.13258721  0.06682038  0.00939002 -0.00794646  0.1173664   0.15945283
  0.00772603  0.04660339 -0.10939294  0.04184433  0.18634114 -0.10607286
 -0.02382491  0.18958521  0.00929583  0.02223297  0.03406985  0.0130872
 -0.10697366  0.08070398 -0.20391929 -0.01304016  0.0110158  -0.01377471
  0.00598262  0.10205904 -0.15882589  0.03100374  0.00698104  0.04749154
 -0.02651894 -0.08834773 -0.03571919 -0.06443702  0.07078708 -0.21780084
  0.15274887  0.1287546  -0.00725695  0.14698693  0.09268227  0.04477835
 -0.02037474 -0.0412933  -0.20422678  0.02810975  0.14676303  0.00589497
  0.11288154  0.02267215]