[-0.18592283  0.10243201  0.12292533 -0.11121724 -0.10190518 -0.05631602
 -0.05708417 -0.18182881  0.11859745 -0.09077479  0.27871978 -0.11138135
 -0.20511341 -0.06296235 -0.04820506  0.24276701 -0.1815349  -0.13378809
 -0.04712948  0.02958083  0.09642302  0.01798137  0.05384944 -0.00890026
 -0.08177947 -0.37263608 -0.08271171 -0.01328849 -0.00381467 -0.02907722
 -0.02532058  0.06626763 -0.22223794 -0.01601741  0.02927346  0.11231885
 -0.05085691 -0.14257061  0.13224767 -0.0815938  -0.30082032  0.00951978
  0.08259156  0.2033428   0.18224879  0.00842242  0.00226308 -0.17859249
  0.09328864 -0.18093084 -0.00504393  0.09562983 -0.01569475  0.01741445
  0.02553495 -0.13699776  0.03726003  0.10536277 -0.12628068 -0.05713221
  0.09145774 -0.10720562 -0.00982606 -0.16879439  0.19227074  0.0813524
 -0.11203247 -0.14960094  0.13687079 -0.03884931 -0.01599296  0.08235516
 -0.18462782 -0.22188778 -0.29239544 -0.02356954  0.3700746   0.05793218
 -0.17042632  0.04190477 -0.01076525  0.04385485  0.12572435  0.18530327
  0.04952162  0.03044217 -0.1195609   0.02763153  0.23671818 -0.14441711
 -0.00554079  0.26060507 -0.01776224  0.03312704 -0.0316316   0.05953163
 -0.06127898  0.07288964 -0.16294168 -0.01862215  0.05362178  0.02623093
 -0.01539199  0.1501251  -0.12216478  0.07445978  0.03913102  0.0686069
  0.0318727  -0.07905368  0.00668749 -0.09693724  0.05061917 -0.19507085
  0.17017709  0.1932466   0.04231427  0.12906487  0.09102672  0.07602432
  0.01151024 -0.0135185  -0.21274817  0.02530601  0.11979284  0.03003433
  0.03620628  0.03047749]