[-0.11450619  0.10233106  0.12274685 -0.0237806  -0.04619886 -0.07531885
  0.00358624 -0.09615339  0.15226953 -0.10162449  0.2178763  -0.04446574
 -0.21648537 -0.12537478 -0.01350542  0.18387111 -0.15272246 -0.08503649
 -0.04537348 -0.05175702  0.10272411  0.03818884  0.00855583 -0.01791658
 -0.0520826  -0.32137474 -0.08803525 -0.03977187  0.06696852 -0.02918175
 -0.05096768  0.02418367 -0.15770219 -0.1233071   0.0351601   0.07054885
 -0.0165452  -0.05709502  0.14787707  0.06053307 -0.18297563  0.00176428
 -0.01688159  0.25240245  0.20935309  0.02912536  0.01856336 -0.141808
  0.11000522 -0.1368653  -0.01122841  0.13682331  0.11391748  0.05243988
  0.02924173 -0.12909912  0.00412208  0.07198    -0.14181165 -0.0217498
  0.07343776 -0.07563465 -0.00697417 -0.07185937  0.15597956  0.00248679
 -0.09705219 -0.17297406  0.14838545 -0.10957094 -0.06328053  0.02447539
 -0.16012655 -0.1073684  -0.29375091  0.01791759  0.40415913  0.07937217
 -0.17150068  0.01640316 -0.11836626 -0.01878387  0.07742855  0.14354187
 -0.02296169  0.03373859 -0.03660568 -0.02791152  0.13689199 -0.06714657
 -0.05326683  0.18616819 -0.01559281  0.09216676  0.01132265 -0.05186637
 -0.08387468  0.06344339 -0.10062744 -0.0812202   0.0176768  -0.10244232
  0.06043446  0.1383166  -0.19099443  0.14372964  0.01933666  0.06822238
  0.04471809  0.02509377 -0.10251943 -0.04613238  0.12906575 -0.17736508
  0.18549055  0.23744622  0.04108749  0.09120104  0.1220591   0.08769233
 -0.00290435  0.0353818  -0.14654543 -0.01305537  0.03657177 -0.00905646
  0.06418269  0.00738775]