[-0.13148078  0.07018849  0.05064213 -0.05008618 -0.0763642  -0.06110535
  0.00168106 -0.12898697  0.14368494 -0.09686171  0.2097929  -0.08419096
 -0.20769416 -0.14187576 -0.01060867  0.20491973 -0.19681264 -0.13560462
 -0.02449346  0.03437242  0.11165818 -0.01027826  0.01918081  0.01595259
 -0.14019141 -0.3739782  -0.10252006 -0.0454474  -0.02578023 -0.05023746
 -0.0502304   0.06085933 -0.20036559 -0.10178997  0.02162284  0.0604818
 -0.0336063  -0.06313472  0.19390507 -0.00655351 -0.26810434  0.01717857
  0.07691088  0.24129987  0.17261852  0.02936486  0.03754722 -0.13410436
  0.14142703 -0.17501125 -0.01349811  0.13836397  0.05454203  0.05897981
 -0.0217195  -0.11795425  0.04278201  0.09270732 -0.14905825 -0.02057395
  0.11563601 -0.07233825 -0.01593977 -0.06071956  0.17223196  0.0219173
 -0.09762045 -0.18965173  0.09834885 -0.13362396 -0.04879284  0.05528846
 -0.16939326 -0.20560956 -0.33560339 -0.0296733   0.34875962  0.07476298
 -0.15605782  0.04560142 -0.0768379   0.0260677   0.15527858  0.16048864
  0.03888424  0.0586939  -0.08366936  0.00603488  0.22403704 -0.07631505
 -0.02094417  0.22089565  0.04614835  0.08485126  0.00893492  0.01383527
 -0.04130411  0.07400515 -0.11005756  0.05053037  0.02064049 -0.01549022
  0.0223435   0.12862663 -0.16666514  0.16282542  0.02481693  0.08467322
  0.00508026 -0.02787745 -0.08029049 -0.07124696  0.06102437 -0.22515571
  0.15572762  0.21938124  0.01449247  0.09826618  0.09112258  0.0633674
 -0.02553451  0.02714723 -0.2315073   0.01408455  0.10437977 -0.01980254
  0.07417652 -0.00280095]