[-0.16260324  0.10296247  0.03557696 -0.09875218 -0.09492599 -0.09099262
 -0.03333829 -0.15874228  0.12231892 -0.09467629  0.18993579 -0.08011424
 -0.23530459 -0.09558754 -0.04785806  0.25923619 -0.21497391 -0.18561777
 -0.05968845 -0.01905428  0.0817443   0.02384724  0.04362852  0.0492956
 -0.1055465  -0.36783433 -0.04879005 -0.05990966 -0.04352092 -0.00313288
 -0.01273782  0.10240557 -0.2134916  -0.04685293  0.06995708  0.11326059
 -0.0412233  -0.133635    0.15855968 -0.03782028 -0.29381582 -0.03770921
  0.11139265  0.23256393  0.20730396 -0.02314746  0.0284528  -0.16471954
  0.11981092 -0.18406768  0.02801631  0.10252265  0.00289755  0.02509292
  0.07623529 -0.15809548  0.03954549  0.11672578 -0.10700419 -0.08762925
  0.08988535 -0.0745775  -0.02934772 -0.17001402  0.21083608  0.07830346
 -0.10275572 -0.14951086  0.17797656 -0.0840764  -0.07463353  0.04709591
 -0.16188228 -0.17087968 -0.3190372  -0.05665611  0.31907517  0.09610619
 -0.15453137  0.06238212  0.00436251  0.05111351  0.14749742  0.17967995
  0.00775366  0.04899889 -0.0833772   0.01395892  0.22448981 -0.06029555
 -0.06283771  0.20290969 -0.03026195  0.01186282  0.03676908  0.00519748
 -0.07377856  0.05068053 -0.19726095 -0.02578194  0.05396933  0.00961846
 -0.03092894  0.15634488 -0.10901525  0.03994139  0.01410027  0.07334014
 -0.00718054 -0.05813858 -0.06265018 -0.0532646   0.05532057 -0.15863979
  0.20077145  0.15077095  0.02066236  0.10994732  0.1178263   0.04262555
 -0.0131686  -0.04449211 -0.24800853  0.00453769  0.1693866   0.0083279
  0.09240467  0.01147659]