[-4.52021174e-02  7.69046098e-02  4.37916629e-02 -1.40704652e-02
 -7.99246654e-02 -8.08929130e-02  4.80139069e-02 -1.55978441e-01
  1.91082776e-01 -1.18560590e-01  1.97785273e-01 -8.60158131e-02
 -2.46325955e-01 -1.02961376e-01  1.50195807e-02  2.19707415e-01
 -1.33528188e-01 -1.53029695e-01 -7.02933893e-02 -1.44166155e-02
  6.65842965e-02 -8.47746711e-03  1.35143800e-02  4.38429527e-02
 -1.05658770e-01 -3.33994240e-01 -1.04784511e-01 -5.13824485e-02
 -7.04901246e-03 -4.23646532e-02 -8.60094652e-02  9.83439758e-02
 -1.45678446e-01 -1.13457762e-01  7.92845115e-02  4.88059036e-02
 -2.56262328e-02 -9.83868763e-02  2.03582361e-01 -1.14564002e-02
 -2.78703392e-01  1.83776505e-02  1.04074858e-01  2.50426024e-01
  1.67855904e-01 -1.94650162e-02  1.21096214e-02 -1.16954468e-01
  1.68574452e-01 -1.61982164e-01 -6.51660701e-03  1.21708296e-01
  8.54028091e-02  8.26991349e-02  2.50858311e-02 -1.16377249e-01
  1.19298033e-03  1.22085750e-01 -1.30966261e-01 -1.34793716e-02
  1.09456517e-01 -8.59579071e-02 -6.12711199e-02 -8.17137361e-02
  1.60171136e-01  4.18908037e-02 -1.25198916e-01 -1.41554520e-01
  7.80868456e-02 -1.55216053e-01 -6.39463440e-02  2.65814867e-02
 -1.89999267e-01 -1.77974209e-01 -2.84844726e-01 -2.37924308e-02
  3.51543486e-01  9.27833840e-02 -1.96783647e-01  3.09575293e-02
 -2.95803696e-02  4.64637280e-02  1.48765847e-01  1.86504006e-01
  4.94258776e-02  6.25590459e-02 -5.90171628e-02  1.41040990e-04
  2.15751916e-01 -9.88342389e-02 -1.62014402e-02  2.61941433e-01
  1.01692798e-02  9.32368040e-02 -1.61606055e-02  5.28201973e-03
 -4.02854383e-02  1.15175461e-02 -1.60013303e-01 -1.17134256e-02
  4.96542789e-02  4.60329885e-03  1.28724398e-02  9.79268402e-02
 -1.81017920e-01  1.12898551e-01  5.21537848e-02  1.06103860e-01
  4.58591841e-02 -2.37423810e-03 -6.47169799e-02 -8.09054226e-02
  6.93732277e-02 -1.96556717e-01  1.55026302e-01  1.89606592e-01
 -6.50373707e-03  5.86727522e-02  6.27998859e-02  2.97779236e-02
  2.63680704e-02 -2.85492726e-02 -1.77391738e-01 -1.08618550e-02
  1.31078899e-01  3.97407403e-03  4.08714525e-02 -3.83154228e-02]