[-0.18991821  0.13141929  0.08874892 -0.1125291  -0.09117644 -0.04776442
 -0.04113578 -0.16722611  0.14324562 -0.09739494  0.2721802  -0.10009021
 -0.22904979 -0.06914476 -0.03777958  0.25266579 -0.24303949 -0.14691646
 -0.03345479  0.02976722  0.09473845  0.01095724  0.02703614  0.00339765
 -0.08616438 -0.38007849 -0.09393876 -0.0208707  -0.01869728  0.00176233
 -0.014717    0.07542688 -0.21430622 -0.02790244  0.03725141  0.12567191
 -0.03290379 -0.15769637  0.12861963 -0.06620764 -0.29349136  0.01267741
  0.10560987  0.2106887   0.19328752 -0.01353976 -0.00871888 -0.15581083
  0.11131294 -0.18228549 -0.02737275  0.11042904  0.00268713  0.03378128
  0.03379012 -0.16503762  0.04599195  0.11041903 -0.13723467 -0.09084601
  0.08539017 -0.12070167  0.00450512 -0.16198996  0.18443674  0.09429608
 -0.116801   -0.16429447  0.1463273  -0.04756699 -0.01433153  0.07521129
 -0.19027908 -0.21855234 -0.29152659 -0.00817874  0.34931225  0.06913646
 -0.14639752  0.05093287  0.01316202  0.03103419  0.11999372  0.2182744
  0.05422001  0.02106946 -0.12503575  0.02124359  0.21842746 -0.11227941
 -0.00672854  0.25630584 -0.03599087  0.0352402  -0.01345902  0.05255836
 -0.07162648  0.07386611 -0.16280124  0.00420685  0.03366528  0.00261102
 -0.04136543  0.14267166 -0.09985777  0.04092769  0.02645698  0.07135549
 -0.00604371 -0.10286515  0.0159627  -0.06034494  0.05410563 -0.20098518
  0.17886496  0.17801557  0.0019591   0.14130937  0.09131895  0.07566413
 -0.00289386 -0.03470465 -0.23350494  0.01441653  0.10893103  0.01231389
  0.04150981  0.00664997]