[-0.09646662  0.05753113  0.04275948 -0.02979889 -0.11522367 -0.07929114
 -0.00837587 -0.15942755  0.11980473 -0.11165644  0.20466159 -0.0512709
 -0.22064392 -0.10557973 -0.01305868  0.21146975 -0.14193588 -0.18541653
 -0.06787781  0.01774209  0.0826584  -0.02254568  0.01570785  0.04406653
 -0.13245952 -0.35026836 -0.10440937 -0.05964461 -0.07639489 -0.02474613
 -0.06086399  0.05995613 -0.17006226 -0.07865561  0.06092974  0.02230679
 -0.01982672 -0.07393052  0.23330522  0.00805447 -0.28483194  0.05460501
  0.08871298  0.25613722  0.18288901  0.00535028  0.03616105 -0.10498023
  0.16017628 -0.19576384 -0.02109518  0.13848773  0.08433396  0.05193599
  0.00511523 -0.09277316  0.02979882  0.11425947 -0.1653959  -0.01301114
  0.09487502 -0.10355081 -0.05083524 -0.10487509  0.19086687  0.07232251
 -0.12668554 -0.1444753   0.1007207  -0.14606352 -0.07828055  0.01814493
 -0.19413601 -0.20857869 -0.30627912 -0.01580991  0.36180076  0.11690428
 -0.20716977  0.02292325 -0.03061939  0.06080975  0.1439127   0.15176706
  0.04095668  0.04063832 -0.06461816  0.00304108  0.23268953 -0.08316212
 -0.01285852  0.25860506  0.04247854  0.08273713  0.01381742  0.02455707
 -0.01999489  0.02771321 -0.1393034   0.07208811 -0.002431    0.00788809
  0.04669949  0.09321675 -0.1410865   0.09686389  0.00117556  0.07603411
 -0.02057367  0.00411815 -0.07872951 -0.09525269  0.03508846 -0.21041036
  0.16479209  0.20537274 -0.0077505   0.07048201  0.06657193  0.02902871
 -0.01647009  0.00380767 -0.19910887 -0.02671107  0.13445042 -0.00107058
  0.07044474 -0.01113219]