[-0.0927767   0.17188525  0.10302106 -0.01217964 -0.05598629 -0.05431719
  0.00636816 -0.09953621  0.19046924 -0.08225287  0.25400838 -0.02902271
 -0.20112617 -0.15164672  0.00999922  0.1659486  -0.17726895 -0.08018553
 -0.02982216 -0.03714609  0.08968994  0.02114817  0.01717665  0.01745304
 -0.05942138 -0.318515   -0.09371172 -0.07769449  0.08047725 -0.05171797
 -0.07192331  0.02276431 -0.16444573 -0.14840288  0.0202349   0.04164753
 -0.022932   -0.04280085  0.13409692  0.02507602 -0.16095585  0.00910428
 -0.0185013   0.26252204  0.21090944  0.04051809  0.00634771 -0.10884642
  0.09513886 -0.12844573  0.00544806  0.1564085   0.11628556  0.06847551
  0.0232609  -0.15049875 -0.00223735  0.07355007 -0.15038691 -0.01033666
  0.07558274 -0.0604405  -0.00970913 -0.04771034  0.17417611  0.03252583
 -0.08185204 -0.18281108  0.14004718 -0.11086017 -0.06710327  0.03008581
 -0.18135127 -0.13485186 -0.27783766  0.05097329  0.38101038  0.11359116
 -0.17795059  0.00173879 -0.12357457 -0.00462727  0.06586536  0.1088686
 -0.02799679  0.00221686 -0.06124591 -0.01913008  0.12585118 -0.06248241
 -0.05495335  0.20540677 -0.01996077  0.06798232  0.00069907 -0.06050416
 -0.06011909  0.08255122 -0.12245599 -0.05416419  0.02456868 -0.10185111
  0.02239642  0.13958804 -0.20735443  0.11936545  0.03957262  0.06179682
  0.02193146  0.02942002 -0.13014649 -0.04303077  0.15210432 -0.19415471
  0.24476483  0.2346421   0.05967971  0.1016705   0.10602381  0.08100956
  0.01505852 -0.00826378 -0.13245045 -0.02740243  0.06091247 -0.03132946
  0.0510733   0.00451856]