[-0.15007381  0.11489128  0.05635114 -0.07932228 -0.11335299 -0.05329317
 -0.0549438  -0.1678586   0.15788905 -0.08435038  0.22305469 -0.10784572
 -0.25014421 -0.07489507 -0.07984062  0.2358789  -0.23629485 -0.15859634
 -0.02995624 -0.01263642  0.06830981  0.01855301  0.05606219  0.02357863
 -0.1134465  -0.3874591  -0.04887642 -0.04097145 -0.03331997  0.00410398
 -0.01959539  0.08848242 -0.2107195  -0.0384683   0.069093    0.09569273
 -0.05291468 -0.08256929  0.18534346 -0.01367924 -0.24604671 -0.04794865
  0.11026514  0.22593784  0.20779236  0.04404894  0.03307044 -0.20392433
  0.1111564  -0.15290712 -0.00819064  0.16102655 -0.01009671  0.00561993
  0.04222803 -0.17528145  0.00326293  0.12621008 -0.09940696 -0.05798692
  0.11013558 -0.05548909 -0.05263444 -0.15803163  0.22494145  0.06356333
 -0.11034401 -0.16775593  0.16614535 -0.08723583 -0.07200077  0.05788016
 -0.16942866 -0.17585354 -0.31582299 -0.088583    0.38857859  0.03992522
 -0.12317619  0.02775168  0.00053793  0.01150264  0.1269466   0.16625087
 -0.04209945  0.02250403 -0.08474352  0.00886474  0.21849047 -0.05020128
 -0.03125094  0.16476974 -0.03160127  0.03226113  0.00978583  0.00480966
 -0.1000567   0.07206544 -0.18480429 -0.04775186  0.01377613 -0.01032661
  0.00325316  0.13841276 -0.14024365  0.05911355  0.01652002  0.04509487
 -0.00850185 -0.0608062  -0.05961959 -0.03555062  0.10609142 -0.18743722
  0.17712756  0.1557357   0.0502595   0.12255728  0.11257013  0.07471536
 -0.03870821  0.01419995 -0.23237555  0.00278916  0.08272571 -0.02239585
  0.1171058  -0.00361668]