[-0.15640315  0.15021732  0.05878036 -0.03851848 -0.1448669   0.01136482
 -0.00569907 -0.09184895  0.18191861 -0.01762266  0.19306988 -0.02736517
 -0.22603793 -0.06074967 -0.00536952  0.15482333 -0.15773055 -0.13298409
 -0.02917427 -0.1165482   0.07732001  0.07705718  0.01745922  0.08622032
 -0.16836888 -0.29001173 -0.09732079 -0.06235532  0.0485386  -0.09624107
 -0.01005992  0.02934167 -0.1059026  -0.0427414   0.08106791  0.07180452
 -0.07352499 -0.07972158  0.18743065 -0.01229523 -0.15896951  0.02821674
  0.07760606  0.31901225  0.17891113  0.02445268  0.02635293 -0.10853167
  0.14654653 -0.15228841  0.13461775  0.1670762   0.15864335  0.067761
  0.06639422 -0.14485861 -0.02761383  0.20362428 -0.14892963  0.0798611
  0.10713073 -0.09459743 -0.00510478 -0.09167219  0.15789144  0.11355007
 -0.11709589 -0.16381304  0.09716871 -0.10561801 -0.12735568  0.0332016
 -0.17155664 -0.17043474 -0.29585245  0.06692743  0.40189359  0.13091274
 -0.20146416 -0.01564229  0.01227318  0.05697069  0.0847793   0.12138497
 -0.15270987 -0.07274129 -0.08925339  0.03659151  0.18764824 -0.01822203
 -0.09187837  0.18812278  0.0505277   0.05154137  0.02261472  0.00993994
 -0.07534751  0.03090705 -0.10100879 -0.01542345  0.0053876  -0.06257384
  0.0326837   0.10639913 -0.18283226  0.18407178  0.05935447  0.02976174
 -0.05637478  0.03139601 -0.14054883  0.01947605  0.14759067 -0.24374019
  0.23037277  0.15549915  0.07530855  0.16893999  0.09542953  0.06882244
  0.03076456 -0.01455765 -0.07992985 -0.01874763  0.12729497 -0.03634253
  0.1239517   0.06144035]