[-1.38558522e-01  1.26821697e-01  7.36506358e-02 -2.14752462e-02
 -1.41441286e-01  3.57954210e-04  7.68035976e-03 -7.87239149e-02
  1.79312393e-01 -1.74471121e-02  1.80002391e-01 -4.41041728e-03
 -2.52659768e-01 -8.20311829e-02  1.97704379e-02  1.35657713e-01
 -1.09486364e-01 -1.12755693e-01 -5.09558693e-02 -1.08857393e-01
  6.69426471e-02  9.11399871e-02  3.99855375e-02  8.27485546e-02
 -1.61383942e-01 -3.09052527e-01 -8.92040655e-02 -6.53956085e-02
  4.22732793e-02 -1.11657195e-01 -1.94384381e-02  3.92457657e-02
 -9.01565254e-02 -4.93339561e-02  7.90319517e-02  7.52054974e-02
 -9.41548944e-02 -7.95124322e-02  1.95251033e-01 -2.13818606e-02
 -1.62222937e-01  2.62780786e-02  5.08105233e-02  3.09777707e-01
  1.79665908e-01  6.28563249e-03  4.62826081e-02 -1.08308814e-01
  1.60003707e-01 -1.60438240e-01  1.28203258e-01  1.68918401e-01
  1.66349724e-01  5.84868789e-02  7.64100999e-02 -1.33748129e-01
 -3.63236368e-02  2.11539418e-01 -1.64186001e-01  8.33381861e-02
  9.84873474e-02 -9.45823491e-02 -3.38184424e-02 -9.62211341e-02
  1.29895791e-01  8.14530477e-02 -1.38280928e-01 -1.50630012e-01
  6.89662397e-02 -1.37348518e-01 -9.82756913e-02  5.01601994e-02
 -1.72495335e-01 -1.91300884e-01 -2.76527911e-01  7.26631507e-02
  3.68089586e-01  1.43326268e-01 -2.15596840e-01 -2.51851287e-02
 -7.10610300e-03  5.67324050e-02  6.33783266e-02  1.12871528e-01
 -1.35586277e-01 -6.69692978e-02 -8.79085585e-02  3.67517173e-02
  1.69222876e-01 -2.84768250e-02 -6.92102239e-02  2.10643157e-01
  7.13284984e-02  5.94880246e-02  7.67937396e-03 -9.70806170e-04
 -8.50321725e-02  1.51511431e-02 -9.38167125e-02 -5.96595043e-03
  8.60059261e-03 -7.64764398e-02  3.91471349e-02  7.34037831e-02
 -1.87759861e-01  2.19060212e-01  5.50361872e-02  3.79214436e-02
 -2.33043134e-02  2.05657119e-03 -1.54585898e-01  5.73996501e-03
  1.57151163e-01 -2.46389151e-01  2.14453459e-01  1.60686180e-01
  8.15690085e-02  1.70458615e-01  8.48395824e-02  6.45690784e-02
  2.50751972e-02 -1.61086973e-02 -7.96444416e-02 -1.47010805e-02
  1.36715978e-01 -4.66909409e-02  1.06714204e-01  3.31452489e-02]