[-0.09545892  0.12733962  0.07151978  0.03194401 -0.04021353 -0.06952513
 -0.02416649 -0.13885666  0.14786744 -0.09158682  0.2212069  -0.03531797
 -0.23573811 -0.08860324 -0.01641544  0.15727673 -0.18780743 -0.07097266
 -0.05416305 -0.0440208   0.09754582  0.05483894  0.05446383  0.00493899
 -0.09024173 -0.31643113 -0.09929861 -0.0502892   0.07742139 -0.00405083
 -0.07132702  0.02854801 -0.1708276  -0.13097443  0.06108672  0.06185224
  0.00953731 -0.05210822  0.21266992  0.04627588 -0.1752148  -0.00758173
  0.01461483  0.25509813  0.18516169  0.00264525  0.01497169 -0.12313143
  0.07514653 -0.13254654 -0.00906859  0.16565154  0.11033259  0.07358207
  0.00664179 -0.14138548 -0.01338106  0.09126627 -0.13131034 -0.00406747
  0.07832437 -0.0741585   0.00303761 -0.0333539   0.17108047  0.03733025
 -0.09061471 -0.18860428  0.14219858 -0.12494639 -0.08995618  0.02439108
 -0.16017343 -0.1250378  -0.32458648 -0.01199514  0.39697328  0.08197162
 -0.18393433  0.02133262 -0.10916233 -0.04846424  0.08765482  0.13349776
 -0.02961089  0.05637506 -0.0430704   0.01747784  0.17764847 -0.04194241
 -0.08358356  0.20603907 -0.00391527  0.08859716  0.05512097 -0.0072903
 -0.0665732   0.01351114 -0.14882751 -0.04867179  0.037795   -0.0867302
  0.05503369  0.16117176 -0.18478158  0.11071604  0.02576863  0.02573892
  0.03614282  0.03813519 -0.13860227 -0.04443279  0.15779211 -0.1901325
  0.21679266  0.21542962  0.03014537  0.09029686  0.11130317  0.07369006
  0.00060555  0.0354779  -0.14542602 -0.05929928  0.03771942 -0.00742673
  0.08681982  0.00806099]