[-0.12749484  0.10643875  0.0771893  -0.00709664 -0.10231642 -0.05740611
 -0.00403528 -0.10397948  0.12854908 -0.08822252  0.18214276 -0.08892709
 -0.21586779 -0.08234878 -0.0073816   0.20688823 -0.14817242 -0.14761566
 -0.04539917  0.04289715  0.12929352  0.02347069 -0.01888621  0.02887847
 -0.16611147 -0.37423155 -0.07873002 -0.04838809 -0.04174421 -0.03933087
 -0.08889344  0.02760114 -0.2011473  -0.11229952  0.04942384  0.07517885
 -0.04321773 -0.07385579  0.17846729  0.00529874 -0.29909351  0.03885131
  0.08339681  0.25528547  0.18917817  0.02365848  0.01945888 -0.14795855
  0.14198396 -0.18505295 -0.00327631  0.14465466  0.02894153  0.07472166
  0.0044813  -0.12156355  0.04653442  0.10897841 -0.18418716 -0.02033485
  0.10815978 -0.08547994  0.0028007  -0.07385157  0.18341486  0.02005954
 -0.09463874 -0.16198406  0.1126039  -0.14904407 -0.03583393  0.03416388
 -0.14174727 -0.2044576  -0.33058664 -0.02453385  0.37155569  0.08765434
 -0.18840027  0.06904076 -0.06356954  0.00631543  0.17058332  0.17126152
  0.06601401  0.05399878 -0.07885263  0.01715032  0.24494529 -0.06375339
  0.02454674  0.25321877  0.03893996  0.0478685   0.04458018  0.02892571
 -0.09820277  0.03888419 -0.12279268  0.01834312  0.00970383 -0.03157632
  0.021199    0.13910238 -0.18870622  0.14955036  0.02354468  0.08268418
  0.00925331 -0.0516311  -0.07592576 -0.07427656  0.07558345 -0.20812355
  0.15870558  0.17176345 -0.00746877  0.09608027  0.09108616  0.04236121
 -0.01937685  0.00622932 -0.25406566  0.01694337  0.11250987 -0.04040126
  0.07902665  0.0063006 ]