[-8.32810104e-02  1.07610784e-01  3.69372070e-02 -1.50871072e-02
 -7.00940266e-02 -1.16247050e-01 -3.54331285e-02 -1.79137826e-01
  1.26883969e-01 -1.22988604e-01  1.71529099e-01 -3.10048461e-02
 -1.98865563e-01 -1.15080200e-01  1.26252221e-02  2.09182099e-01
 -1.86594233e-01 -1.44373104e-01 -6.70853853e-02  1.87330153e-02
  1.18743181e-01  4.12925221e-02  5.14593497e-02  3.08804456e-02
 -1.06328033e-01 -3.63327324e-01 -1.01775169e-01 -5.09016886e-02
 -1.83815917e-03  2.05711126e-02 -8.86629224e-02  8.02367702e-02
 -1.34667754e-01 -8.76300111e-02  6.81309029e-02  4.32361141e-02
 -1.06699392e-03 -9.38277468e-02  1.90672457e-01  2.74512414e-02
 -3.11183035e-01  7.53891319e-02  5.20720854e-02  2.46493056e-01
  2.35914469e-01 -2.55950373e-02  5.75043857e-02 -1.34883985e-01
  1.71668515e-01 -2.00565562e-01 -6.54662633e-03  1.05350770e-01
  4.76130396e-02  3.30358185e-02  5.93649931e-02 -1.32730439e-01
  5.65703202e-04  1.04214482e-01 -1.61657348e-01 -6.12298511e-02
  9.00772065e-02 -8.02069157e-02 -2.42419597e-02 -8.20961520e-02
  1.53005302e-01  9.16423053e-02 -9.72639695e-02 -1.69137910e-01
  1.25910535e-01 -1.39012143e-01 -7.37515762e-02  4.99572456e-02
 -1.76793471e-01 -1.74565718e-01 -2.85913438e-01 -1.86156929e-02
  3.80439788e-01  1.15152553e-01 -1.87827557e-01  5.88831566e-02
 -3.35398093e-02  4.52000685e-02  1.87139660e-01  1.70444831e-01
  5.78941368e-02  3.53106819e-02 -7.22213984e-02 -5.99430548e-03
  2.11009413e-01 -7.85831437e-02 -5.82876503e-02  2.53560126e-01
  4.28320579e-02  9.70988423e-02  4.41480763e-02  1.61539447e-02
 -5.59185520e-02  3.32214311e-02 -1.80738583e-01 -1.98742011e-04
  2.40997672e-02  2.73478422e-02  1.24077452e-02  1.23826385e-01
 -1.12049900e-01  1.16596036e-01  1.38379978e-02  8.03965852e-02
  9.44367889e-03 -2.72485018e-02 -4.70259674e-02 -4.87836711e-02
  2.16016900e-02 -1.86519668e-01  1.66135058e-01  1.70306489e-01
 -5.22180088e-03  1.00604966e-01  6.27151281e-02  1.82046015e-02
  2.45107943e-03 -1.78937595e-02 -2.15251714e-01 -2.31027957e-02
  1.49786219e-01  1.70820709e-02  5.42775765e-02 -2.66816355e-02]