[-0.10202954  0.13781856  0.05529594  0.02089997 -0.05460969 -0.0738828
 -0.0178794  -0.14623116  0.15578364 -0.09177022  0.20559449 -0.01204653
 -0.24153499 -0.07834651 -0.02567778  0.15734372 -0.17377357 -0.08603468
 -0.07073074 -0.02983753  0.12151078  0.0713167   0.05731236 -0.00150421
 -0.09581738 -0.30186024 -0.1214424  -0.02920251  0.03574032 -0.00223949
 -0.0567898   0.02327899 -0.16365568 -0.14356817  0.0831625   0.06928937
 -0.03193341 -0.07122912  0.1894846   0.04022761 -0.17995627  0.02448865
  0.0422819   0.26542366  0.21927552  0.01787525  0.00326308 -0.14865577
  0.09293021 -0.14145891  0.02549089  0.17066441  0.10607034  0.10024796
  0.04089784 -0.13418595  0.02634176  0.09781352 -0.12369391 -0.01002544
  0.09544276 -0.07308736  0.01587817 -0.04945021  0.11936914  0.01555897
 -0.08765941 -0.18407473  0.12355804 -0.14671454 -0.11037015  0.02977247
 -0.18255229 -0.15765586 -0.34021568 -0.01617051  0.39306712  0.11759658
 -0.17453513  0.01413518 -0.05565188 -0.02327492  0.08939739  0.13231924
 -0.02798451  0.01774138 -0.06198153  0.00761648  0.19889414 -0.03740449
 -0.11029269  0.22750227  0.01184455  0.05817989  0.07413533  0.01102959
 -0.05554063  0.00338942 -0.16238229 -0.04413652  0.0258491  -0.10984637
  0.010076    0.15951656 -0.17825969  0.12786879  0.01590595  0.0453906
  0.00244725  0.00349713 -0.1622692  -0.01649834  0.15131523 -0.17279963
  0.22474003  0.22302727  0.0378495   0.08890321  0.11040974  0.07294758
 -0.01245353  0.03211508 -0.14829342 -0.08155066  0.03969311  0.00863507
  0.10140783  0.01626957]