[-5.85025251e-02  8.07002038e-02 -2.54481914e-03 -1.86776351e-02
 -9.06780884e-02 -6.57978877e-02 -1.30502870e-02 -1.63533673e-01
  1.13833867e-01 -1.01813637e-01  2.20827773e-01 -6.74467981e-02
 -1.98873743e-01 -1.50851026e-01 -9.23296344e-03  1.97597563e-01
 -1.46832466e-01 -1.86407968e-01 -7.94391260e-02  1.40416520e-02
  8.90966207e-02 -4.61618714e-02  1.91845950e-02  5.60953394e-02
 -1.59218773e-01 -3.23164284e-01 -1.02360561e-01 -5.20175807e-02
 -6.47187233e-02 -5.16834967e-02 -2.66886558e-02  5.43809012e-02
 -1.68594077e-01 -8.84979889e-02  5.12407832e-02  1.68478880e-02
 -2.11723354e-02 -5.01664542e-02  2.40845755e-01  1.53500829e-02
 -2.60203272e-01  7.67176673e-02  9.35828909e-02  2.74741918e-01
  1.94109067e-01  1.45564741e-02  5.17169833e-02 -1.25782877e-01
  1.83847338e-01 -1.69578552e-01  1.17310518e-02  1.55123875e-01
  1.29245803e-01  6.16151690e-02  1.42547255e-02 -6.36394322e-02
  1.72906909e-02  1.57508299e-01 -1.56413645e-01  5.75084472e-03
  9.31889340e-02 -4.59392145e-02 -4.18911837e-02 -1.01130426e-01
  1.52554199e-01  5.56665473e-02 -1.22109227e-01 -1.43229857e-01
  8.32965374e-02 -1.32977933e-01 -9.94887203e-02  4.30782996e-02
 -1.83727726e-01 -2.17698440e-01 -3.29457968e-01 -1.45265078e-02
  3.61812711e-01  1.17243409e-01 -2.04760626e-01  5.17991604e-03
 -1.79638527e-02  4.53687124e-02  1.30475387e-01  1.28739730e-01
  9.39931720e-03  1.33274244e-02 -6.40361011e-02  1.79764926e-02
  2.20281363e-01 -6.75121844e-02 -2.70842295e-02  2.36796573e-01
  4.42447476e-02  5.57999276e-02 -1.09243396e-04  3.86889689e-02
 -3.80882882e-02  5.28573655e-02 -1.21858113e-01  4.03189957e-02
  9.11738444e-03  9.64397658e-03  5.18129952e-02  7.77391717e-02
 -1.45638153e-01  1.29352018e-01  9.15370043e-03  8.93251523e-02
 -1.44462427e-02  2.55353451e-02 -8.17841813e-02 -7.25693032e-02
  4.45992127e-02 -2.14384601e-01  1.44217297e-01  1.84994489e-01
 -1.36696696e-02  5.56590222e-02  8.11847374e-02  5.51870055e-02
 -2.35671997e-02  1.78245164e-03 -1.79308161e-01 -3.14945094e-02
  1.15152061e-01  1.67152490e-02  9.51269343e-02 -1.89216230e-02]