[-0.10979368  0.13629429  0.09906179 -0.02838423 -0.07857007 -0.05224265
  0.00937841 -0.11571167  0.17321451 -0.09004303  0.22599831 -0.03199094
 -0.22198267 -0.14562206  0.01105728  0.17762576 -0.16937216 -0.09176852
 -0.02827859 -0.05515337  0.0683789   0.03229117  0.04521428  0.01725312
 -0.05334326 -0.3232545  -0.08469689 -0.06993463  0.04835993 -0.02751823
 -0.05792466  0.04959241 -0.15944877 -0.12733479  0.04058257  0.0753354
 -0.03484399 -0.04584949  0.1519659   0.01503079 -0.17429367 -0.01453415
  0.01010629  0.24619822  0.22225833  0.03314505 -0.00058106 -0.10104994
  0.10894914 -0.13270611 -0.00639289  0.1336472   0.11122089  0.03642437
  0.01445997 -0.14909039  0.00454826  0.07002675 -0.14475462 -0.03190444
  0.06811129 -0.10205149 -0.02859278 -0.04708336  0.18116814  0.04367817
 -0.07956342 -0.1833708   0.14679983 -0.12965024 -0.07426063  0.04252502
 -0.18745826 -0.11331856 -0.28612369  0.00328588  0.39912879  0.08221277
 -0.15809238 -0.00375259 -0.092224    0.00887499  0.07152923  0.12813914
 -0.04636816  0.00675698 -0.06477687 -0.02486408  0.14388232 -0.06555619
 -0.0805729   0.19144174 -0.00653795  0.09566867  0.02343412 -0.06864732
 -0.03606167  0.05782196 -0.13896906 -0.0604803   0.01174902 -0.10806513
  0.03162107  0.13365111 -0.20314467  0.10863147  0.0289178   0.06484073
  0.02268879  0.01970073 -0.12647305 -0.04078824  0.15061215 -0.18785302
  0.21160685  0.23449473  0.04820138  0.1050356   0.1085073   0.07587103
  0.00203595  0.00432909 -0.13998578 -0.02271047  0.06924305 -0.02988837
  0.08422556  0.0099696 ]