[-1.80806100e-01  9.23146009e-02  1.11758545e-01 -9.92275700e-02
 -8.68697390e-02 -5.07151484e-02 -3.66136506e-02 -1.79724976e-01
  1.40624672e-01 -8.64313543e-02  2.88023800e-01 -1.22378804e-01
 -2.28502154e-01 -7.94421136e-02 -5.39534204e-02  2.55936712e-01
 -1.85939968e-01 -1.47055015e-01 -5.62982038e-02  3.16924229e-02
  9.49806795e-02 -3.07552509e-05  2.61426400e-02  2.68546436e-02
 -8.44092891e-02 -3.84759575e-01 -9.96873155e-02 -2.19387766e-02
 -1.72762666e-02 -2.37350781e-02 -4.43501733e-02  1.00514077e-01
 -2.23367959e-01 -3.35467719e-02  2.26098746e-02  1.31633297e-01
 -3.95614170e-02 -1.52244493e-01  1.17817424e-01 -8.55797306e-02
 -2.84634233e-01  8.92916042e-03  1.04545489e-01  1.97558746e-01
  1.92262515e-01  1.47925382e-02 -6.41030842e-04 -1.59975737e-01
  9.24040675e-02 -1.74573302e-01 -1.47371562e-02  1.04880832e-01
  1.35987494e-02  2.75143031e-02  4.54433449e-02 -1.54528826e-01
  3.89787331e-02  9.16726515e-02 -1.32654160e-01 -7.54485950e-02
  7.77784809e-02 -1.35274321e-01 -1.05193062e-02 -1.83331892e-01
  1.91736639e-01  8.97340626e-02 -9.74220186e-02 -1.49338007e-01
  1.62619457e-01 -5.52966781e-02 -1.01333586e-02  6.84397519e-02
 -1.97975248e-01 -2.06025839e-01 -3.16333264e-01 -1.64974220e-02
  3.49223584e-01  6.71573952e-02 -1.56519338e-01  7.50385970e-02
  7.90167786e-03  4.75275330e-02  1.08803891e-01  1.78260326e-01
  4.77166176e-02  2.50234697e-02 -1.37874171e-01  2.93819513e-02
  2.16374204e-01 -1.21471763e-01  1.58802606e-02  2.42355570e-01
 -4.43694778e-02  2.07344890e-02 -1.51879108e-02  3.90451811e-02
 -6.65117353e-02  7.18026310e-02 -1.55409098e-01  6.05615089e-03
  4.65067774e-02  2.87293680e-02 -1.59418527e-02  1.24266319e-01
 -9.91367772e-02  2.97362842e-02  2.28400212e-02  7.13900402e-02
  1.53044611e-02 -9.73558202e-02 -1.71521679e-02 -7.77368993e-02
  6.17303215e-02 -2.05389902e-01  1.68630853e-01  1.57071933e-01
  1.33869452e-02  1.20396100e-01  8.63432288e-02  9.93433148e-02
 -1.62965115e-02 -3.03703193e-02 -2.31266901e-01  2.57183667e-02
  1.40766427e-01  5.81076369e-03  4.76726331e-02  2.71340068e-02]