[-1.36156186e-01  1.30216122e-01  6.93536624e-02 -2.60420591e-02
 -1.31931648e-01 -1.78755447e-02 -3.89273167e-02 -1.02418326e-01
  1.47783473e-01 -2.16065925e-02  2.09479198e-01 -4.33616601e-02
 -2.16797948e-01 -6.03298657e-02 -2.08728351e-02  1.37767717e-01
 -1.38528869e-01 -1.10016920e-01 -3.05300355e-02 -5.46732731e-02
  6.32977858e-02  5.29214926e-02  4.00166661e-02  4.77604978e-02
 -1.42934665e-01 -2.71819830e-01 -1.02061354e-01 -7.71557838e-02
  7.77599365e-02 -9.57211033e-02 -4.87706624e-02  2.93034333e-04
 -1.09773092e-01 -1.00160494e-01  8.80148634e-02  6.17783256e-02
 -4.17617224e-02 -5.73092811e-02  2.06560925e-01 -1.57260876e-02
 -2.00968489e-01  2.82731149e-02  8.08992758e-02  3.14853996e-01
  1.95167154e-01  3.32050435e-02  1.77809577e-02 -1.34409025e-01
  1.64661512e-01 -1.17009498e-01  1.10753454e-01  1.53561249e-01
  1.48980066e-01  5.99745996e-02  4.25416194e-02 -1.35401219e-01
  9.04022902e-03  1.90659598e-01 -1.44866928e-01  5.88791072e-02
  1.36076674e-01 -3.89201939e-02 -1.33407896e-03 -6.30045161e-02
  1.53258845e-01  3.95643748e-02 -1.11927666e-01 -1.92005455e-01
  8.09686184e-02 -1.02679931e-01 -1.06285214e-01  6.15786426e-02
 -1.85481414e-01 -1.59935072e-01 -2.92109609e-01  2.33303495e-02
  3.87151301e-01  8.89021307e-02 -2.05216318e-01  2.87038889e-02
 -1.53712956e-02  8.20906088e-03  9.64122340e-02  1.24724209e-01
 -8.10174122e-02 -1.74091756e-02 -7.43803382e-02 -1.01319691e-02
  1.96960881e-01 -4.88935784e-02 -5.30274175e-02  1.65175840e-01
  4.60050367e-02  5.14612310e-02  4.26511578e-02  3.05573344e-02
 -9.81942192e-02  3.60356569e-02 -1.39123932e-01 -3.57103124e-02
  7.60579063e-03 -5.27788699e-02  2.78477855e-02  9.72254500e-02
 -2.10113332e-01  1.98632419e-01  7.07083419e-02  4.85074557e-02
 -3.00872382e-02 -5.68295922e-03 -1.10878780e-01  3.96488095e-03
  1.63307235e-01 -2.35042885e-01  2.19232321e-01  1.65044770e-01
  9.56534073e-02  1.17945053e-01  1.24760032e-01  3.67591679e-02
  3.69485617e-02  4.01116125e-02 -1.10416211e-01 -3.03687155e-02
  9.46755111e-02 -6.40537813e-02  1.19809233e-01  3.90498526e-02]