[-0.18012254  0.09947287  0.09704688 -0.12775686 -0.12107124 -0.07318707
 -0.02163905 -0.12716186  0.15492795 -0.09616423  0.24389295 -0.12620136
 -0.21543923 -0.09115139 -0.0121449   0.24287729 -0.21819945 -0.16421519
 -0.01260928 -0.00812362  0.12602246 -0.00564777  0.04098892  0.06770311
 -0.12990712 -0.37198207 -0.08000607 -0.04029527  0.00327127 -0.01747042
 -0.04050159  0.12890722 -0.19970722 -0.065813    0.02592616  0.13615012
 -0.02425974 -0.14827299  0.16425711 -0.06456979 -0.29032081  0.00262105
  0.08197958  0.21832533  0.184525   -0.00335755  0.03196842 -0.12533629
  0.10941605 -0.16056429  0.01630301  0.12307439  0.05577179 -0.01691222
  0.05177999 -0.14832401  0.0115485   0.16135634 -0.16615252 -0.06989574
  0.06960043 -0.12459198  0.00150952 -0.17271902  0.19773625  0.13951962
 -0.09453496 -0.13056102  0.17981845 -0.02741958 -0.04246197  0.06250669
 -0.18897325 -0.15959939 -0.27097723 -0.04186552  0.33224982  0.04178919
 -0.17545997  0.04869169  0.00602205  0.04382427  0.11657728  0.19142254
 -0.01216878  0.02205144 -0.1152391   0.03121118  0.1734686  -0.08046868
 -0.01376119  0.20419705 -0.00395345  0.00973609  0.02569847  0.0239878
 -0.09819427  0.06337192 -0.15980297 -0.03029742  0.05555186 -0.00580978
 -0.03232648  0.13603814 -0.12566003  0.03797872  0.01221222  0.04873599
 -0.0243868  -0.08221121  0.00746322 -0.04672232  0.04959082 -0.18220492
  0.13557766  0.1423437  -0.04526479  0.15417752  0.08662711  0.08154871
 -0.00642732 -0.05542258 -0.21276282  0.01975511  0.1728735   0.01236426
  0.1122964   0.01766507]