[-1.70706421e-01  1.03877820e-01  9.53498706e-02 -1.32852450e-01
 -9.21602398e-02 -4.21949141e-02 -5.43010235e-02 -1.31652951e-01
  1.60850152e-01 -1.40056863e-01  2.59927511e-01 -8.94103870e-02
 -2.29832098e-01 -5.84445111e-02 -6.12667687e-02  2.53409863e-01
 -2.44825393e-01 -1.06467746e-01  8.04363843e-03  1.34567171e-03
  1.15911439e-01  2.55374797e-02  5.59901670e-02  1.31135257e-02
 -7.46732280e-02 -3.83600354e-01 -8.11470896e-02 -3.99654992e-02
 -1.38755357e-02 -2.80208439e-02 -1.47088235e-02  6.60966188e-02
 -1.70360431e-01 -1.74614321e-02 -9.71807912e-03  8.24069679e-02
 -5.82578778e-02 -1.31857887e-01  1.67202502e-01 -2.36577913e-02
 -2.67377228e-01 -6.03216141e-03  7.28601813e-02  2.15178475e-01
  1.89575106e-01  1.79929438e-03  1.60445422e-02 -2.01078579e-01
  1.16991997e-01 -1.88001841e-01 -4.63977046e-02  9.56920236e-02
 -1.05026728e-02  1.21384179e-02  3.39618623e-02 -1.22497998e-01
  3.71704660e-02  1.33710772e-01 -1.68325752e-01 -5.92663586e-02
  6.99687228e-02 -1.03958406e-01  1.48408459e-02 -1.27991691e-01
  2.33469889e-01  1.25892803e-01 -9.53557193e-02 -1.58493608e-01
  1.60322100e-01 -6.23011589e-02 -5.32659404e-02  8.73109624e-02
 -1.51564673e-01 -1.91771254e-01 -2.53035992e-01 -5.71716689e-02
  3.35954279e-01  5.78884259e-02 -1.09427772e-01  5.06927259e-02
 -2.69763656e-02 -9.32395487e-05  1.69491127e-01  2.00147822e-01
  1.22986054e-02 -5.84357185e-03 -8.48415568e-02  1.25294803e-02
  2.07825467e-01 -1.08019732e-01 -1.72028504e-02  2.26183563e-01
 -5.83833782e-03  6.06714077e-02  4.79518948e-03  3.14391479e-02
 -1.09390259e-01  1.00879431e-01 -1.66042000e-01 -4.11249213e-02
  2.32681166e-02  7.69358128e-04  1.07372086e-02  1.24461032e-01
 -1.17753066e-01  6.25093877e-02  9.17026214e-03  3.71229164e-02
  2.90593691e-02 -7.96270743e-02  4.31322400e-03 -4.85961512e-02
  6.43805489e-02 -1.95119366e-01  1.67597577e-01  1.60241514e-01
  1.38629796e-02  1.46750078e-01  9.98265669e-02  8.02264661e-02
 -3.27947401e-02 -4.50045988e-02 -2.27956876e-01  6.34721965e-02
  1.27729595e-01  1.66418385e-02  9.26362649e-02 -1.71226673e-02]