[-0.11941671  0.12764688  0.05861929 -0.03742995 -0.12628636 -0.02409932
 -0.04215882 -0.10149304  0.14094253 -0.03877642  0.19954909 -0.03959038
 -0.23174237 -0.08077127 -0.01004198  0.14687252 -0.12149584 -0.12001242
 -0.0528298  -0.06274986  0.06937069  0.06185656  0.04359289  0.04795874
 -0.14108382 -0.27011618 -0.09519028 -0.0645766   0.07303992 -0.10055385
 -0.04656039  0.00584518 -0.10865249 -0.08927724  0.08076163  0.0618364
 -0.03826405 -0.07567822  0.20561984 -0.02960019 -0.207177    0.01804442
  0.09022374  0.28875276  0.19828354  0.0153575   0.03102216 -0.13216788
  0.1660116  -0.10939094  0.10183974  0.1421788   0.14932829  0.0740597
  0.03797391 -0.14456634  0.01670626  0.19539861 -0.13423525  0.03649073
  0.12844314 -0.04840099 -0.01598032 -0.0600259   0.15195084  0.02894628
 -0.11261234 -0.20455377  0.08312862 -0.11123908 -0.10886136  0.06542347
 -0.18679124 -0.13802344 -0.29341975  0.01914408  0.37339428  0.08935533
 -0.20471239  0.03173315 -0.01769953  0.01984607  0.08803751  0.10873417
 -0.08561045 -0.02575334 -0.084782   -0.00812585  0.20378737 -0.04729741
 -0.05646156  0.15473306  0.06063243  0.05861876  0.04280454  0.03055237
 -0.09846427  0.03945339 -0.12253378 -0.01880668  0.01603653 -0.06349435
  0.0241255   0.09897052 -0.1953865   0.2126797   0.06921255  0.06027598
 -0.01894886  0.01306716 -0.11403477 -0.00584845  0.14946251 -0.22207318
  0.21300936  0.16345964  0.10265672  0.1185687   0.129132    0.06456263
  0.02693993  0.04134082 -0.12093709 -0.03902664  0.10326313 -0.05662962
  0.12516546  0.0468873 ]