[-0.15117548  0.09796564  0.07770889 -0.08627304 -0.08816143 -0.01994419
 -0.04414063 -0.12530772  0.16638455 -0.10262406  0.25248286 -0.0602131
 -0.22445276 -0.08413049 -0.02264676  0.20443013 -0.20616369 -0.09742296
 -0.00832482 -0.0114122   0.09184927  0.00561898  0.06102183 -0.00504056
 -0.10993411 -0.36298105 -0.08792051 -0.07908658  0.00510073 -0.05769398
 -0.04214862  0.08260717 -0.15868707 -0.0277366   0.00428154  0.08023988
 -0.06442223 -0.09146567  0.19701554 -0.03241067 -0.23158212 -0.01890164
  0.06189874  0.19859189  0.18479119  0.02131408  0.02403129 -0.18561451
  0.09075862 -0.15912318  0.01121228  0.14015949  0.00640639  0.02909528
  0.03874179 -0.12126531  0.03093933  0.08439513 -0.15092526 -0.06529232
  0.10211187 -0.06488123 -0.03551206 -0.09070423  0.21783207  0.1147417
 -0.07453226 -0.14048852  0.16514175 -0.06809782 -0.04648516  0.08130714
 -0.16741499 -0.19711207 -0.22103505 -0.02481124  0.37245175  0.07216362
 -0.12637666  0.04705652 -0.06329852 -0.02910504  0.16680917  0.12853967
 -0.02499277 -0.01337773 -0.06600717  0.03753468  0.20210092 -0.09161017
  0.00120692  0.1867421   0.02775031  0.04480208  0.02400441  0.00361715
 -0.05228102  0.08165388 -0.16464613 -0.04000337  0.04727563 -0.03267939
  0.01131164  0.11765768 -0.15165253  0.07387389  0.05344174  0.00699062
  0.04489239 -0.053517   -0.05097434 -0.0626781   0.0988079  -0.21162632
  0.16837166  0.14986734  0.01475858  0.13226222  0.09446034  0.12100367
 -0.02661652 -0.04416969 -0.21494798  0.04331306  0.12948303  0.03300836
  0.07234078 -0.00837145]