[-0.1985677   0.13300559  0.08472606 -0.12046736 -0.08274338  0.00234799
  0.01958617 -0.16126078  0.13733415 -0.06561052  0.26522577 -0.14843325
 -0.27320093 -0.03319865 -0.00908229  0.24628699 -0.17782816 -0.13787441
 -0.05426551 -0.00044254  0.08226449  0.00629788  0.01322484  0.03432123
 -0.09818013 -0.33923316 -0.10561218 -0.03266024 -0.01472119 -0.03800793
 -0.00381539  0.07158273 -0.19119766 -0.00433666  0.02907949  0.14668666
 -0.04386931 -0.15979771  0.12820111 -0.03502997 -0.26942    -0.00505818
  0.1189582   0.23342335  0.16540454  0.00613748 -0.02343136 -0.10234153
  0.08488027 -0.16477655 -0.01744748  0.10287948  0.02868515  0.0300212
  0.05297038 -0.18714109  0.06621046  0.08516467 -0.16630378 -0.05013968
  0.09283765 -0.12515832  0.0213666  -0.12672761  0.18143778  0.1007725
 -0.10349436 -0.1194992   0.15937734 -0.04031558  0.01485718  0.08622391
 -0.21156512 -0.21915571 -0.25144586 -0.00919909  0.37289938  0.07972013
 -0.16012178  0.02676072  0.02994615  0.03524914  0.13993125  0.19589989
  0.04291295  0.01317578 -0.15408333  0.02644894  0.21311665 -0.11168983
 -0.01092897  0.24757962 -0.03607247 -0.00163484 -0.00894575  0.0404457
 -0.08099478  0.03662281 -0.15244466 -0.04121666  0.00802738 -0.03168545
 -0.04625074  0.11245455 -0.12350404  0.05835422  0.06416842  0.04746507
 -0.07042067 -0.08255362 -0.00310062 -0.01004354  0.09196155 -0.20248501
  0.15560237  0.17671274 -0.03544266  0.11124307  0.08038271  0.08318025
  0.00725335 -0.03825314 -0.19105747 -0.00607588  0.09231584  0.00717847
  0.07133881  0.02000231]