[-0.19342776  0.09518998  0.10523019 -0.0900137  -0.07841032 -0.02837529
 -0.03460322 -0.16702688  0.13599698 -0.11013954  0.26741138 -0.14658101
 -0.25897521 -0.04733818 -0.03680912  0.26813939 -0.19724779 -0.13587064
 -0.0147998   0.02461467  0.06469859 -0.01370372  0.01281558  0.01239602
 -0.06656207 -0.35851377 -0.12116146 -0.03719155 -0.04561899 -0.0237994
 -0.04395634  0.05534986 -0.18395799 -0.01718514  0.0194561   0.09818151
 -0.04772002 -0.1553079   0.11228742 -0.03252994 -0.25234002 -0.0069033
  0.09146803  0.22466598  0.1750434   0.02776319 -0.0207742  -0.15149488
  0.0849554  -0.16500792 -0.03606507  0.09406652  0.025586    0.03431132
  0.03692921 -0.17476974  0.060865    0.08304956 -0.14027654 -0.04732823
  0.07132707 -0.09817922  0.00420703 -0.13789408  0.21063535  0.10181314
 -0.11744821 -0.13187395  0.13899635 -0.04111847 -0.00598136  0.05263971
 -0.19544947 -0.23960128 -0.25241023 -0.03357076  0.34453997  0.0592856
 -0.176544    0.04344757  0.01988734  0.0141065   0.13792385  0.22823958
  0.06381141  0.00706079 -0.11615641 -0.01350548  0.19806458 -0.13484271
  0.00999408  0.24232018 -0.05749797  0.0125587  -0.01845521  0.03731881
 -0.07403212  0.08049817 -0.13378035 -0.04374287  0.02664894 -0.01496559
 -0.04060364  0.09156016 -0.1304943   0.06554403  0.05277302  0.06736007
 -0.01403395 -0.10279026  0.00299047 -0.02033568  0.08005007 -0.22398281
  0.16609082  0.18578389 -0.01408529  0.13596545  0.07126883  0.08943976
 -0.00370063 -0.02102239 -0.21439557  0.01174933  0.09040751  0.00948547
  0.04387265  0.01293475]