[-0.14040689  0.15878366  0.07468949 -0.0138183  -0.15197323  0.01411198
 -0.01057919 -0.07618328  0.1742851  -0.02682157  0.17190249 -0.00991072
 -0.24545185 -0.05307073 -0.01078685  0.12845631 -0.12612951 -0.11592688
 -0.06202943 -0.10167249  0.0757406   0.10375833  0.03216525  0.08418956
 -0.1531347  -0.30312607 -0.08482606 -0.06408589  0.09574284 -0.10880734
 -0.04933916  0.01476309 -0.09935167 -0.07137617  0.07598765  0.0665459
 -0.05922271 -0.08179075  0.1793876  -0.02251169 -0.17837392  0.01885089
  0.05589006  0.31495589  0.1804511   0.00980478  0.03658565 -0.1085025
  0.14171708 -0.14590421  0.120426    0.17587154  0.16386144  0.07330059
  0.06212598 -0.16450727 -0.02754903  0.21928619 -0.14500077  0.10173768
  0.08703302 -0.08232439  0.01269754 -0.05970465  0.11861043  0.05098042
 -0.12043828 -0.17368649  0.0794327  -0.14543025 -0.08060383  0.05940283
 -0.16033788 -0.18073995 -0.27665043  0.05726881  0.38859111  0.14734943
 -0.21969496 -0.02224324 -0.01969645  0.02127993  0.07520892  0.12637497
 -0.1271539  -0.06563755 -0.10461135  0.02839294  0.19111185 -0.02056939
 -0.06167692  0.21990173  0.07391631  0.03998142  0.02014912  0.03555252
 -0.11731819  0.02186351 -0.09049117 -0.01214673  0.00259787 -0.08959929
  0.01481234  0.09926673 -0.19363216  0.20312195  0.0549801   0.03666165
 -0.03242162  0.00494888 -0.14070903 -0.01165557  0.18142201 -0.22382005
  0.20794706  0.19261745  0.09058532  0.16954996  0.09751572  0.05458618
  0.05511132 -0.0188517  -0.07745086 -0.02925147  0.10993475 -0.0842415
  0.08317716  0.03912754]