[-0.08453068  0.16007863  0.11682142 -0.00721772 -0.05207524 -0.07750931
  0.00325943 -0.10081869  0.16928732 -0.10534453  0.27179536 -0.06088461
 -0.1992427  -0.13512014  0.01839339  0.16597448 -0.1887513  -0.05418016
 -0.03484641 -0.02240942  0.07413927  0.01919061  0.02399576  0.03013337
 -0.04966677 -0.32089129 -0.10510027 -0.08183318  0.09270018 -0.0416143
 -0.08318083  0.01163596 -0.13743535 -0.14133881  0.01565927  0.02028346
 -0.00202417 -0.04252418  0.14491163  0.0302573  -0.18448107  0.01467892
 -0.03781252  0.25715339  0.20328592  0.03796586 -0.00405717 -0.10291485
  0.10108875 -0.12069464 -0.00734126  0.13676713  0.10735595  0.04339541
 -0.00257788 -0.15475148 -0.0170997   0.0761259  -0.15775891 -0.02320244
  0.07618199 -0.07283273  0.00261758 -0.03800117  0.16524209  0.03772993
 -0.08814701 -0.18857506  0.12815182 -0.12790437 -0.04095002  0.03624663
 -0.1766483  -0.12027476 -0.27379641  0.02831231  0.37836859  0.09522381
 -0.16684072 -0.0042339  -0.14596264 -0.01209341  0.07325816  0.11810052
 -0.01207161  0.00933377 -0.05806642 -0.03537556  0.11615709 -0.07826728
 -0.04598236  0.21476498 -0.0273868   0.08569276  0.00168291 -0.07919241
 -0.07267621  0.06831279 -0.10664194 -0.04305193 -0.00118474 -0.09874357
  0.02599769  0.12132102 -0.22015524  0.12471056  0.04702061  0.0648156
  0.0388255   0.04000064 -0.12157705 -0.0578986   0.16194713 -0.19470815
  0.21489321  0.23615186  0.07670163  0.10324164  0.11146677  0.06471797
  0.0039774   0.00164107 -0.13836229 -0.00879587  0.05883554 -0.04304141
  0.05715001 -0.00830039]