[-0.11153115  0.08199245  0.04285338 -0.06772108 -0.05674098 -0.07978407
 -0.02528008 -0.11685377  0.14852896 -0.07488617  0.20483604 -0.07598712
 -0.22139581 -0.10514916 -0.01978869  0.21205547 -0.18895777 -0.11553197
 -0.0390746   0.04017962  0.09997196  0.01648104 -0.00371676  0.03551203
 -0.13288128 -0.37602299 -0.08974867 -0.04922569 -0.06170415 -0.02983231
 -0.04920573  0.07537039 -0.17555289 -0.10119458  0.05636157  0.06243997
 -0.03390345 -0.05934057  0.16978292  0.0158122  -0.26943511  0.01053767
  0.08284957  0.24983339  0.17148472  0.04237508  0.04369227 -0.14639597
  0.1125021  -0.20938163 -0.00581608  0.12277284  0.02424596  0.05790801
 -0.00220644 -0.13591976  0.04624723  0.08675142 -0.16674577 -0.03432778
  0.11341405 -0.07755142 -0.03174658 -0.0494208   0.1851331   0.04949287
 -0.11916089 -0.15154617  0.09227448 -0.1286937  -0.04247627  0.03503827
 -0.13935947 -0.21290271 -0.31637233 -0.02061759  0.38632628  0.09123407
 -0.16517067  0.05570866 -0.07771053  0.01208413  0.17096056  0.14958672
  0.03325516  0.04681662 -0.07170763  0.02529442  0.21230797 -0.06729092
  0.00562173  0.23508608  0.03036994  0.08497702  0.00851675  0.03305437
 -0.05992201  0.07553575 -0.11101949  0.03059404  0.05118062  0.01173421
  0.04026897  0.13349527 -0.17001039  0.15060584  0.03978692  0.0650081
  0.04592889 -0.01445441 -0.05668009 -0.09607373  0.06272388 -0.20794912
  0.13884114  0.19197677  0.01234868  0.10630947  0.08533816  0.05237642
 -0.00838479 -0.00681693 -0.24230734  0.02300284  0.10792831 -0.00196461
  0.06863739 -0.01465815]