[-0.09334526  0.07497641  0.03539002 -0.03503328 -0.07734951 -0.11736627
 -0.03659945 -0.17538796  0.14521296 -0.10664316  0.17105648 -0.03477948
 -0.19908789 -0.12995782 -0.00792282  0.22189902 -0.19890408 -0.19356774
 -0.02600724  0.01302328  0.09510896  0.01216051  0.02576038  0.05838198
 -0.14199947 -0.33792052 -0.09166802 -0.03941683 -0.02156984 -0.01844733
 -0.08247127  0.12357142 -0.17927955 -0.09079572  0.0680359   0.06213192
 -0.01157811 -0.06314547  0.21395449  0.01538573 -0.30326819  0.05924885
  0.08027013  0.24960618  0.2192643  -0.02455685  0.04558112 -0.12058737
  0.15779106 -0.1863374  -0.01188753  0.15040176  0.07578728  0.05241625
  0.01234644 -0.13711964  0.01949079  0.09954438 -0.14569584 -0.02746291
  0.10504146 -0.11190987 -0.01588832 -0.06621359  0.14290933  0.04497124
 -0.0848911  -0.18977343  0.10633939 -0.14356704 -0.10008079  0.05195254
 -0.17627519 -0.18358719 -0.33072883 -0.04111965  0.31754428  0.09765581
 -0.18134135  0.10087623 -0.00655491  0.03685225  0.15257715  0.16157338
  0.03252077  0.059552   -0.07778631  0.00515502  0.22376518 -0.04627989
 -0.04030227  0.22465146  0.03709489  0.10405017  0.04237946  0.02316389
 -0.02620969  0.0465393  -0.16250537  0.03370542  0.00991423  0.02980981
  0.02032091  0.1237049  -0.12492814  0.12920292  0.00893525  0.08949868
 -0.03251315 -0.0019951  -0.06712419 -0.05438171  0.02697335 -0.20053928
  0.19119498  0.1921781   0.0060366   0.07815248  0.07741852  0.0125471
 -0.01394878 -0.0046267  -0.20399044 -0.01685417  0.15111639 -0.02241774
  0.09140629  0.00214831]