[-0.11999096  0.1196084   0.06000877 -0.04608691 -0.12714073 -0.0240309
 -0.05334799 -0.10366674  0.13338767 -0.03367735  0.20302756 -0.04017603
 -0.19532672 -0.07897563 -0.01143517  0.14751378 -0.13441932 -0.11921626
 -0.04086316 -0.06431984  0.06268324  0.06419589  0.03810604  0.04928618
 -0.13190497 -0.2720246  -0.10286248 -0.07352457  0.09946585 -0.0733376
 -0.06085584  0.00795818 -0.1217952  -0.09826475  0.09497705  0.05977097
 -0.03928981 -0.07617318  0.20591748 -0.02759402 -0.20372842  0.03586375
  0.083327    0.30286464  0.19358248  0.01103997  0.04172895 -0.12739392
  0.16320057 -0.0927938   0.12179416  0.14550696  0.14610319  0.05998434
  0.03814992 -0.13056749  0.00886989  0.19811064 -0.13437849  0.0508611
  0.12769395 -0.04186523 -0.01408076 -0.06761122  0.14884438  0.04192584
 -0.10092153 -0.22375555  0.09210025 -0.09367701 -0.10698145  0.06593447
 -0.20157294 -0.13172045 -0.29518619  0.02156303  0.38952249  0.08189567
 -0.20392184  0.04622317 -0.01188707  0.00824025  0.10669513  0.1250456
 -0.0705392  -0.01469426 -0.07359557  0.00689531  0.20756753 -0.05275857
 -0.07030501  0.14605276  0.05148524  0.04459945  0.04148845  0.0337068
 -0.08738461  0.03437004 -0.13306408 -0.0336335   0.02255668 -0.03917714
  0.01889132  0.11398764 -0.19274063  0.19959269  0.07054744  0.05895094
 -0.02550764  0.00616323 -0.10261255 -0.00763715  0.14344616 -0.21230522
  0.21307646  0.15603529  0.10516347  0.11207211  0.12197687  0.04107935
  0.04004634  0.03131191 -0.12836181 -0.03678847  0.10292391 -0.04014635
  0.12853248  0.05040181]