[-1.32426709e-01  1.51303694e-01  8.25156569e-02 -2.50216778e-02
 -1.44196317e-01  2.13077851e-02 -6.81775529e-03 -8.98622423e-02
  1.76020905e-01 -2.61808075e-02  1.95843548e-01 -1.08779455e-02
 -2.39270970e-01 -6.74994737e-02  7.81135866e-03  1.36688784e-01
 -1.43972665e-01 -1.31819382e-01 -3.03853061e-02 -1.05023339e-01
  7.78555498e-02  9.18586999e-02  3.91694345e-02  7.79808387e-02
 -1.80334166e-01 -3.05992275e-01 -9.43078026e-02 -6.41149133e-02
  7.90005848e-02 -1.10396974e-01 -3.49288322e-02  2.17579678e-02
 -9.88461301e-02 -4.58290540e-02  7.79260322e-02  7.06402734e-02
 -6.66037947e-02 -8.96343589e-02  1.85916737e-01 -1.66542754e-02
 -1.69057563e-01  3.40969302e-02  5.91683351e-02  3.15572470e-01
  1.86646551e-01  6.76124869e-03  3.46470997e-02 -1.09259538e-01
  1.40236601e-01 -1.58667445e-01  1.45946607e-01  1.61897153e-01
  1.63045645e-01  7.07986876e-02  5.14850803e-02 -1.40432343e-01
 -3.84676121e-02  2.13161334e-01 -1.69664055e-01  9.61581692e-02
  1.12714790e-01 -9.29346234e-02 -4.93809907e-03 -7.62839988e-02
  1.36902913e-01  9.85612795e-02 -1.28933653e-01 -1.75563619e-01
  7.32211694e-02 -1.39363155e-01 -1.10924296e-01  4.56114225e-02
 -1.69909075e-01 -1.66281000e-01 -2.93539852e-01  7.01339766e-02
  3.81742328e-01  1.35811821e-01 -2.06772804e-01 -2.56636124e-02
  3.16553371e-04  5.46216965e-02  7.09370002e-02  1.23600461e-01
 -1.42752036e-01 -7.04781786e-02 -8.87964293e-02  4.11488675e-02
  1.84598714e-01 -1.61677189e-02 -8.40353146e-02  2.18726873e-01
  6.09523542e-02  5.48584834e-02  2.81159468e-02  2.92517841e-02
 -8.29863474e-02  1.92786437e-02 -9.25536007e-02 -3.54290172e-03
 -6.50197500e-03 -7.31912181e-02  3.34069319e-02  1.11187950e-01
 -1.90785751e-01  2.03193709e-01  4.58958261e-02  3.18235904e-02
 -1.74825471e-02  1.46423178e-02 -1.43172577e-01 -1.11780139e-02
  1.59295782e-01 -2.53502846e-01  2.08707571e-01  1.76684141e-01
  9.95109603e-02  1.62419364e-01  8.90499279e-02  6.16863072e-02
  4.10212763e-02 -1.19682765e-02 -8.34416598e-02 -8.65529664e-03
  1.20927565e-01 -6.55157119e-02  1.01789467e-01  4.96361852e-02]