[-0.12592039  0.10599001  0.12780891 -0.12136866 -0.08639809 -0.05952824
 -0.0475903  -0.13816653  0.15497857 -0.11547547  0.27807596 -0.09240232
 -0.22112595 -0.08443616 -0.08057796  0.21616088 -0.21977058 -0.15211485
 -0.01891701  0.00916063  0.12613955  0.0262087   0.03320241  0.00530534
 -0.0987469  -0.351621   -0.07138028 -0.02272863  0.02995356 -0.05792296
 -0.0066162   0.07463484 -0.1989617  -0.01166303  0.00432408  0.08896561
 -0.03690568 -0.15239859  0.16688965 -0.05370193 -0.28896552  0.00128663
  0.04878901  0.19985317  0.1867117  -0.00549044  0.00947727 -0.19768199
  0.1063889  -0.15019648 -0.02991965  0.13913094  0.01607526 -0.00508551
  0.01740379 -0.136206    0.01635067  0.16293775 -0.16767977 -0.07117929
  0.05820311 -0.12755817 -0.00816318 -0.14368303  0.18360846  0.10668521
 -0.08897664 -0.17844029  0.17530996 -0.08438411 -0.06134189  0.08123284
 -0.1449673  -0.15551592 -0.25459442 -0.07060464  0.32700071  0.02583362
 -0.15279703  0.08843835 -0.01077293  0.03230396  0.13579059  0.17803697
 -0.03394438  0.04166611 -0.1062673   0.00198484  0.21279342 -0.08695948
 -0.00943284  0.19999205 -0.0285643   0.02716692  0.03649739 -0.01612755
 -0.08318735  0.08817484 -0.15234414 -0.0392055   0.04058961 -0.00995609
 -0.0138624   0.12596309 -0.11934648  0.05529618  0.01994412  0.04233839
  0.04163953 -0.09403676  0.00536219 -0.06407577  0.09003795 -0.2017756
  0.18569005  0.14149767  0.02847873  0.13929532  0.12613295  0.09100767
 -0.02541097 -0.04139235 -0.22020225  0.03936453  0.13629347 -0.01168136
  0.11823503 -0.02434585]