[-0.07830031  0.10088628  0.03029588 -0.00692173 -0.12311878 -0.04559421
 -0.0324834  -0.14021872  0.10051622 -0.06937956  0.22343312 -0.08325611
 -0.22526903 -0.13285421 -0.04326403  0.21288113 -0.10916498 -0.16881746
 -0.02130163  0.01986371  0.09250222  0.01251213  0.0587046   0.05643902
 -0.11893964 -0.39155886 -0.08711077 -0.07819872 -0.04222651 -0.01527702
 -0.08631917  0.08003377 -0.15746276 -0.07578707  0.10600279  0.07445388
  0.0114784  -0.04984704  0.19513892  0.00230544 -0.25952497  0.03125811
  0.10051809  0.27593797  0.1808695   0.06020962  0.05926769 -0.1188741
  0.13762036 -0.15160722  0.02399363  0.11682103  0.12081142  0.01354725
  0.01650073 -0.11675332  0.01142092  0.1216977  -0.13288306 -0.03372936
  0.05845029 -0.04030798 -0.0319597  -0.11256967  0.23376964  0.03457616
 -0.11872157 -0.14404294  0.10758268 -0.14336072 -0.0855999   0.04921892
 -0.19593215 -0.17987306 -0.29875404 -0.01745654  0.39557338  0.11099446
 -0.21942559  0.03171625 -0.01444697  0.05528099  0.12267847  0.14985096
  0.01594942  0.03799612 -0.10165375 -0.03655444  0.25338742 -0.10628455
 -0.03041014  0.22036572  0.01755975  0.10586127  0.00711831 -0.00732166
 -0.04300505  0.05219463 -0.13818224 -0.005127   -0.01330447  0.01018069
  0.0112322   0.10598725 -0.20185697  0.0765918  -0.00934305  0.05728992
  0.00156103  0.00561661 -0.07604287 -0.08334237  0.07161783 -0.22547953
  0.15256058  0.1973671   0.03351961  0.09894884  0.09543201  0.03493151
  0.02369282 -0.01747432 -0.20033216 -0.04271783  0.15024666 -0.05413094
  0.07234424 -0.01958934]