[-9.68139842e-02  1.27966911e-01  5.56806810e-02  1.69359874e-02
 -5.10708690e-02 -7.84392208e-02 -2.31827684e-02 -1.36741519e-01
  1.60414740e-01 -1.01951376e-01  1.99368015e-01 -1.64689813e-02
 -2.29098067e-01 -7.79063404e-02 -1.92486867e-02  1.57067224e-01
 -1.74345657e-01 -8.00965428e-02 -5.85897975e-02 -4.20290679e-02
  1.07790045e-01  6.86379299e-02  4.90553677e-02 -2.66181683e-04
 -1.03051364e-01 -2.93972105e-01 -1.12470224e-01 -3.24072242e-02
  4.98706475e-02 -1.57426856e-03 -6.33109584e-02  3.27697657e-02
 -1.43348500e-01 -1.27691701e-01  8.08418617e-02  6.96444437e-02
 -2.38396432e-02 -6.38562366e-02  1.95018753e-01  4.26027551e-02
 -1.80608913e-01  8.40161834e-03  3.43590938e-02  2.59010643e-01
  2.23789051e-01  4.19005984e-03  3.68386500e-05 -1.47512078e-01
  9.05732140e-02 -1.36310950e-01  1.45322429e-02  1.66121885e-01
  9.97919366e-02  9.01465416e-02  3.60402912e-02 -1.28732845e-01
  1.63455978e-02  1.01580344e-01 -1.26583144e-01 -1.60051249e-02
  8.94686207e-02 -7.71651268e-02  1.16809504e-02 -3.87991183e-02
  1.29447371e-01  2.72425320e-02 -8.55197608e-02 -1.91393495e-01
  1.29340872e-01 -1.56164274e-01 -1.12068139e-01  2.44522244e-02
 -1.64118156e-01 -1.43894255e-01 -3.24942797e-01 -2.51585431e-02
  3.83342236e-01  1.15645900e-01 -1.75999120e-01  2.50825267e-02
 -6.31529018e-02 -4.38514724e-02  1.03007667e-01  1.31731465e-01
 -3.44840772e-02  1.04662441e-02 -5.35130203e-02 -6.07513171e-03
  1.98980734e-01 -3.43822539e-02 -9.49891731e-02  2.11401865e-01
  1.06818974e-02  6.57592192e-02  7.02374205e-02 -6.88504148e-03
 -6.95245788e-02  1.27476892e-02 -1.56036392e-01 -5.99423908e-02
  2.36011129e-02 -1.08676091e-01  2.53972057e-02  1.65950090e-01
 -1.84880748e-01  1.38465613e-01  2.14543249e-02  4.04428318e-02
  2.18916535e-02  1.74479634e-02 -1.49112254e-01 -2.65108794e-02
  1.56821594e-01 -1.63341492e-01  2.11115032e-01  2.11640164e-01
  4.81230579e-02  9.22397673e-02  1.18022516e-01  7.59377033e-02
 -8.65487475e-03  3.80426012e-02 -1.47432476e-01 -6.04327582e-02
  3.08953375e-02 -6.95512025e-03  9.95197892e-02  1.48414969e-02]