[-0.12304548  0.1108065   0.06482257 -0.0440354  -0.13381806 -0.01376397
 -0.04975396 -0.10458913  0.13266206 -0.03629811  0.20918909 -0.04024944
 -0.21689856 -0.07914092  0.00307894  0.14613236 -0.11229219 -0.10709544
 -0.0559044  -0.04794387  0.05465048  0.06161018  0.0546706   0.04409484
 -0.13850461 -0.26793176 -0.1044024  -0.06720041  0.08698522 -0.0894505
 -0.06172284  0.01484826 -0.10969057 -0.09882656  0.08591366  0.06904647
 -0.04114409 -0.07908266  0.19793093 -0.03597993 -0.20866196  0.01299296
  0.08189783  0.28618416  0.1940721   0.01190576  0.04567541 -0.11864066
  0.15716718 -0.10801666  0.11980482  0.1245841   0.15684442  0.06364007
  0.03616914 -0.13759272  0.01621283  0.2111212  -0.13348852  0.05020746
  0.13575368 -0.04008137 -0.01610492 -0.06166134  0.15665726  0.04678797
 -0.11056783 -0.21749234  0.08574694 -0.09461372 -0.10443186  0.07402553
 -0.20449689 -0.13682272 -0.29627463  0.01209981  0.3756884   0.08453884
 -0.21028264  0.02233115 -0.02159965  0.02069345  0.0850144   0.11142912
 -0.06834833 -0.02369081 -0.08183491 -0.0119129   0.20906909 -0.05551311
 -0.05985937  0.15701813  0.06473019  0.04264639  0.03663795  0.03271526
 -0.08279932  0.02907802 -0.12232192 -0.02579361  0.01241144 -0.05321468
  0.0212259   0.11029839 -0.19774865  0.22159992  0.06634025  0.07012603
 -0.00851203  0.00327727 -0.10378257 -0.01192131  0.15260161 -0.22118361
  0.19364297  0.1628527   0.10817361  0.10908484  0.11789475  0.06364822
  0.03636803  0.04917309 -0.12942436 -0.03721772  0.1027196  -0.05940697
  0.11552339  0.05783757]