[-9.84068364e-02  5.72418161e-02  3.48145552e-02 -4.07291055e-02
 -1.13513194e-01 -7.90584609e-02 -1.15583576e-02 -1.75335348e-01
  1.12270810e-01 -1.10883646e-01  2.04141974e-01 -4.58148457e-02
 -2.16251373e-01 -1.24188654e-01  1.44668743e-02  2.12939337e-01
 -1.41922385e-01 -1.68272659e-01 -7.68260732e-02  1.58709735e-02
  8.21032226e-02 -2.53317263e-02  2.60255486e-02  5.87419868e-02
 -1.19938277e-01 -3.46737176e-01 -1.16617277e-01 -6.64727464e-02
 -6.20785244e-02 -3.29942293e-02 -4.48986068e-02  2.98561882e-02
 -1.56664863e-01 -6.95048571e-02  6.22774363e-02  9.74272471e-03
 -3.04497536e-02 -6.58002868e-02  2.39428073e-01  1.27908364e-02
 -2.71836966e-01  3.69923860e-02  8.12729001e-02  2.37672836e-01
  1.94852993e-01  2.27814373e-02  4.26468141e-02 -1.18140295e-01
  1.63399786e-01 -1.98969766e-01 -8.07777978e-03  1.31587505e-01
  7.49210715e-02  5.44790700e-02  2.04934292e-02 -8.84622186e-02
  3.00512407e-02  1.21668868e-01 -1.92916319e-01 -6.68419898e-03
  9.13694575e-02 -1.01642467e-01 -6.80985898e-02 -9.76748690e-02
  1.91980734e-01  8.07701945e-02 -1.36127681e-01 -1.47109821e-01
  9.56214592e-02 -1.61726281e-01 -8.23897645e-02  2.42369752e-02
 -1.83055446e-01 -2.11908817e-01 -3.19941610e-01 -2.35745069e-02
  3.63965303e-01  1.41214535e-01 -2.17466071e-01 -4.57326329e-04
 -3.85271907e-02  5.15721142e-02  1.45647198e-01  1.41310528e-01
  3.64247523e-02  2.49236431e-02 -5.64462207e-02 -5.51288808e-03
  2.02623889e-01 -8.28163028e-02  3.60201491e-04  2.74436921e-01
  4.79602404e-02  8.59593675e-02  2.20737467e-03  3.07955984e-02
 -3.11477520e-02  1.19801005e-02 -1.27563819e-01  4.01309393e-02
 -3.47986259e-03  2.20241398e-02  7.40721375e-02  8.85406435e-02
 -1.50528714e-01  1.28966033e-01 -4.74788249e-05  6.37356937e-02
 -2.68900152e-02 -5.00571005e-05 -8.13861787e-02 -9.27302837e-02
  4.20572907e-02 -2.11866289e-01  1.55554712e-01  2.12583408e-01
 -1.06881829e-02  7.12107643e-02  5.68360277e-02  4.27885465e-02
 -3.30322422e-02 -4.91663674e-03 -1.84904382e-01 -1.57793295e-02
  1.22991227e-01  1.07775780e-03  7.52012730e-02 -1.79181546e-02]