[-0.11045253  0.07977911  0.03562556 -0.05122079 -0.07577907 -0.08490284
 -0.02251369 -0.12772928  0.14402518 -0.06346351  0.21531546 -0.09303961
 -0.2261046  -0.11066326 -0.04392908  0.21900992 -0.20592661 -0.11609758
 -0.03858425  0.03787641  0.12452579  0.01148347 -0.01040702  0.02957926
 -0.13451624 -0.37495929 -0.09627064 -0.06279588 -0.05832976 -0.05749526
 -0.04420763  0.06522997 -0.17712462 -0.10715594  0.05837327  0.06257833
 -0.03603887 -0.07867076  0.17447913 -0.01572263 -0.2679227   0.01567994
  0.09745295  0.23860793  0.17214419  0.03481795  0.04909506 -0.14119546
  0.12679069 -0.18786822 -0.00959406  0.12307926  0.04556236  0.07149258
 -0.00901801 -0.12373473  0.02958022  0.11396225 -0.15019602 -0.0314937
  0.13127469 -0.08250999 -0.03088959 -0.04657562  0.17942658  0.04291572
 -0.11615212 -0.15500103  0.10348722 -0.13590713 -0.05837752  0.02977088
 -0.15138404 -0.20849203 -0.32048148 -0.04229585  0.37787196  0.07443253
 -0.16724013  0.04273364 -0.07429628  0.04551085  0.17353897  0.14218985
  0.04687821  0.05449814 -0.08546164  0.02948113  0.23172581 -0.07690471
 -0.00328188  0.23127814  0.03266085  0.08130161  0.01080229  0.0224962
 -0.0322126   0.06109947 -0.10025992  0.04476983  0.04901561  0.01949505
  0.02786096  0.12633261 -0.14736934  0.13214903  0.04049168  0.09230821
  0.02628416 -0.02955436 -0.06245945 -0.07657246  0.0724736  -0.21203473
  0.15873329  0.18487827  0.00184543  0.09488406  0.0727421   0.04508846
 -0.01230514 -0.03079935 -0.25100794  0.01619797  0.11157533  0.00693276
  0.07712442 -0.02040019]