[-0.0952657   0.07967385  0.14095584 -0.00225389 -0.03231393 -0.07109088
 -0.02740828 -0.1470314   0.08808489 -0.07028943  0.27449748 -0.08402851
 -0.19709517 -0.10572131  0.00776682  0.20750473 -0.17389892 -0.10354757
 -0.02298434 -0.00229268  0.02529052 -0.03719028  0.05689932  0.03281694
 -0.07672922 -0.37049603 -0.12595665 -0.09769576  0.04886208 -0.03801131
 -0.09036369  0.04182031 -0.13366871  0.00418762  0.03671158  0.05805256
 -0.00675544 -0.12063259  0.19642352 -0.0010454  -0.22472171 -0.0221952
  0.01006618  0.21947825  0.23337618  0.02362975  0.03149636 -0.0739799
  0.07011184 -0.169847   -0.00542664  0.11523118  0.04454278  0.01605376
 -0.01008126 -0.15210102 -0.03030183  0.07427154 -0.15757869 -0.02378688
  0.02590798 -0.14298092 -0.02193822 -0.06764907  0.25356796  0.12903264
 -0.15343027 -0.10184097  0.145621   -0.13529612  0.01348687  0.01447183
 -0.18564458 -0.16871366 -0.26519582  0.00614265  0.39165533  0.06108833
 -0.20158558  0.02056048 -0.0844258   0.01444921  0.11329027  0.19304325
 -0.00261068  0.02370778 -0.08668159 -0.04068672  0.19703695 -0.10640632
 -0.0071815   0.20825194 -0.08933736  0.06733044  0.00434898 -0.02102495
 -0.02948824  0.00215867 -0.0926042  -0.03354612 -0.01129028 -0.06338331
  0.00894749  0.10142719 -0.17827545  0.04386997  0.03929179  0.02224027
  0.04920897 -0.02886357 -0.06378314 -0.09641143  0.13160324 -0.2341028
  0.1849243   0.21911077  0.0196231   0.12904821  0.07685821  0.10510035
 -0.01626628 -0.02390642 -0.13325365  0.02857058  0.07491677  0.00106759
  0.05684392 -0.02374827]