[-8.06204379e-02  8.04698020e-02  1.12632088e-01 -2.57299673e-02
 -2.98996400e-02 -6.43431172e-02 -4.57210168e-02 -1.57422215e-01
  1.42234072e-01 -1.11896731e-01  2.31348857e-01 -8.24620575e-02
 -1.96112677e-01 -7.71539435e-02 -1.95490848e-02  2.35461742e-01
 -2.00302914e-01 -1.10294275e-01 -4.33543548e-02  2.05502342e-02
  7.62412045e-03 -1.80817228e-02  6.75148815e-02  4.30735610e-02
 -6.00695014e-02 -4.22799587e-01 -1.32982284e-01 -1.17056549e-01
  1.91868078e-02  5.84745873e-03 -4.64947186e-02  5.33262268e-02
 -1.18671954e-01  6.48598606e-03  5.65541089e-02  6.83733970e-02
 -3.75144482e-02 -1.26267716e-01  1.86233744e-01 -1.81448217e-02
 -2.55469382e-01  2.08196419e-04  1.84200127e-02  2.21821472e-01
  2.23212913e-01  1.68242250e-02  5.51110618e-02 -1.10246055e-01
  9.91828069e-02 -2.00587273e-01 -2.67947763e-02  8.79942402e-02
 -1.10351918e-02  2.64458712e-02  2.91377101e-02 -1.64829925e-01
  1.17891775e-02  9.51033309e-02 -1.63856491e-01 -3.21314335e-02
  3.75210792e-02 -1.17441334e-01 -2.69355755e-02 -3.99553776e-02
  2.25112423e-01  1.28154382e-01 -1.45669580e-01 -1.22397199e-01
  1.46518245e-01 -1.63574368e-01  5.27424701e-02  2.91320980e-02
 -1.70743033e-01 -2.09070548e-01 -2.29950741e-01 -1.52427331e-02
  4.30564225e-01  8.88782293e-02 -1.53322682e-01  3.84731255e-02
 -4.20705341e-02  1.61533933e-02  1.30112723e-01  2.05030710e-01
  3.74387880e-03  1.39029427e-02 -7.57832974e-02 -1.71781722e-02
  1.99262902e-01 -1.01411059e-01  1.19743096e-02  2.35451892e-01
 -8.29846188e-02  7.00625256e-02 -5.47257904e-03 -2.86722966e-02
 -4.81509157e-02  4.18126844e-02 -1.27361462e-01 -1.25606284e-02
 -1.01646339e-03 -1.64602604e-02  6.56514615e-03  6.31104261e-02
 -1.62413940e-01  7.42254779e-02  2.22147554e-02  2.37932764e-02
  5.36299609e-02 -3.13111357e-02 -5.98699525e-02 -6.63971156e-02
  1.54339299e-01 -2.11566687e-01  1.74829960e-01  2.14117914e-01
  4.30344492e-02  1.52375683e-01  8.20135772e-02  7.10217282e-02
  2.02831114e-03 -4.21369523e-02 -1.96852803e-01  4.30544317e-02
  8.01327005e-02 -9.40121058e-03  3.30838934e-02 -4.93007004e-02]