[-0.12742077  0.07372198  0.11112028 -0.01897902 -0.0506511  -0.06750055
 -0.0605525  -0.17694438  0.09899349 -0.08482835  0.2491066  -0.06334122
 -0.16987754 -0.10444421  0.00703544  0.22067861 -0.18819821 -0.10189535
 -0.02799424  0.00557497  0.02279294 -0.03800052  0.0670128   0.03411752
 -0.06909309 -0.36423704 -0.11701135 -0.10407422  0.04256339 -0.00652124
 -0.10154181  0.04744108 -0.14423987 -0.03867726  0.03830002  0.11132628
 -0.02025376 -0.09475616  0.1936186  -0.05595708 -0.23931706  0.01396863
  0.05149169  0.21320029  0.22608228  0.02577237  0.04297432 -0.09945027
  0.09202852 -0.13234539  0.01401696  0.06670866  0.03775187  0.01500847
  0.01263189 -0.16720289 -0.00213173  0.07431411 -0.12319405 -0.01254297
  0.06917121 -0.13934648 -0.01330214 -0.0653549   0.26810127  0.10459136
 -0.13005321 -0.14173901  0.12783341 -0.11870898 -0.00177747  0.03655957
 -0.18042028 -0.15599972 -0.29886669 -0.00268358  0.39459273  0.04300309
 -0.202305    0.03838008 -0.0430942  -0.00689353  0.15765046  0.20625563
  0.02593795  0.02716505 -0.10467356 -0.05103359  0.22444513 -0.09296507
 -0.00769995  0.19692706 -0.04937546  0.07139251  0.01404459  0.00410049
 -0.04972469  0.02164431 -0.13822006 -0.02329398  0.00773383 -0.04032238
 -0.00157349  0.09924866 -0.1465987   0.04532417  0.02735902  0.05623052
  0.04094703 -0.02310913 -0.08768644 -0.10213617  0.1345046  -0.21675186
  0.17709157  0.20418791  0.03935944  0.11748991  0.11006144  0.10393558
 -0.01037076  0.02041904 -0.185109    0.03957357  0.09699513 -0.01285302
  0.08297135  0.01862819]