[-0.09670047  0.10518765  0.09106932 -0.06276809 -0.02864611 -0.06796452
 -0.05679772 -0.16063602  0.15947777 -0.12550524  0.25393268 -0.07813723
 -0.18087469 -0.06761082 -0.03585288  0.23911691 -0.23837566 -0.10758071
 -0.01044222  0.0463735   0.05845345 -0.02370659  0.05734872  0.04801689
 -0.06369995 -0.39772862 -0.14283322 -0.08915601  0.04596389 -0.01261768
 -0.04715208  0.03229791 -0.14185326  0.00148347  0.05210348  0.09567541
 -0.00662217 -0.14532128  0.18560283 -0.01456084 -0.25619873  0.04468532
  0.02035397  0.22533031  0.22337246  0.00305621  0.04666344 -0.13152887
  0.13515872 -0.16883481 -0.04052511  0.0854701   0.01054467  0.01626217
  0.02118171 -0.16754764  0.01665985  0.09723121 -0.17121805 -0.04490677
  0.04071546 -0.09624117  0.01243753 -0.05822432  0.23219204  0.10865184
 -0.16120559 -0.14188123  0.15935086 -0.14061841  0.04031793  0.02736468
 -0.18290858 -0.19689722 -0.23954313 -0.01603454  0.42135841  0.08181343
 -0.16422382  0.0825153  -0.03743562  0.00056199  0.11426281  0.25290465
  0.03346274  0.04715651 -0.0812134  -0.02320599  0.21527667 -0.09480128
  0.00167126  0.24316695 -0.07534228  0.09422308 -0.00069312 -0.02942148
 -0.07454617  0.02712731 -0.13119605 -0.01545605 -0.04811741 -0.00977716
 -0.02050368  0.09835037 -0.14353453  0.07934116  0.01899983  0.0328545
  0.01073209 -0.01500709 -0.0354792  -0.06583756  0.11464765 -0.23047212
  0.18462478  0.2012888   0.04778624  0.14365664  0.09015989  0.07505589
  0.02346869 -0.00418301 -0.19315974  0.02938334  0.06020472 -0.02107588
  0.0627042  -0.04346292]