[-1.25434831e-01  9.14808512e-02  1.07247770e-01  4.61579068e-03
 -8.12950172e-03 -3.92948017e-02 -4.01766710e-02 -1.66267633e-01
  9.76651236e-02 -7.40367398e-02  2.62632340e-01 -5.03370538e-02
 -2.02598616e-01 -1.17182933e-01 -1.74863881e-03  2.16421649e-01
 -1.81069136e-01 -1.14362083e-01 -1.75759252e-02 -6.36831904e-03
  1.85623374e-02 -3.12249959e-02  5.93770035e-02  4.37291674e-02
 -6.65730163e-02 -3.45964909e-01 -9.54629779e-02 -1.29839912e-01
  4.00972925e-02 -2.47714333e-02 -8.42983872e-02  2.65140682e-02
 -1.42306596e-01 -1.48184586e-03  3.20953503e-02  6.86411038e-02
  2.84319930e-03 -8.77330005e-02  2.16807768e-01 -1.77758709e-02
 -2.07177833e-01 -2.54095551e-02  2.21995395e-02  2.35723451e-01
  2.08068654e-01  2.05294695e-02  2.65454110e-02 -9.13693830e-02
  6.98474869e-02 -1.63634047e-01  1.47975190e-02  8.18183199e-02
  5.69499210e-02  1.09615801e-02 -1.01133306e-02 -1.88049734e-01
 -1.54457064e-02  3.96315567e-02 -1.40225872e-01 -1.94516424e-02
  3.58266011e-02 -1.26906827e-01 -4.25465070e-02 -5.67462929e-02
  2.57985353e-01  1.10689700e-01 -1.25075400e-01 -1.17394045e-01
  1.48659036e-01 -1.15990184e-01  7.52096204e-03  2.67723110e-02
 -1.67182773e-01 -1.64642915e-01 -2.65555680e-01  3.34100588e-03
  3.89631271e-01  6.72610626e-02 -2.09980771e-01  3.66739333e-02
 -7.57111832e-02  1.14572723e-03  1.32606268e-01  1.63405761e-01
 -3.22488340e-04  2.32627038e-02 -8.69431421e-02 -4.00948375e-02
  1.98670596e-01 -8.96906555e-02 -1.36665879e-02  1.81811348e-01
 -6.55746758e-02  5.08637801e-02  1.90383438e-02 -2.23573297e-02
 -1.86747089e-02  2.36148275e-02 -1.30863354e-01 -3.75809632e-02
 -5.43527072e-03 -4.63986509e-02  1.97202470e-02  8.76105949e-02
 -1.95424303e-01  4.42823954e-02  5.41850999e-02  8.02009925e-03
  5.69070540e-02 -5.34000993e-03 -1.00134790e-01 -8.42116103e-02
  1.50599152e-01 -2.24862173e-01  1.95159167e-01  2.07924083e-01
  4.31536697e-02  1.36307448e-01  9.46013108e-02  1.08847260e-01
 -1.80344488e-02 -6.02265680e-03 -1.72495678e-01  1.85068790e-02
  9.86715555e-02 -5.16680395e-03  7.38166198e-02  1.10875745e-03]