[-0.09407666  0.08623528  0.10281197 -0.0641173  -0.02957571 -0.06105272
 -0.04455135 -0.14533167  0.15249173 -0.11339648  0.24371977 -0.08129986
 -0.18329346 -0.0698014  -0.02870796  0.24009371 -0.22976704 -0.10080918
 -0.02724918  0.0429937   0.05368467 -0.01359417  0.05889655  0.04054133
 -0.07128575 -0.40586558 -0.13918176 -0.08708655  0.04256487 -0.01551122
 -0.04939489  0.03514723 -0.13936809  0.00259971  0.05842855  0.0946665
 -0.01306101 -0.1531952   0.18425751 -0.01532645 -0.25557411  0.04145605
  0.02535938  0.21155019  0.22338693  0.01638723  0.04493101 -0.12350976
  0.13430889 -0.19024955 -0.03794863  0.07999777 -0.01470187  0.01962043
  0.02778617 -0.15879163  0.0205429   0.09904201 -0.18214063 -0.04571668
  0.03548345 -0.10274214  0.01292083 -0.05252596  0.2219574   0.1095793
 -0.15705135 -0.13284755  0.15260802 -0.14576769  0.05457618  0.03017581
 -0.17067331 -0.19619235 -0.23082192 -0.01135553  0.43545905  0.08120593
 -0.15897624  0.06769246 -0.03699358 -0.00386891  0.12717417  0.23063003
  0.029869    0.0348234  -0.08330137 -0.0157462   0.22587764 -0.09170433
  0.01040753  0.24609621 -0.06885859  0.08834433  0.0007869  -0.02266166
 -0.07106596  0.02949899 -0.12476134 -0.00591143 -0.03276103 -0.0119435
 -0.01376862  0.09160429 -0.14127405  0.08267462  0.01603686  0.01913031
  0.01444031 -0.03067677 -0.04382594 -0.05843746  0.11706871 -0.22892864
  0.17859825  0.20241342  0.04218016  0.14452086  0.08090463  0.072303
  0.01930597 -0.01139106 -0.18862969  0.02686401  0.0703686  -0.01739691
  0.06583642 -0.04735771]