[-9.50371847e-02  9.20557082e-02  8.59641358e-02 -1.29078897e-02
 -2.07206067e-02 -3.20927165e-02 -4.51915525e-02 -1.61954626e-01
  1.12785459e-01 -1.09520338e-01  2.54774243e-01 -6.21021949e-02
 -2.00036570e-01 -1.05028175e-01 -5.17502055e-03  1.96869448e-01
 -1.73226193e-01 -1.16546586e-01 -2.90268846e-02  2.72331806e-03
  2.92583909e-02 -2.42083073e-02  5.85878678e-02  2.69040558e-02
 -7.36187026e-02 -3.67220223e-01 -1.19056128e-01 -1.16945565e-01
  1.34439571e-02 -4.55559567e-02 -8.10665414e-02  1.97635479e-02
 -1.27347007e-01 -6.13334868e-03  2.16543935e-02  6.62796199e-02
 -9.34178196e-03 -9.71341208e-02  2.10996225e-01 -2.11385544e-02
 -2.29444966e-01  2.05272231e-02  2.05778815e-02  2.31953219e-01
  1.98589697e-01  3.73040698e-02  2.82660965e-02 -1.06314957e-01
  1.06440306e-01 -1.35213897e-01  3.67345177e-02  7.57971779e-02
  5.28887697e-02  3.45850363e-03  6.90172752e-03 -1.50863111e-01
 -1.47738457e-02  6.08264469e-02 -1.28523216e-01 -1.70819163e-02
  5.35977073e-02 -1.39745161e-01 -2.59970818e-02 -5.70257492e-02
  2.45983601e-01  1.13254361e-01 -1.20544031e-01 -1.40240416e-01
  1.25922576e-01 -1.39044046e-01 -2.25923732e-02  2.51744818e-02
 -1.70123547e-01 -1.60191312e-01 -2.78668970e-01  2.41895914e-02
  3.98852795e-01  6.05991073e-02 -1.87446773e-01  4.83997390e-02
 -2.99505088e-02  3.62923747e-04  1.57316148e-01  2.17489868e-01
 -3.05874273e-04  2.10238416e-02 -8.75636786e-02 -4.00304906e-02
  2.22093150e-01 -9.20224041e-02 -4.65406738e-02  1.79997861e-01
 -7.36733526e-02  8.14087838e-02  2.29372531e-02 -2.66929921e-02
 -3.82439047e-02  3.13769691e-02 -1.05449654e-01 -9.54436604e-03
  1.53863011e-02 -3.47049795e-02 -1.22578349e-02  9.40615386e-02
 -1.55015230e-01  4.82017361e-02  1.55628221e-02  2.35106796e-02
  6.15099445e-02 -4.61024558e-03 -8.46070796e-02 -9.68768522e-02
  1.25517935e-01 -2.32639953e-01  1.78839326e-01  1.87985539e-01
  4.29900773e-02  1.28510416e-01  1.06890276e-01  1.08112253e-01
  4.68893303e-03  2.66461372e-02 -2.08504960e-01  1.25852255e-02
  1.12037830e-01  1.80138797e-02  9.23345760e-02 -9.79620218e-03]