[-0.09167659  0.09612627  0.09326469 -0.05581179 -0.03121056 -0.05708469
 -0.04810659 -0.15674964  0.1422752  -0.12786207  0.2554751  -0.07234318
 -0.1943713  -0.07026894 -0.03549181  0.24832498 -0.23018757 -0.1146192
 -0.02293027  0.04480407  0.05989931 -0.02636074  0.06456429  0.04644709
 -0.05918055 -0.39205629 -0.13952385 -0.07825245  0.04337101 -0.01767178
 -0.06058312  0.02934851 -0.14248256  0.00517245  0.05422379  0.08452191
 -0.00794311 -0.15902054  0.18607943 -0.01652795 -0.26355463  0.04202188
  0.03986402  0.21358824  0.22547412  0.00937609  0.04038862 -0.12963448
  0.13098757 -0.18583921 -0.02800676  0.08017228  0.01507399  0.01680717
  0.02880087 -0.16272035  0.01370624  0.1044037  -0.15827885 -0.05042708
  0.02793371 -0.08944464  0.0161839  -0.06449284  0.22919281  0.11509315
 -0.1565399  -0.1351652   0.15260021 -0.13703649  0.0342625   0.03486934
 -0.17723578 -0.19550703 -0.2278035  -0.01904349  0.42868692  0.08511528
 -0.16207896  0.0810409  -0.03553912 -0.00226047  0.12462541  0.24459341
  0.0336484   0.03612513 -0.08206164 -0.02401892  0.22568153 -0.09832191
 -0.00133047  0.24472263 -0.07099256  0.08617878  0.00397915 -0.02373643
 -0.06444196  0.02970023 -0.13209596 -0.02452072 -0.04365667 -0.00727062
 -0.0232174   0.08931016 -0.14317782  0.05952372  0.01893847  0.03329629
  0.02754675 -0.02012171 -0.0384873  -0.06528064  0.09749403 -0.2383941
  0.18047978  0.19854748  0.03273225  0.13438474  0.09026399  0.08041995
  0.03099252 -0.0182714  -0.18722044  0.02423533  0.08378366 -0.01830422
  0.06659509 -0.0490158 ]