[-0.08271533  0.09473323  0.09828022 -0.02576779 -0.02718638 -0.04256072
 -0.04983793 -0.17400652  0.10690057 -0.10947571  0.26044396 -0.06814571
 -0.19514263 -0.0984811  -0.004543    0.21807742 -0.19127442 -0.12340297
 -0.02774777  0.01319634  0.01314292 -0.03653922  0.06130725  0.02575153
 -0.07027896 -0.35521394 -0.12784791 -0.11057013  0.01311617 -0.03392387
 -0.081941    0.02090891 -0.12362035 -0.00069839  0.03435203  0.06509387
 -0.01186903 -0.11003869  0.21467522 -0.03600563 -0.24468362  0.02364075
  0.04299391  0.21761303  0.21312201  0.03337337  0.02935642 -0.10547667
  0.11743647 -0.14074078  0.03458029  0.07147147  0.0507728   0.01143612
  0.00751398 -0.1561688  -0.01174603  0.06973574 -0.11705285 -0.01655673
  0.06519846 -0.13398008 -0.01467903 -0.05925614  0.24943852  0.11222496
 -0.13517903 -0.14723311  0.12409218 -0.1379135  -0.02538271  0.02864341
 -0.17902257 -0.15938716 -0.28648916  0.01089831  0.39346761  0.05676563
 -0.18933894  0.04083107 -0.02217074  0.00534617  0.15147805  0.22514938
  0.00909114  0.01826472 -0.09619834 -0.05731338  0.2389264  -0.10458589
 -0.03927591  0.19242176 -0.07948801  0.08586165  0.00800768 -0.01483077
 -0.03405563  0.03015031 -0.11379814 -0.0052881   0.00823622 -0.02676117
 -0.02037541  0.10326425 -0.1486741   0.04217597  0.01208647  0.04143208
  0.05077147  0.00199388 -0.08260728 -0.10314887  0.12692104 -0.22512363
  0.17981581  0.19386491  0.03816872  0.10664535  0.11389452  0.10896655
  0.00646527  0.02220648 -0.20123453  0.01155069  0.10601522  0.01102598
  0.09036253 -0.00270987]