[-1.06471695e-01  6.89715296e-02  1.14084862e-01 -6.13069627e-03
 -4.62626629e-02 -6.17566705e-02 -4.94110510e-02 -1.62244067e-01
  1.39246374e-01 -8.23673308e-02  2.78979868e-01 -4.68257293e-02
 -1.80159628e-01 -7.99707398e-02 -1.26810279e-03  2.27437660e-01
 -1.98281124e-01 -8.67349282e-02 -1.82172097e-02  2.49503274e-02
  2.20371466e-02 -2.79718917e-02  7.67558441e-02  3.72552685e-02
 -6.17394149e-02 -3.95716727e-01 -1.22864984e-01 -1.16868198e-01
  5.92723973e-02 -8.48224293e-03 -7.52210543e-02  4.31716964e-02
 -1.30767807e-01 -3.60716991e-02  7.35231191e-02  9.42191929e-02
 -2.73171011e-02 -1.11616135e-01  2.15539962e-01 -2.58258414e-02
 -2.42071912e-01  8.26337840e-03  5.64070186e-03  2.14921042e-01
  2.11544275e-01  2.86799762e-02  5.50685488e-02 -1.22417390e-01
  1.12755418e-01 -1.75982103e-01 -2.29092855e-02  7.97140226e-02
  1.50065543e-02 -2.20818818e-03  1.42865917e-02 -1.63134471e-01
 -1.23314885e-02  8.49101767e-02 -1.63928196e-01 -3.35908160e-02
  3.65957506e-02 -1.13320149e-01 -2.33908128e-02 -6.50531277e-02
  2.44643807e-01  1.17971420e-01 -1.48362219e-01 -1.21086955e-01
  1.37603626e-01 -1.28931567e-01  2.50324011e-02  4.50852923e-02
 -1.80017874e-01 -1.84854940e-01 -2.73027867e-01 -2.86374819e-02
  4.47474867e-01  3.77658084e-02 -1.87198028e-01  3.04507520e-02
 -5.66479452e-02  6.45713974e-03  1.29289836e-01  2.01275751e-01
  2.06698161e-02  2.55640578e-02 -7.83524364e-02 -5.14805019e-02
  2.10619375e-01 -1.00060478e-01 -1.73268836e-05  2.05890700e-01
 -7.15065449e-02  9.67426226e-02  1.44434115e-02  6.44479692e-03
 -4.39611636e-02 -3.00973351e-03 -1.32655412e-01 -4.50960211e-02
 -1.31390169e-02 -1.83504671e-02  1.65067911e-02  9.21642631e-02
 -1.78791523e-01  5.37262820e-02  2.18820032e-02  2.98052728e-02
  6.47047237e-02 -1.89507734e-02 -6.72829673e-02 -8.91323239e-02
  1.45453677e-01 -2.38283157e-01  1.80136487e-01  2.15170458e-01
  9.77684185e-03  1.32407278e-01  7.67096058e-02  7.78582618e-02
 -2.92538833e-02  1.34599803e-03 -1.80147067e-01  2.35913154e-02
  6.66983351e-02 -5.17143914e-03  5.51645458e-02 -4.80343252e-02]