[-0.10026174  0.07637959  0.12475772  0.01678997 -0.0518993  -0.04981495
 -0.08417974 -0.12911844  0.09474224 -0.04935655  0.21975251 -0.03511161
 -0.19423927 -0.07688989  0.03306165  0.16011313 -0.16011558 -0.08893286
 -0.04347176 -0.01732529 -0.00625459 -0.01875984  0.06956249  0.02220833
 -0.09320195 -0.35207254 -0.10049511 -0.11700699  0.03240944 -0.03015074
 -0.06633928  0.03440625 -0.12992842 -0.00475796  0.02418173  0.09718478
 -0.01587479 -0.08057531  0.18777263 -0.04985108 -0.22441652 -0.02994402
 -0.01435299  0.23547538  0.23402785  0.02410579  0.04256653 -0.07455041
  0.07662194 -0.1649829   0.05042068  0.09831475  0.04475403  0.00529382
  0.00612884 -0.17142247  0.00313502  0.08830395 -0.12950958 -0.02655087
  0.06813885 -0.13395928 -0.02404452 -0.04794389  0.25509787  0.11772754
 -0.12163147 -0.13269773  0.10529321 -0.13276562  0.00108169  0.03633271
 -0.17028646 -0.16151509 -0.30347604  0.01617542  0.4073126   0.04666921
 -0.21936452  0.02208969 -0.06671541  0.00945023  0.14170912  0.15630336
 -0.030719    0.00875746 -0.11900158 -0.02370418  0.20884697 -0.09639996
 -0.00973608  0.15553658 -0.04174004  0.03831413  0.0256972  -0.00324987
 -0.03406542  0.03276987 -0.1179502  -0.00691087  0.03727003 -0.05043903
  0.00515216  0.0915996  -0.18290783  0.08658189  0.04956452  0.01448212
  0.06950794 -0.04114914 -0.10402286 -0.09989763  0.18932813 -0.2337178
  0.16444711  0.19345078  0.04351394  0.15383993  0.08247229  0.12495487
 -0.03685578  0.01790051 -0.18037747  0.03785457  0.08081953  0.00263736
  0.05752018  0.02116428]