[-9.39427838e-02  1.00672916e-01  6.10203408e-02  2.65679713e-02
 -1.06417142e-01 -4.47759703e-02 -3.01984437e-02 -7.13406429e-02
  6.06829226e-02 -1.33506395e-03  1.78196475e-01 -5.40535115e-02
 -1.97445437e-01 -5.93622699e-02  9.11269430e-03  7.83649087e-02
 -1.40091091e-01 -1.25750512e-01 -7.22793713e-02 -8.01337287e-02
 -1.62688531e-02 -1.89712942e-02  5.24861813e-02  7.35852942e-02
 -1.17709056e-01 -3.09550732e-01 -8.20087716e-02 -1.71973929e-01
  8.73203799e-02 -7.06060231e-02 -2.14410033e-02  3.16202119e-02
 -1.36096224e-01 -3.94107960e-02  5.50990775e-02  2.31711194e-02
  5.73543645e-03 -3.45907621e-02  2.60093480e-01 -4.23835292e-02
 -1.84650406e-01 -3.01184654e-02  3.69670875e-02  2.75428146e-01
  1.94589883e-01  6.53612241e-02  5.99642145e-03 -2.36389730e-02
  9.09477398e-02 -1.70254141e-01  7.96827897e-02  1.80052340e-01
  1.31441697e-01  3.91665660e-02  1.15483655e-02 -1.70481488e-01
  1.13399466e-02  9.55583453e-02 -1.64521158e-01  1.38644278e-02
  1.68200806e-02 -1.08766280e-01 -2.21134536e-02 -6.79964870e-02
  2.30607495e-01  9.07167569e-02 -6.17508404e-02 -1.36267722e-01
  1.51469857e-01 -1.65199921e-01 -4.31638025e-02  4.74054664e-02
 -1.47629246e-01 -1.32497460e-01 -2.48908624e-01  5.13205938e-02
  3.79492790e-01  1.47888824e-01 -1.76762670e-01  4.19672616e-02
 -9.86490101e-02 -1.67591255e-02  3.32792699e-02  4.09633070e-02
 -1.48589119e-01 -1.35456966e-02 -6.49076775e-02 -3.08813906e-04
  1.78004012e-01 -6.67673573e-02 -2.49618050e-02  1.03541173e-01
 -2.58907359e-02  2.21913364e-02  5.06435111e-02 -6.76814988e-02
 -6.50710315e-02  2.31701676e-02 -1.11987449e-01 -2.83072214e-03
  4.07996140e-02 -1.08053140e-01  5.36517277e-02  8.60436186e-02
 -2.61846125e-01  7.01802149e-02  1.97393540e-02 -6.98593557e-02
 -4.08367580e-03  4.82353084e-02 -1.26248881e-01 -5.45266755e-02
  2.16340378e-01 -2.47690827e-01  2.54358023e-01  2.05356985e-01
  5.06816208e-02  1.60856292e-01  1.00486055e-01  7.93305784e-02
 -1.26324296e-02  1.78823923e-03 -1.13781549e-01 -5.15913554e-02
  1.29165933e-01 -2.43945718e-02  7.11644813e-02  2.83974912e-02]