[-0.07388929  0.12507008  0.05381174  0.0686407  -0.07232442 -0.0081709
  0.00623362 -0.06472824  0.12214983 -0.04067842  0.19796172 -0.0540796
 -0.22991331 -0.02121482 -0.01546613  0.09666672 -0.17688976 -0.05628381
 -0.06519707 -0.02104164  0.02288662  0.01981413  0.01002834  0.07615124
 -0.08387884 -0.31495476 -0.09149722 -0.14152275  0.12525342 -0.08081661
 -0.04997792  0.02828408 -0.09547289 -0.02832001  0.04118794  0.00773155
 -0.02264091 -0.03192618  0.25342163  0.00933308 -0.16651867 -0.00561859
 -0.00634301  0.27059808  0.16402344  0.0778323  -0.02617817 -0.07184318
  0.09508303 -0.17872557  0.03773941  0.19434099  0.13074644  0.06656244
  0.00424395 -0.18667208 -0.01169432  0.08431446 -0.19205272  0.0405708
  0.0371242  -0.10114467  0.0122024  -0.02494666  0.18674593  0.08249696
 -0.08306061 -0.10424677  0.15099044 -0.20491813 -0.01918336  0.01700476
 -0.10945751 -0.17195351 -0.21608806  0.04119947  0.35857484  0.16483672
 -0.1708366   0.00507158 -0.07161823 -0.05058785  0.09373255  0.0833772
 -0.1333416  -0.05845314 -0.04374927 -0.00966706  0.16723309 -0.04158046
  0.00534925  0.16566588 -0.01834982  0.04071593  0.03172    -0.0943348
 -0.06429582  0.00426457 -0.10468224  0.01231349 -0.01515222 -0.11854317
  0.04062084  0.07797278 -0.2269063   0.09370758  0.04312987 -0.06506824
  0.02765856  0.03206014 -0.174455   -0.02957456  0.23816879 -0.22697869
  0.27261299  0.17889325  0.05913029  0.1404079   0.09937101  0.08892495
 -0.00227549 -0.02240179 -0.13416989 -0.04179513  0.12474117 -0.07197411
  0.05255125 -0.03694474]