[-0.12926465  0.09374375  0.03801184  0.04422846 -0.06985745 -0.02691931
  0.02172145 -0.07803176  0.16341497 -0.0809749   0.19845811 -0.06684678
 -0.19467489 -0.07929784 -0.0201242   0.14155801 -0.1992394  -0.08842009
 -0.02437771 -0.02312492  0.06421381 -0.00414015  0.01055339  0.09987145
 -0.09431354 -0.33981574 -0.11779328 -0.13976839  0.08745921 -0.00984615
 -0.05306222  0.02886577 -0.11983413 -0.01526768 -0.00056114 -0.00162426
  0.01236513 -0.03143344  0.23675756 -0.02444841 -0.17225228 -0.00657573
  0.01681705  0.24416772  0.13543917  0.05306452 -0.01133176 -0.05807857
  0.08127517 -0.13036869  0.00460633  0.16707627  0.11966252  0.04757313
 -0.01074371 -0.16871852 -0.0373094   0.0802343  -0.15299891  0.01843221
 -0.0375418  -0.09032234 -0.0049997  -0.04808693  0.21213321  0.07557126
 -0.08129412 -0.13417235  0.13908671 -0.18851785 -0.02936349  0.02145229
 -0.14903475 -0.17351766 -0.27377203  0.03669676  0.377404    0.13599943
 -0.1678928   0.04227059 -0.08914779 -0.03823181  0.09061816  0.09412138
 -0.11179414 -0.0091637  -0.07919117 -0.01191857  0.18175372 -0.0657677
 -0.02696365  0.16732256 -0.00055084  0.06182664 -0.00069288 -0.09767502
 -0.02425704  0.00647707 -0.10541614  0.00129685  0.01196092 -0.07863414
  0.01850121  0.0585802  -0.23199432  0.05339372  0.07299419 -0.05475402
 -0.00908678  0.07947718 -0.20609103 -0.04325062  0.19569126 -0.21333145
  0.24259336  0.18885528  0.07384869  0.17736976  0.10744788  0.0774635
 -0.03554929 -0.01641185 -0.09977682 -0.01798269  0.16199736 -0.03403516
  0.09888305 -0.00191325]