[-1.41756162e-01  1.40781254e-01  5.01901768e-02  7.41737708e-02
 -7.98676535e-02 -3.90451737e-02 -4.07386711e-03 -8.80082473e-02
  1.31150112e-01 -3.28321243e-03  2.21407637e-01 -4.57508899e-02
 -2.03913450e-01 -1.00522734e-01  1.11757237e-02  1.31801590e-01
 -2.24975154e-01 -1.03850715e-01  6.11210102e-03 -6.67053014e-02
  2.81187352e-02  1.66575701e-04  1.73718259e-02  6.95157871e-02
 -1.09413438e-01 -3.29803705e-01 -9.95650738e-02 -1.53537795e-01
  9.06388909e-02 -3.60786431e-02 -5.24102636e-02  4.86935340e-02
 -1.60777986e-01 -3.47451791e-02  1.51024973e-02  2.39546294e-03
  4.50596623e-02 -5.77862549e-04  2.22016484e-01 -7.06146611e-03
 -1.41597450e-01 -2.13419106e-02 -1.61771104e-03  2.65231341e-01
  1.41976073e-01  5.40550463e-02 -2.40490567e-02 -3.22433449e-02
  5.57687171e-02 -1.07415192e-01 -7.23732729e-03  2.09968209e-01
  9.94965211e-02  2.68820655e-02 -4.92264219e-02 -1.80135429e-01
 -3.46055478e-02  3.48147303e-02 -1.59738585e-01 -3.57696274e-03
  2.05157907e-03 -1.05538107e-01 -8.31829756e-03 -4.15321961e-02
  2.24971339e-01  5.62223867e-02 -5.49817793e-02 -1.34941250e-01
  1.23142533e-01 -1.51071891e-01 -1.95437782e-02  3.93337198e-02
 -1.62681803e-01 -1.59954756e-01 -2.91361332e-01  4.82210927e-02
  3.52703810e-01  8.47167447e-02 -1.73548281e-01  2.99610179e-02
 -1.06842361e-01 -3.53055447e-02  7.88377002e-02  6.39165863e-02
 -1.14229195e-01  7.79192289e-03 -1.13262571e-01  4.58714459e-03
  1.77977309e-01 -5.76589406e-02 -1.64989512e-02  1.63900957e-01
 -2.13685762e-02  6.71765134e-02  2.03278065e-02 -6.14727624e-02
 -8.20562802e-03 -5.43071935e-03 -9.01072174e-02  2.32978913e-04
  1.55773778e-02 -1.00330293e-01  1.07435780e-02  8.86432007e-02
 -2.26556525e-01  9.05254390e-03  7.31053948e-02 -4.12664637e-02
 -4.86403964e-02  4.68374304e-02 -1.67095646e-01 -6.89102858e-02
  2.03848824e-01 -2.26316720e-01  2.53759265e-01  2.09130913e-01
  2.23634858e-02  1.55440852e-01  6.54901192e-02  7.43017793e-02
 -8.83032158e-02 -3.42206918e-02 -8.67951289e-02 -1.72554050e-02
  1.26672491e-01 -4.22605015e-02  6.63171858e-02  2.19621509e-03]