[-0.14263408  0.11350703  0.09872469  0.06208989 -0.06981304 -0.03898026
  0.00211589 -0.10464124  0.13343786 -0.0742906   0.1883049  -0.06464209
 -0.21481512 -0.07224173 -0.00118244  0.14621079 -0.18027192 -0.12680671
 -0.01561745 -0.06433698  0.01239582 -0.00712594  0.01772489  0.09933593
 -0.09819354 -0.34035197 -0.0923564  -0.16831528  0.08907633 -0.03889347
 -0.05026289  0.02959364 -0.15088682 -0.03182931  0.01912568  0.03757621
  0.0370096  -0.00130669  0.21582849 -0.02488744 -0.17427282 -0.01675063
 -0.00731701  0.25143138  0.14100973  0.06916911 -0.00258593 -0.05592104
  0.05871442 -0.15638918  0.02484572  0.15148087  0.15610106  0.02348562
 -0.01849668 -0.18673967 -0.05692917  0.03677373 -0.16278975  0.04385572
  0.01660634 -0.1005571  -0.02573134 -0.04117483  0.24213825  0.08806258
 -0.08116864 -0.12258761  0.19787209 -0.18285607 -0.02204215  0.02574506
 -0.11819869 -0.14111674 -0.24124098  0.05888486  0.39751309  0.12321714
 -0.18582547  0.01702346 -0.12484652 -0.00474183  0.02340707  0.08135851
 -0.12193429 -0.0038197  -0.04264261  0.00047793  0.16091232 -0.05440939
 -0.00664283  0.1562454  -0.0236451   0.06512939  0.01151848 -0.09614959
 -0.03240792  0.01478341 -0.10166969 -0.01363252  0.00813511 -0.08003749
  0.06118517  0.08829652 -0.24245964  0.05957928  0.02878508 -0.06865292
  0.02788393  0.135122   -0.17523684 -0.08464839  0.21381643 -0.23556362
  0.25432312  0.21968119  0.0354804   0.15501879  0.07995345  0.11137559
  0.0008635  -0.01074098 -0.10974993 -0.04208327  0.15049067 -0.07139438
  0.05215894  0.0128676 ]