[-0.04782172  0.09798268 -0.00436235  0.02315864 -0.06716352 -0.0063733
  0.01303748 -0.03698795  0.13511683 -0.03753978  0.19103064 -0.05088937
 -0.21145356 -0.0577396  -0.02865287  0.12319054 -0.17577672 -0.05504519
 -0.06193439 -0.03993556  0.05047883  0.02270055  0.03025581  0.07987716
 -0.09044538 -0.33071789 -0.1181698  -0.11073011  0.09818526 -0.08861043
 -0.05049467  0.05006418 -0.09448307 -0.04388489  0.0777657  -0.03158897
  0.00302625 -0.04696673  0.24395318  0.0136222  -0.16232915  0.0494112
  0.05983814  0.28480378  0.16753338  0.06881087 -0.03151131 -0.07352164
  0.13126187 -0.1231112   0.03080347  0.18045826  0.10043278  0.05797448
  0.01486299 -0.12724267 -0.00855135  0.10779648 -0.18195181  0.01682983
  0.01104793 -0.09578453 -0.01056968 -0.05083993  0.11596151  0.04378178
 -0.08044567 -0.16738923  0.10941073 -0.19385163 -0.02652766  0.00725876
 -0.14298284 -0.17298084 -0.24047863  0.04797649  0.32899258  0.18407099
 -0.15546307  0.05950829 -0.03336408 -0.04242274  0.0995272   0.09333061
 -0.11009187 -0.03933911 -0.05368322  0.00214909  0.15790088 -0.04593579
 -0.03041177  0.16931343 -0.01642604  0.05418066  0.02617561 -0.05729635
 -0.10308951  0.01363876 -0.14121664 -0.00222957 -0.00314952 -0.08353411
  0.03466141  0.07917274 -0.21096669  0.08953343  0.03740692 -0.0526134
 -0.01144047  0.057539   -0.16678561 -0.0280768   0.15707105 -0.21704756
  0.23840812  0.18230255  0.09044533  0.13540904  0.12390303  0.05476875
  0.00550989 -0.01171638 -0.11089375 -0.05478961  0.13062458 -0.01863628
  0.08519711 -0.04895521]