[-1.11883141e-01  1.33938864e-01  9.79773700e-02  7.13172257e-02
 -4.09354083e-02 -1.70613416e-02  1.33701411e-04 -8.87069032e-02
  1.46971747e-01 -3.96230333e-02  1.94341436e-01 -3.34394947e-02
 -2.07082137e-01 -7.00508952e-02  1.43822404e-02  1.10228792e-01
 -1.66246995e-01 -1.14798918e-01 -3.62808667e-02 -4.42917459e-02
  7.63332983e-03 -2.88501033e-03  1.42694442e-02  7.51264393e-02
 -1.10477783e-01 -3.09073269e-01 -8.11425149e-02 -1.48159072e-01
  1.00132011e-01 -6.21560588e-02 -7.48517513e-02  4.72499244e-02
 -1.59381047e-01 -5.57882786e-02  3.57252136e-02  2.15974394e-02
  2.45471504e-02  5.18711424e-03  1.91543564e-01 -2.56014373e-02
 -1.64550245e-01 -2.40529422e-02  3.36412643e-03  2.41049886e-01
  1.87297493e-01  6.92513585e-02 -4.06911299e-02 -6.77639171e-02
  7.66413137e-02 -1.81221187e-01  1.65752601e-02  1.76708728e-01
  1.26892775e-01  6.48114532e-02  2.59821001e-03 -1.98606655e-01
 -3.54870744e-02  4.00150530e-02 -1.49381101e-01  2.03516278e-02
 -1.24298024e-03 -1.02860607e-01 -1.37478663e-02 -4.30604853e-02
  2.00639829e-01  8.09516385e-02 -6.66232407e-02 -1.25749022e-01
  1.50740147e-01 -1.58803686e-01 -1.39226234e-02  4.23590168e-02
 -1.18753545e-01 -1.42387465e-01 -2.42447644e-01  5.34596704e-02
  3.74033242e-01  1.29301414e-01 -1.84965387e-01  3.51236351e-02
 -1.19166389e-01 -1.52978776e-02  2.11633798e-02  4.14782688e-02
 -1.39545962e-01 -1.89807657e-02 -4.48412262e-02 -3.47708515e-03
  1.58035919e-01 -3.33975777e-02  8.29657074e-03  1.31832033e-01
 -5.70371263e-02  5.71538582e-02  2.98365150e-02 -6.62046671e-02
 -5.70045188e-02  1.40435612e-02 -1.29277155e-01 -3.69365402e-02
  8.64498783e-03 -8.89172778e-02  5.43694757e-02  1.08834557e-01
 -2.50300914e-01  7.02243969e-02  4.16662507e-02 -5.35803549e-02
  3.89856510e-02  8.46068785e-02 -1.43426180e-01 -4.66482006e-02
  2.00959161e-01 -2.35667899e-01  2.76600718e-01  1.87707961e-01
  2.30313111e-02  1.43376932e-01  7.30598569e-02  1.04245543e-01
 -3.54951248e-02  1.01790798e-03 -9.33918878e-02 -4.47664298e-02
  1.41228378e-01 -6.36863485e-02  4.37630266e-02 -1.83937848e-02]