[-0.05325388  0.09564437 -0.01457671  0.0131678  -0.07344843 -0.00344535
  0.01974702 -0.03786229  0.13398638 -0.0433923   0.17660865 -0.04734906
 -0.21354656 -0.0531895  -0.02591529  0.11136537 -0.18047185 -0.04295911
 -0.06358995 -0.02979735  0.04971848  0.03627376  0.02387975  0.07369863
 -0.09889678 -0.32614207 -0.10552909 -0.09871276  0.08354929 -0.07511979
 -0.04829203  0.05486214 -0.09858178 -0.02553213  0.07327769 -0.03070671
 -0.0093515  -0.03484594  0.23422182  0.03099196 -0.16727917  0.03466764
  0.06463375  0.27508911  0.18007328  0.0729051  -0.03968964 -0.08167566
  0.12317189 -0.12638861  0.0134704   0.18542366  0.08680245  0.05886064
  0.01118227 -0.13716523 -0.00350808  0.08906742 -0.18429087 -0.00570387
 -0.00105103 -0.08960081 -0.00263247 -0.02999945  0.12750666  0.03831252
 -0.08034173 -0.15873265  0.10632215 -0.20740183 -0.02798114  0.01010448
 -0.12733857 -0.17893443 -0.23361169  0.03686965  0.33123434  0.19254546
 -0.14680611  0.05721555 -0.05182176 -0.06366397  0.1093984   0.09061713
 -0.1185916  -0.03766086 -0.05576011  0.00320404  0.1643516  -0.04764103
 -0.02070197  0.17636009  0.00085786  0.04282511  0.02339285 -0.06721225
 -0.11658191  0.01870411 -0.13649701 -0.02547596  0.00044129 -0.08917052
  0.04784898  0.09500632 -0.22710648  0.10622305  0.04513986 -0.06696173
 -0.00650866  0.04604377 -0.15695636 -0.03042564  0.14544488 -0.21382084
  0.22762175  0.17084542  0.09097227  0.14783925  0.12355609  0.05416011
 -0.00414563 -0.00686452 -0.09894263 -0.04947652  0.12314133 -0.01449544
  0.09970961 -0.05235436]