[-0.0789907   0.09644172  0.0793215   0.03385535 -0.12614946 -0.02885596
 -0.04547187 -0.05780226  0.05003906  0.00736668  0.18372743 -0.06747611
 -0.22016175 -0.01172416  0.0028052   0.10355122 -0.14728442 -0.09058545
 -0.10065825 -0.07496247 -0.01923203 -0.01293174  0.06199933  0.06143057
 -0.11190738 -0.31124532 -0.08263057 -0.16828552  0.08113844 -0.08792164
 -0.02746869  0.01279051 -0.13420449 -0.02670418  0.05064243  0.01492869
 -0.02447569 -0.06940114  0.2650705  -0.05436683 -0.18881433 -0.01141099
  0.04618968  0.23147599  0.19992386  0.06766155 -0.004584   -0.0168794
  0.09647748 -0.20801978  0.061826    0.18136208  0.1231572   0.06014795
  0.0130014  -0.17091332  0.01071556  0.11418376 -0.1613075  -0.00481027
  0.00662948 -0.10293444 -0.00741965 -0.06712631  0.22112563  0.11149079
 -0.07740051 -0.10353225  0.13060717 -0.15593158 -0.02631024  0.02182348
 -0.15613189 -0.14408135 -0.26394734  0.04908261  0.36522922  0.12278118
 -0.16997714  0.01886782 -0.07593782 -0.00921409  0.00941508  0.03696801
 -0.153677   -0.04305693 -0.04964445  0.01686417  0.17361273 -0.10313412
  0.00599721  0.11689921 -0.03065817  0.0320234   0.03145904 -0.04092411
 -0.06450913 -0.00165549 -0.09895664  0.03858535  0.03606018 -0.10357536
  0.04794678  0.08116123 -0.25359362  0.04705728  0.01385726 -0.0891709
 -0.00343851  0.03551561 -0.13241534 -0.05366002  0.22331189 -0.23923628
  0.26412782  0.22139879  0.0121278   0.14763956  0.09651538  0.07844272
 -0.01927685  0.01501465 -0.11500251 -0.05707492  0.13555671 -0.01431121
  0.03143227  0.01956583]