[-1.46370515e-01  1.64829567e-01  5.21025546e-02  7.25851059e-02
 -7.43352845e-02 -5.39816804e-02  3.18191876e-03 -1.08639412e-01
  1.31369933e-01 -1.88494883e-02  2.24167898e-01 -8.01374540e-02
 -2.14148432e-01 -8.50708261e-02 -1.53760882e-02  1.43537149e-01
 -2.35602498e-01 -1.06739655e-01  3.94874765e-03 -4.11600024e-02
  4.33628969e-02  2.37102067e-04  7.00011197e-03  9.05274749e-02
 -7.93711096e-02 -3.16508502e-01 -1.12989239e-01 -1.54264301e-01
  8.99606347e-02 -1.44367935e-02 -3.58779281e-02  2.79995743e-02
 -1.32465839e-01 -3.39309089e-02  1.86623372e-02 -1.18548675e-02
  1.53726507e-02 -1.85454544e-02  2.40435272e-01 -4.57202680e-02
 -1.46701023e-01 -3.04654669e-02  2.93491725e-02  2.60743022e-01
  1.46054432e-01  6.38169497e-02 -2.24536341e-02 -5.58088720e-02
  3.67645659e-02 -1.14894293e-01 -1.34716630e-02  2.17828065e-01
  1.02434516e-01  5.33957370e-02 -4.34537791e-02 -1.89025804e-01
 -3.07994317e-02  3.72366309e-02 -1.41056761e-01  2.20409106e-03
  1.98863056e-02 -1.07462347e-01 -6.85728947e-03 -3.84327918e-02
  2.50020355e-01  5.08675389e-02 -8.19015130e-02 -1.37095734e-01
  1.32654980e-01 -1.71460390e-01 -5.03907800e-02  3.25208791e-02
 -1.58069044e-01 -1.61341533e-01 -2.86140263e-01  4.11729626e-02
  3.73435229e-01  9.62888673e-02 -1.63938627e-01  4.68109436e-02
 -1.02248274e-01 -2.73581352e-02  8.08562860e-02  8.61771181e-02
 -1.17485814e-01 -2.13513356e-02 -1.11669935e-01 -1.48471445e-02
  1.72802478e-01 -6.95981607e-02 -2.56581698e-02  1.56001315e-01
 -2.11601965e-02  6.20925389e-02  1.48852663e-02 -7.06038103e-02
  2.56389240e-03  4.51976666e-03 -8.88027772e-02  1.19273784e-02
  2.85885092e-02 -8.69490504e-02  8.42242967e-03  8.74645039e-02
 -2.11027369e-01  1.60491504e-02  7.63299465e-02 -3.15597244e-02
 -3.33699696e-02  5.69611564e-02 -1.89725339e-01 -5.36476560e-02
  2.16756210e-01 -2.22362161e-01  2.73324579e-01  1.86486214e-01
  3.36729325e-02  1.53143764e-01  9.79471132e-02  9.66202393e-02
 -6.49958253e-02 -3.11323348e-02 -9.84324366e-02 -2.81669144e-02
  1.39552355e-01 -3.82275097e-02  8.91813189e-02  5.38460771e-03]