[-8.70905444e-02  1.45150870e-01  5.34440577e-02  5.32670878e-02
 -9.21186805e-02 -2.28299666e-02  4.54726396e-03 -9.10868049e-02
  1.33586407e-01 -2.94535756e-02  2.17817053e-01 -4.96039726e-02
 -2.25866467e-01 -7.76719451e-02 -1.93602499e-02  1.23636954e-01
 -2.12220192e-01 -8.85717422e-02 -2.76354607e-02 -5.05387485e-02
 -4.13137255e-03  1.77215692e-03  5.59503352e-03  7.40763098e-02
 -6.77019432e-02 -3.16820741e-01 -1.10482931e-01 -1.29586563e-01
  1.10851482e-01 -3.67771201e-02 -4.99253497e-02  3.86262201e-02
 -1.38259381e-01 -2.54182015e-02  2.20375713e-02 -2.82278452e-02
  8.44532810e-03 -1.79496016e-02  2.44235471e-01 -9.59509797e-03
 -1.48269877e-01 -2.06460434e-04  8.74008890e-03  2.54094332e-01
  1.76378444e-01  5.42816892e-02 -2.36521643e-02 -4.78572026e-02
  6.64910004e-02 -1.45001531e-01 -6.16190815e-03  2.26796776e-01
  1.07777052e-01  2.76649427e-02 -2.04573218e-02 -1.80227265e-01
 -6.15213215e-02  6.35918006e-02 -1.42450243e-01  4.27038176e-03
 -1.01156505e-02 -9.96551439e-02 -3.34861199e-03 -5.03529795e-02
  2.08588824e-01  6.11004010e-02 -8.01896676e-02 -1.15158319e-01
  1.51126489e-01 -1.89872175e-01 -1.32043092e-02  2.96975374e-02
 -1.40506387e-01 -1.51561648e-01 -2.62718141e-01  4.39316146e-02
  3.82518232e-01  1.15209296e-01 -1.62437782e-01  2.38795262e-02
 -1.04064606e-01 -5.18950298e-02  6.63770214e-02  6.33531883e-02
 -1.32236019e-01 -4.01367247e-02 -7.95501918e-02 -1.49920362e-03
  1.88965783e-01 -5.84059767e-02 -3.83485830e-03  1.59174904e-01
 -2.56784707e-02  5.47157489e-02  1.21323196e-02 -7.70002007e-02
 -1.05653126e-02 -2.37981956e-02 -9.96162519e-02  1.91933513e-02
 -1.36180418e-02 -1.26734570e-01  9.88743361e-03  8.25182498e-02
 -2.32184753e-01  2.78287474e-02  7.20160976e-02 -6.63504079e-02
 -3.17538492e-02  4.33345102e-02 -1.63688958e-01 -3.48358564e-02
  2.33439326e-01 -2.29592919e-01  2.76960671e-01  1.87977940e-01
  2.38120537e-02  1.46430492e-01  7.54453540e-02  7.89349601e-02
 -6.36992380e-02 -5.68816550e-02 -6.70375302e-02 -5.79003990e-02
  1.10411607e-01 -6.21937290e-02  8.12735856e-02 -2.00869702e-02]