[-0.0897067   0.10445931  0.10242853  0.01402072 -0.04020682 -0.03970194
 -0.00141557 -0.0897968   0.14344795 -0.06820326  0.20597287 -0.01998019
 -0.21788433 -0.02202973 -0.04016709  0.10259302 -0.15627213 -0.11042076
 -0.09639372 -0.08631016 -0.02719548 -0.00230146  0.02876375  0.04266764
 -0.09689631 -0.30834338 -0.08765322 -0.13503166  0.09530482 -0.04581779
 -0.04552528  0.04880044 -0.16788773 -0.04715702  0.05310674  0.0073556
  0.00730601 -0.01610993  0.22100906 -0.00275505 -0.15874091 -0.00844338
  0.0230839   0.24668542  0.24690998  0.0456874  -0.03038749 -0.08045029
  0.10570519 -0.19256087 -0.00039876  0.17352583  0.13420613  0.06817837
  0.01260034 -0.18145895 -0.031068    0.0791366  -0.14925702  0.02152807
 -0.00205409 -0.135976   -0.04665421 -0.03954326  0.17875108  0.10436387
 -0.09842614 -0.13175021  0.1944676  -0.17110384  0.01510912  0.02138423
 -0.12186556 -0.12592928 -0.19894536  0.04036754  0.37690735  0.12696166
 -0.17036496  0.03049533 -0.12967359 -0.00929337  0.00202137  0.04094215
 -0.15534823 -0.04405148 -0.03174966 -0.00112343  0.16347282 -0.04180881
  0.00096207  0.12892659 -0.08638617  0.03716795  0.03905518 -0.03432344
 -0.12961227  0.00944964 -0.14708458 -0.03919784  0.0015682  -0.10942169
  0.06260365  0.0967958  -0.22106479  0.08149334 -0.00179154 -0.04962227
  0.04048258  0.0528451  -0.08961248 -0.04599413  0.19664434 -0.19969295
  0.28137478  0.18459015  0.00228896  0.15251826  0.1001909   0.09149291
 -0.01946766  0.01870603 -0.09616452 -0.07064416  0.08059612 -0.03488278
  0.05663795 -0.0378199 ]