[-0.08594125  0.12254029  0.05572879  0.04326862 -0.0690487  -0.0336269
  0.02225593 -0.09171723  0.1419428  -0.03592525  0.22701097 -0.0318691
 -0.2137014  -0.10857921 -0.03199077  0.12177434 -0.15470311 -0.07318922
 -0.02375235 -0.01375499  0.06245662  0.04332525  0.05596764  0.08333177
 -0.07986968 -0.32312709 -0.10740186 -0.11346364  0.06097017 -0.03460484
 -0.04759956  0.06660505 -0.09018408 -0.04980486  0.0507642   0.00759256
 -0.0095538  -0.02790849  0.24992983 -0.00821002 -0.19365391  0.01944312
  0.04517415  0.29072329  0.19071512  0.03139728 -0.01954749 -0.07054866
  0.09608289 -0.12918381  0.01675169  0.20186968  0.08875423  0.05361881
  0.00154187 -0.1117438  -0.00872148  0.11065965 -0.15509962 -0.01634672
  0.03558519 -0.11712857  0.01062881 -0.02771849  0.17028379  0.05397194
 -0.08381194 -0.15163384  0.09968259 -0.19498038 -0.0855948   0.03548999
 -0.17933026 -0.15016484 -0.26780248  0.05360961  0.37005934  0.14469916
 -0.15885907  0.06010757 -0.06720542 -0.00694982  0.12026808  0.1028101
 -0.08728221 -0.03488376 -0.08525075 -0.03286597  0.1706173  -0.04018571
 -0.05025474  0.1783437   0.00947422  0.05844695  0.0516166  -0.0665697
 -0.02656328  0.02375967 -0.15276504  0.00561798 -0.00832535 -0.07907998
  0.03828797  0.08226997 -0.22302185  0.07765849  0.05546356 -0.01873674
  0.02101623  0.03348759 -0.16120659 -0.0286661   0.16155475 -0.21460183
  0.26053336  0.15234531  0.08755897  0.13845931  0.12772891  0.07335544
 -0.02775799 -0.02509512 -0.08399206 -0.0386869   0.15187122 -0.02544583
  0.12168738 -0.03153772]