[-9.19848904e-02  9.39346179e-02  7.63292937e-03  5.10823121e-03
 -8.00612196e-02  3.26478854e-03 -6.22021034e-02 -1.03493236e-01
  1.49527937e-01 -3.67151462e-02  1.88513502e-01 -4.85856086e-02
 -2.17281923e-01 -8.68822485e-02 -2.42591780e-02  1.72436938e-01
 -2.26350933e-01 -8.97186249e-02 -6.32691383e-02 -5.32353893e-02
  1.45215308e-02  3.38797830e-02  5.06888218e-02  4.18173335e-02
 -6.55390769e-02 -3.63764733e-01 -1.04714982e-01 -9.50834677e-02
  5.71815036e-02 -1.16933929e-02 -8.44310820e-02  2.52592620e-02
 -1.73448071e-01 -7.53617063e-02  7.34865367e-02  7.56047741e-02
 -3.91057879e-02 -5.77808581e-02  1.90640494e-01 -2.52774153e-02
 -1.37843713e-01 -3.63516994e-03  1.11767069e-01  2.05953240e-01
  2.00749874e-01  1.20041333e-01 -1.66572016e-02 -9.04716477e-02
  1.27975300e-01 -1.35631934e-01  3.77792642e-02  1.82932839e-01
  7.89462551e-02  7.09548816e-02  5.66478372e-02 -1.26099348e-01
  4.94089350e-03  1.06571630e-01 -7.49739856e-02  2.39447295e-03
  2.79440470e-02 -6.65686429e-02  9.19737667e-03 -6.40924051e-02
  2.12531760e-01  4.39315699e-02 -6.32037818e-02 -1.73098400e-01
  8.54257643e-02 -1.59163907e-01 -1.00212216e-01  3.72031517e-02
 -1.47739366e-01 -1.47509024e-01 -3.26857895e-01 -1.39638456e-02
  3.76955479e-01  9.64695886e-02 -1.54377997e-01  2.90077981e-02
 -5.94636193e-03 -7.55496770e-02  1.31463870e-01  1.08257316e-01
 -6.59285113e-02 -3.61401290e-02 -1.26689211e-01 -3.01066227e-02
  2.62629241e-01 -5.77971637e-02 -2.86241770e-02  1.57336816e-01
 -2.91250832e-02  8.59361961e-02  4.03512502e-03 -4.26000543e-03
 -7.23156109e-02  1.42558692e-02 -1.38848379e-01 -5.09257428e-02
  6.20172210e-02 -1.66947152e-02 -1.94571819e-02  8.97534564e-02
 -1.56309053e-01  3.19505632e-02  1.62837692e-02  3.46819125e-03
 -2.90171197e-03 -9.66650993e-03 -1.61937386e-01 -4.01133858e-02
  1.76573336e-01 -1.89670786e-01  2.29186818e-01  1.75108626e-01
  2.50158515e-02  1.03354588e-01  1.03860795e-01  8.54682028e-02
 -4.40860651e-02  1.20548902e-04 -1.53166607e-01 -7.73604959e-02
  9.21004787e-02 -6.33322401e-03  9.56144780e-02  9.58609569e-04]