[-0.09224238  0.10692547  0.03585672  0.04231144 -0.06764727 -0.00214742
  0.0123365  -0.07293317  0.09650137 -0.0123176   0.19347253 -0.07372291
 -0.23360367 -0.03665451 -0.01480742  0.08983047 -0.16030832 -0.0735633
 -0.10568488 -0.04747941  0.01592518  0.00829948  0.0282969   0.05802373
 -0.12594363 -0.299321   -0.09563052 -0.13386825  0.08623261 -0.07955112
 -0.07633976  0.02767583 -0.13960993 -0.05804489  0.07620221  0.0414296
 -0.03419202 -0.02868914  0.25173923  0.00300311 -0.14607941 -0.02118385
  0.04872302  0.26851693  0.17284854  0.08641487 -0.05052557 -0.06175627
  0.1037726  -0.177752    0.06551394  0.20868707  0.12073751  0.09909985
  0.00367722 -0.13792118  0.02288748  0.09213778 -0.18991525 -0.01126231
  0.03395331 -0.13034157 -0.03676537 -0.04278418  0.17209552  0.10858964
 -0.05177058 -0.13762544  0.15198773 -0.18163839 -0.04118959 -0.00309872
 -0.11653775 -0.14763926 -0.23445635  0.03753853  0.37009937  0.1570159
 -0.18005064  0.03732436 -0.07840759 -0.06246326  0.08568304  0.04889602
 -0.13151471 -0.01104701 -0.04828176  0.01129992  0.17186847 -0.0724631
  0.00830896  0.12194888 -0.00316955  0.01887816  0.08832722 -0.08122275
 -0.0805546  -0.00416544 -0.14178148 -0.00964942  0.01207695 -0.10855637
  0.04057268  0.07089086 -0.23136361  0.10465451  0.05730293 -0.10040291
  0.00935649 -0.00575526 -0.14300172 -0.05256379  0.20002227 -0.23860362
  0.25047702  0.1690501   0.0275775   0.15279363  0.09171208  0.10405423
 -0.01093715  0.02310996 -0.1200658  -0.07697286  0.13555159 -0.00760489
  0.06054134 -0.02684921]