[-0.06213464  0.1039603  -0.00608667  0.0010632  -0.10963477  0.01079137
 -0.02642729 -0.13102785  0.12345161 -0.11485986  0.20061843 -0.02302196
 -0.19328496 -0.13022672 -0.01687965  0.16912048 -0.13426109 -0.19761507
 -0.06845335 -0.02821991  0.05792723  0.03422469  0.00743679  0.02930576
 -0.11103147 -0.27686062 -0.11822263 -0.09711062  0.08558316 -0.02837939
 -0.13000026  0.02196533 -0.16032733 -0.10143141  0.07494884  0.05953318
 -0.01699246 -0.04803776  0.19334255 -0.02884772 -0.24001327  0.06533527
  0.09075674  0.26613086  0.15870258  0.04868986 -0.00364601 -0.06829399
  0.10388106 -0.10017812  0.0866878   0.12272995  0.19349425  0.07911056
 -0.0260623  -0.19057782  0.01201506  0.13005178 -0.14494498  0.02483763
  0.08822905 -0.10771244 -0.02876712 -0.05914324  0.18271807  0.06797188
 -0.08290738 -0.21976931  0.11894466 -0.16830789 -0.05611058  0.07890552
 -0.15964352 -0.13757794 -0.24886899 -0.00237936  0.36489868  0.13096134
 -0.1973028   0.0191534   0.0057893   0.02167495  0.12209652  0.11035346
 -0.0364625   0.03188546 -0.11647002 -0.0357253   0.22763053 -0.05501422
 -0.05234296  0.17680471  0.02805644  0.06356855  0.05557578  0.0062135
 -0.0282059   0.01579989 -0.11620145  0.01319344 -0.02220038 -0.08487736
 -0.02749304  0.07795185 -0.12797165  0.13801394  0.0178919   0.07840766
 -0.04563924  0.00856153 -0.09217143 -0.03621613  0.14207774 -0.20501156
  0.20604806  0.17813109  0.05431661  0.11888608  0.1245587   0.07482573
 -0.01130942 -0.03983258 -0.23944819 -0.07870638  0.12338557 -0.09576456
  0.14345138  0.04310254]