[-0.0791778   0.09971353  0.10101028 -0.02590388 -0.10601585 -0.02192953
 -0.06918327 -0.20475578  0.09295128 -0.14490335  0.22278945 -0.03212938
 -0.21584563 -0.07786913 -0.0268171   0.20369999 -0.08529525 -0.17338607
 -0.04281265  0.01006089  0.06591027 -0.030526    0.04941436  0.0330927
 -0.0593059  -0.3019596  -0.13957421 -0.03542007  0.0030062  -0.00858343
 -0.12246419  0.06073495 -0.12500353 -0.03080679  0.03801277  0.09034121
 -0.01875462 -0.11031488  0.19361798 -0.02653775 -0.25766265  0.07530671
  0.0475944   0.22339669  0.21021584  0.01652481  0.07430194 -0.10408854
  0.11621311 -0.17987694  0.03624108  0.11733295  0.1221102   0.01459509
  0.00270409 -0.16399802  0.00517909  0.07210156 -0.09735563  0.00867093
  0.11165757 -0.12886657 -0.02297997 -0.09643271  0.21894407  0.14742981
 -0.1226717  -0.18091968  0.1256371  -0.14207304 -0.08883104  0.00449049
 -0.22885032 -0.1451786  -0.29043421  0.02428431  0.37967807  0.11822583
 -0.18671761  0.05924053 -0.01254529  0.08118273  0.09073029  0.18377623
 -0.02955783  0.03101671 -0.10300012 -0.02729531  0.23946762 -0.11171005
 -0.04430393  0.22800548  0.00171841  0.10351892  0.02094966  0.02036675
 -0.01472483  0.01701893 -0.14444648  0.03755924 -0.01089904 -0.03363017
  0.02889915  0.11867749 -0.13834672  0.06649412 -0.05993332  0.08215036
  0.00357669  0.00177617 -0.11287532 -0.07003076  0.09008201 -0.18285206
  0.15353565  0.19958746  0.05344941  0.06982367  0.17930327  0.10466488
  0.05150359  0.01655007 -0.18041413 -0.03564816  0.12983742 -0.01504136
  0.06126531  0.05157192]