[-1.11048676e-01  1.18462518e-01  9.22680721e-02 -7.46146077e-03
 -8.61235484e-02 -2.06852946e-02 -6.49522543e-02 -1.88746467e-01
  7.98629597e-02 -1.12193458e-01  2.43584558e-01 -2.68284269e-02
 -1.92908645e-01 -1.06717385e-01 -2.83365343e-02  1.93345055e-01
 -1.09490238e-01 -1.72417447e-01 -3.85882333e-02 -3.81218316e-03
  7.39847422e-02  5.72983190e-05  3.78233567e-02  2.19770540e-02
 -6.31907508e-02 -3.07029217e-01 -1.05211221e-01 -5.53519093e-02
  3.65260653e-02 -2.99890470e-02 -1.25302911e-01  2.29006615e-02
 -1.58197477e-01 -5.17922156e-02  5.11905923e-02  9.54078212e-02
 -1.76108703e-02 -6.98097274e-02  2.14416295e-01 -3.32375430e-02
 -2.37686709e-01  5.86043596e-02  8.24051425e-02  2.49145791e-01
  2.01863930e-01  2.39090901e-02  3.61566022e-02 -8.35226402e-02
  8.64546746e-02 -1.54053494e-01  3.76165546e-02  1.17227755e-01
  1.31560251e-01  1.75418761e-02  3.03966599e-03 -1.71565816e-01
 -2.97277309e-02  7.16719180e-02 -8.86712372e-02  1.25580756e-02
  9.42240208e-02 -1.21452689e-01 -4.93315980e-02 -9.83422175e-02
  2.27196723e-01  1.02006674e-01 -1.16688810e-01 -1.77822366e-01
  1.20878138e-01 -1.27934620e-01 -8.68684128e-02  2.19582822e-02
 -1.96399197e-01 -1.36774302e-01 -2.88361341e-01  1.41061097e-02
  3.88760328e-01  1.01764850e-01 -2.17389271e-01  5.93502782e-02
 -8.43742769e-03  4.69071455e-02  1.13254979e-01  1.60816237e-01
 -1.47181069e-02  6.30177259e-02 -1.02545656e-01 -2.39058938e-02
  2.21779943e-01 -7.76516348e-02 -4.51494120e-02  1.87314630e-01
 -1.59755570e-03  1.00269459e-01  3.54742445e-02  2.34401040e-03
 -1.37477880e-02 -3.33439419e-03 -1.75996944e-01 -3.66462022e-03
 -2.54011806e-02 -2.99030431e-02  1.76554527e-02  1.25583515e-01
 -1.36801615e-01  6.65992126e-02 -8.62556510e-03  6.46051466e-02
 -6.74992753e-03  2.33651455e-02 -1.03829123e-01 -6.99656531e-02
  9.50604081e-02 -1.89131230e-01  1.72193170e-01  1.99288636e-01
  4.32926938e-02  8.33957493e-02  1.73578426e-01  8.48029032e-02
  3.73349003e-02  3.13966833e-02 -1.94996461e-01 -4.66142707e-02
  1.08485937e-01 -3.18867229e-02  1.04388081e-01  4.23936099e-02]