[-0.00311945  0.09517475  0.00727932 -0.02982911 -0.08221661 -0.01804937
 -0.00092597 -0.13000737  0.14359173 -0.11081574  0.18818937 -0.03478444
 -0.18279172 -0.13255773  0.03568415  0.11718877 -0.13775581 -0.18308362
 -0.05974605 -0.06623327  0.03675899  0.04723131 -0.01616488  0.02518043
 -0.12443725 -0.28061533 -0.12027895 -0.08088966  0.09155148 -0.01826946
 -0.08211358  0.06050966 -0.13715868 -0.08898553  0.09443495  0.04402433
 -0.0249196  -0.04319451  0.17283104 -0.03061247 -0.20951176  0.05108843
  0.08976102  0.26959273  0.21563235  0.05210578  0.02558424 -0.07500283
  0.14316089 -0.09264514  0.09693205  0.12887995  0.13051817  0.06652053
  0.01408485 -0.17238033 -0.01441156  0.10681647 -0.16498336  0.02336254
  0.1184747  -0.11957403 -0.05032542 -0.04045832  0.15111691  0.04371839
 -0.08029577 -0.24731624  0.14353821 -0.21804443 -0.09737312  0.05475186
 -0.16889256 -0.11089541 -0.27980548  0.01503952  0.38351345  0.14689164
 -0.1609751   0.07509202  0.03250788  0.02974644  0.15889001  0.13734187
 -0.0237826   0.02017115 -0.10510375 -0.00739632  0.21273665 -0.03380164
 -0.09551439  0.14361332  0.00489968  0.0654205   0.05935978 -0.01046127
 -0.04880555  0.02458619 -0.15344699 -0.00198104 -0.01121259 -0.01598438
 -0.00792322  0.1145492  -0.10166798  0.20022164  0.01317004  0.07186272
 -0.06862765 -0.01145871 -0.07261749 -0.00777705  0.11318522 -0.2115192
  0.17415206  0.12907854  0.08481254  0.12489431  0.09822183  0.04861963
  0.02963003 -0.02965099 -0.23787172 -0.08227652  0.07330423 -0.04741816
  0.16113867  0.03881484]