[-1.13981925e-01  1.04024783e-01  8.24618861e-02 -1.98828056e-04
 -8.74816924e-02 -5.54019958e-03 -6.10171258e-02 -1.52245149e-01
  1.05718605e-01 -9.11013708e-02  2.15173289e-01 -1.51962740e-02
 -2.05389723e-01 -1.11822344e-01 -1.03508048e-02  1.96851984e-01
 -9.79388282e-02 -1.40731692e-01 -3.47429439e-02  1.45678219e-04
  9.21204835e-02 -1.17750689e-02  5.50711714e-02  3.16216722e-02
 -8.95260125e-02 -3.34322691e-01 -1.06446289e-01 -6.60325512e-02
  7.02336896e-03 -1.82978120e-02 -1.28092617e-01  4.14450839e-02
 -1.37653247e-01 -6.32341132e-02  4.72736135e-02  8.79602358e-02
 -2.60240920e-02 -8.53035823e-02  2.10904285e-01 -5.37345782e-02
 -2.35291988e-01  3.29155959e-02  1.03307210e-01  2.28962570e-01
  2.01330692e-01  4.82448004e-02  3.93946208e-02 -7.15834126e-02
  1.06871322e-01 -1.56170949e-01  4.02430072e-02  1.03114501e-01
  9.87987891e-02  2.12082900e-02  2.77910270e-02 -1.73428342e-01
 -3.93085508e-03  7.29568154e-02 -1.01352096e-01 -8.46506190e-03
  4.94201444e-02 -1.07229963e-01 -4.91437502e-02 -9.04936567e-02
  2.36744151e-01  1.15580775e-01 -1.01592913e-01 -1.75009117e-01
  1.18034840e-01 -1.34707481e-01 -7.40074217e-02  1.31450715e-02
 -2.06309482e-01 -1.47575244e-01 -2.97061920e-01  2.85429438e-03
  3.78542393e-01  1.06045380e-01 -2.16077089e-01  6.47260919e-02
 -6.94898365e-04  2.95663178e-02  1.27063423e-01  1.60530448e-01
 -2.11966075e-02  4.71457317e-02 -1.05368175e-01 -4.51898240e-02
  2.31856808e-01 -7.69261643e-02 -3.79317105e-02  2.08134204e-01
  2.40329336e-02  9.30232778e-02  3.92561033e-02 -9.04501881e-03
 -3.50785442e-02  8.78086407e-03 -1.87610433e-01 -1.57956090e-02
  1.43880462e-02 -2.56815981e-02  2.05411036e-02  1.26810417e-01
 -1.63680598e-01  5.46906106e-02 -5.50774101e-04  7.08199665e-02
  1.69413835e-02  1.81895103e-02 -1.44187123e-01 -8.52375776e-02
  9.92476866e-02 -1.76486284e-01  1.48383915e-01  1.86143145e-01
  4.82928120e-02  9.11483765e-02  1.78801775e-01  9.20126438e-02
  3.80865820e-02  3.91293913e-02 -2.00694039e-01 -2.06135735e-02
  1.42471716e-01 -3.59649248e-02  9.12689269e-02  4.49781083e-02]