[-0.0379299   0.09738953 -0.00148042  0.0048459  -0.09593379 -0.00739123
  0.00335295 -0.11862663  0.11961174 -0.09003376  0.1873527  -0.01922577
 -0.17680119 -0.13277896  0.00780382  0.12415755 -0.13854717 -0.18548849
 -0.08399143 -0.08594088  0.06285657  0.03291618 -0.01687293  0.02949387
 -0.14062481 -0.25612628 -0.11885875 -0.09715522  0.11470888 -0.02265701
 -0.06938615  0.04741614 -0.14214647 -0.09339472  0.09156652  0.04511311
 -0.0220411  -0.03560184  0.17290783 -0.04665164 -0.2036439   0.05517135
  0.08602567  0.26702905  0.18539006  0.06183505  0.0018666  -0.03325943
  0.11476941 -0.11313068  0.08195271  0.14396107  0.16858928  0.08194031
  0.02033005 -0.17004041 -0.00633532  0.13262375 -0.16443449  0.04362093
  0.07682806 -0.13034497 -0.03063409 -0.06163659  0.15101217  0.071216
 -0.08269276 -0.20795535  0.16454358 -0.2058702  -0.06588008  0.06976239
 -0.14265315 -0.11740433 -0.23788635 -0.00425602  0.3852908   0.15477079
 -0.18610571  0.02445207  0.01735879  0.03838664  0.13427232  0.08997493
 -0.04824868  0.00456518 -0.10492921 -0.03418066  0.21503735 -0.02399789
 -0.07472342  0.16894639  0.01619614  0.04276067  0.07044357 -0.01980321
 -0.03444925 -0.00539299 -0.11590896  0.00730902 -0.03122425 -0.08615357
 -0.01664172  0.08052172 -0.08938371  0.16872495  0.01475401  0.09028932
 -0.07627427  0.02034618 -0.09226926 -0.00517075  0.14756902 -0.21071248
  0.21289527  0.15703981  0.0348127   0.11802386  0.09279139  0.06927469
 -0.00311213 -0.05659134 -0.20952736 -0.10471564  0.08076443 -0.10439046
  0.13507245  0.03226632]