[-0.11561358  0.09226597  0.09037627  0.00856735 -0.08776207 -0.00692886
 -0.05952616 -0.15693526  0.09887864 -0.09470644  0.22477637 -0.02087467
 -0.20052545 -0.11105879 -0.00648327  0.18864594 -0.09451878 -0.13105068
 -0.03993125 -0.00495799  0.07712758 -0.02736187  0.06176225  0.03207924
 -0.08886267 -0.33552131 -0.11175906 -0.08191243  0.01545675 -0.02356503
 -0.13330598  0.03925167 -0.12772737 -0.06030811  0.03795306  0.07539161
 -0.01384352 -0.07858402  0.21708576 -0.05644074 -0.23263326  0.02185591
  0.08687771  0.22440098  0.19709937  0.05479247  0.03473105 -0.06128091
  0.10962299 -0.16153978  0.05260001  0.09538526  0.09747168  0.01743976
  0.02906825 -0.16993673 -0.00613949  0.06772809 -0.09949327 -0.00444784
  0.04727481 -0.11030674 -0.05056657 -0.08821175  0.24008968  0.12592272
 -0.09780224 -0.16077183  0.11711334 -0.1322886  -0.06406274  0.00738786
 -0.20730792 -0.14834176 -0.29565692  0.01097342  0.37542561  0.11479216
 -0.21673401  0.05434326 -0.00682044  0.02793407  0.12981966  0.15545332
 -0.02480008  0.05052501 -0.09479516 -0.0433779   0.21983154 -0.08212168
 -0.03416596  0.21469465  0.01173415  0.09828794  0.03600919 -0.01417343
 -0.02740926  0.00665198 -0.1788128  -0.00621425  0.02889067 -0.01939208
  0.02925761  0.11444048 -0.17246225  0.04808654 -0.00453711  0.06816897
  0.02373018  0.01073201 -0.1430704  -0.08336814  0.10945465 -0.17918514
  0.14878397  0.19144315  0.05051366  0.09316964  0.17462492  0.08112874
  0.04145492  0.03419573 -0.19642758 -0.01296317  0.15167505 -0.04121277
  0.07980736  0.04501139]