[-0.06699529  0.08234691  0.02648085 -0.03946566 -0.13025357 -0.06016008
 -0.03133833 -0.16271231  0.15478238 -0.09474052  0.21457575  0.04548878
 -0.19204076 -0.12912713  0.02023843  0.140659   -0.13970985 -0.21304269
 -0.03252534 -0.03424197  0.02150454 -0.04272512  0.02955256  0.04508851
 -0.16350465 -0.28216878 -0.12208901 -0.09202241 -0.01057665 -0.00170598
 -0.03159394  0.05378319 -0.11933863 -0.04883802  0.06516584  0.08798323
 -0.01036526 -0.01787853  0.20349383 -0.03966208 -0.26096231  0.05260824
  0.09109767  0.23337284  0.23487106  0.03358432  0.07851648 -0.09733658
  0.13626209 -0.13750267  0.11681284  0.11158128  0.12334462  0.03898321
  0.03459663 -0.20547156 -0.01007723  0.12323659 -0.17062967 -0.00996533
  0.08549742 -0.07608001 -0.04183929 -0.04758461  0.21645701  0.14133394
 -0.10917025 -0.19283633  0.17115237 -0.1944931  -0.10499179  0.07798233
 -0.20320772 -0.14894646 -0.30912367  0.01506363  0.44585893  0.14143315
 -0.16384552  0.03736295 -0.0017157   0.04237111  0.09992418  0.1231133
 -0.04513723  0.0222247  -0.10891069 -0.01427709  0.21115898 -0.0143989
 -0.08866863  0.14542632  0.04723118  0.09593692  0.06086487  0.01673922
 -0.01795992  0.02224275 -0.17440207 -0.00524292 -0.0573916  -0.00188566
  0.02549517  0.08436692 -0.10836755  0.14169149  0.0199311   0.05059741
 -0.10584684  0.0520527  -0.05477804 -0.03454509  0.10146786 -0.23558624
  0.20985508  0.14382164  0.05896473  0.13402562  0.08797348  0.05951114
 -0.00501483 -0.03439902 -0.1669534  -0.02092041  0.0560311  -0.06273112
  0.19102071  0.07628926]