[-5.76346777e-02  1.03055470e-01  9.49806161e-03  1.84755030e-04
 -1.06134750e-01  1.07486648e-02 -2.52426565e-02 -1.36705562e-01
  1.14323668e-01 -1.07847750e-01  2.08253905e-01 -3.35848592e-02
 -1.98501632e-01 -1.34354472e-01 -1.08712856e-02  1.56886354e-01
 -1.25945732e-01 -1.94122344e-01 -9.78038982e-02 -3.21991555e-02
  5.23008667e-02  2.76752319e-02  2.91616973e-02  2.08070558e-02
 -1.17016457e-01 -2.84961551e-01 -1.10644542e-01 -9.74862725e-02
  9.96544287e-02 -3.46688889e-02 -1.16466008e-01  2.38017738e-02
 -1.58404261e-01 -1.10890999e-01  7.29031190e-02  5.44714816e-02
 -2.46063154e-02 -4.64758500e-02  2.05884457e-01 -5.13815396e-02
 -2.33114958e-01  5.94247654e-02  9.73675475e-02  2.62852788e-01
  1.69073135e-01  5.57499900e-02  8.59231316e-03 -6.61844388e-02
  1.02956891e-01 -1.10890567e-01  1.08040117e-01  1.16895795e-01
  1.97086737e-01  8.06070864e-02  4.01432393e-03 -1.81076542e-01
  1.12389205e-02  1.44146845e-01 -1.40048370e-01  4.13251109e-02
  9.60415900e-02 -1.00191012e-01 -2.44091786e-02 -5.66152334e-02
  1.86590418e-01  6.02827780e-02 -8.17406774e-02 -2.04878762e-01
  1.27415016e-01 -1.54340312e-01 -5.43004051e-02  7.24193975e-02
 -1.60086378e-01 -1.27497286e-01 -2.57897288e-01 -1.34496391e-03
  3.70122492e-01  1.25252083e-01 -2.00802132e-01  1.58733465e-02
  1.16379121e-02  1.75305605e-02  1.12195924e-01  9.68932211e-02
 -5.59442118e-02  2.07760762e-02 -1.10684253e-01 -2.32519601e-02
  2.21640691e-01 -5.08058071e-02 -5.51005490e-02  1.77241191e-01
  3.18371914e-02  4.46344279e-02  6.24891706e-02  3.13161104e-03
 -3.52989137e-02  1.35216145e-02 -1.29642829e-01  2.05217432e-02
 -9.28686466e-03 -7.98620731e-02 -1.92894079e-02  7.47680441e-02
 -1.20821871e-01  1.38871670e-01  1.24430936e-02  7.62447044e-02
 -3.87212560e-02  4.87599894e-03 -9.90189686e-02 -3.71085964e-02
  1.46337420e-01 -2.04363585e-01  2.00059101e-01  1.72990292e-01
  6.52704984e-02  1.11320309e-01  1.27343506e-01  7.17132911e-02
  1.06941033e-02 -1.79957058e-02 -2.29824975e-01 -8.11614171e-02
  1.27901167e-01 -9.31266099e-02  1.43034324e-01  5.85339367e-02]