[-0.11259475  0.06227272  0.10058693  0.02060224 -0.06891476 -0.03976207
 -0.04161545 -0.11902668  0.09965882 -0.09961594  0.24767601 -0.05882142
 -0.20957284 -0.07969537 -0.03658244  0.19340074 -0.10554346 -0.13453762
 -0.0353913  -0.02203201  0.06537922  0.02134611  0.00263386  0.02583348
 -0.05615659 -0.35415402 -0.10101173 -0.09865289  0.04060808 -0.07633743
 -0.10990418  0.01170162 -0.10266238 -0.01602426  0.03131599  0.06717935
  0.02832814 -0.10480354  0.2132329  -0.01294349 -0.2126094   0.01241109
  0.06352418  0.24649072  0.14729308  0.05538414  0.01770767 -0.06762245
  0.10928351 -0.15329798  0.06897733  0.0944377   0.11016112  0.04422766
  0.02467835 -0.15807422 -0.02587502  0.0491787  -0.12638059  0.02697133
  0.05697046 -0.08762445 -0.03785133 -0.10675596  0.21661563  0.10492765
 -0.11503819 -0.13138761  0.06327898 -0.18126152 -0.07766412 -0.00844342
 -0.17070806 -0.12421907 -0.28128633  0.03063201  0.37466571  0.10932892
 -0.22229505  0.02622233  0.01654609 -0.01297809  0.13353731  0.16292275
 -0.01820532  0.04538841 -0.09550858 -0.04616337  0.21607827 -0.0603084
 -0.02833897  0.1819706  -0.04922328  0.08691003  0.0086578   0.00709018
 -0.04820492 -0.00566387 -0.06437347 -0.0180593   0.03769294 -0.04315753
  0.00703137  0.08729958 -0.17117389  0.07533537 -0.01892393  0.05008012
  0.04883777  0.04440762 -0.10255344 -0.07654501  0.12429956 -0.1635794
  0.17271234  0.18169342  0.03092201  0.11113602  0.10562577  0.11086412
 -0.00865044  0.03548931 -0.17076616 -0.04770115  0.08794878 -0.011725
  0.09058519  0.02181465]