[-4.76693027e-02  5.84915057e-02  3.33377831e-02 -2.27277689e-02
 -1.36059269e-01 -6.45015389e-02 -5.66800311e-02 -1.50226161e-01
  1.49120450e-01 -9.01569054e-02  2.06539914e-01  3.11149713e-02
 -1.63908750e-01 -9.24163684e-02  3.89200598e-02  1.38040498e-01
 -1.72384128e-01 -2.01738715e-01 -2.54802350e-02 -3.58909704e-02
  2.42942944e-04 -2.81573236e-02  3.29780504e-02  5.45848794e-02
 -1.98354632e-01 -2.94439077e-01 -1.22247435e-01 -9.31946859e-02
  6.89159287e-03  3.18673992e-04 -4.05777767e-02  1.03741601e-01
 -1.06610350e-01 -3.52657177e-02  8.03743303e-02  8.12196136e-02
 -7.28146732e-03 -2.91091651e-02  2.04595834e-01 -2.63236966e-02
 -2.77067065e-01  5.04073985e-02  7.02440664e-02  2.35674813e-01
  2.53159493e-01  2.90586706e-02  7.39812478e-02 -7.85412937e-02
  1.36434197e-01 -1.53919622e-01  1.11675657e-01  1.38063774e-01
  1.04911365e-01  4.94347103e-02  2.70905998e-02 -1.96871832e-01
 -5.00914222e-03  1.02744214e-01 -1.61733299e-01 -2.89222654e-02
  7.77421296e-02 -6.86287805e-02  1.76760629e-02 -3.77752855e-02
  2.10127383e-01  1.26704678e-01 -1.05195582e-01 -1.66552588e-01
  1.61178559e-01 -1.81743339e-01 -9.54765901e-02  8.96898434e-02
 -2.16251850e-01 -1.61198929e-01 -3.15779179e-01 -3.72332777e-03
  4.63156611e-01  1.21232249e-01 -1.66840076e-01  3.20076756e-02
 -6.76763011e-03  1.40240667e-02  1.02663480e-01  1.34877548e-01
 -3.12370695e-02 -1.08886184e-02 -9.66096520e-02 -1.13444123e-02
  2.36308336e-01 -1.76784750e-02 -9.66220498e-02  1.38345405e-01
  5.05800843e-02  7.90692344e-02  7.24022239e-02  4.52818125e-02
 -1.29469475e-02  1.04495315e-02 -1.53127432e-01  5.85958362e-03
 -7.62171447e-02  8.70689191e-03 -1.99022144e-03  1.07921757e-01
 -1.13742270e-01  1.73539802e-01  3.47199142e-02  3.66280712e-02
 -1.01272181e-01  6.16135001e-02 -4.79471870e-02 -4.86320667e-02
  1.06047407e-01 -2.48505384e-01  1.84146330e-01  1.47343427e-01
  5.35821319e-02  1.48479760e-01  3.72672267e-02  6.45684227e-02
 -3.26909833e-02 -2.86679268e-02 -1.50766417e-01 -3.23169790e-02
  4.84383702e-02 -5.35543226e-02  1.58171505e-01  7.38111362e-02]