[-0.12589328  0.11879915  0.08324584 -0.02457256 -0.07587775 -0.03693938
 -0.07185561 -0.18190178  0.1140945  -0.10972651  0.23450807 -0.03001037
 -0.21262597 -0.12276622 -0.04036602  0.20647876 -0.13546564 -0.17393874
 -0.01783342 -0.0007731   0.07667727 -0.02668471  0.04865821  0.04393007
 -0.08323117 -0.32013664 -0.10008048 -0.06359401  0.00189021 -0.01576709
 -0.10922535  0.06234833 -0.14172336 -0.04422807  0.04151588  0.09297677
 -0.00435262 -0.07391188  0.22225653 -0.05343807 -0.24939647  0.01937418
  0.09645746  0.23752037  0.22708569  0.01860948  0.03474363 -0.08652105
  0.11199548 -0.15460269  0.01197645  0.12709196  0.10742857  0.00614874
 -0.00058891 -0.18056621 -0.0091378   0.06263476 -0.10389137 -0.0343605
  0.07407606 -0.13895436 -0.04693684 -0.08257832  0.23611389  0.11499893
 -0.11360244 -0.18179983  0.15498601 -0.14269941 -0.07525742  0.0114286
 -0.2086699  -0.13282393 -0.31346965 -0.01382924  0.37183517  0.08750829
 -0.18299986  0.09026524 -0.0128845   0.04053223  0.09518864  0.16855957
 -0.04374605  0.05023713 -0.10854023 -0.04327523  0.22358783 -0.06660394
 -0.039973    0.17812322  0.00644441  0.09408292  0.05126367 -0.00890567
 -0.02566912  0.01028752 -0.18851623  0.0153982  -0.03306594 -0.03381698
  0.0228538   0.13001411 -0.14655192  0.04324874 -0.00157799  0.06465531
 -0.0117814   0.0243413  -0.11406789 -0.09004297  0.09134044 -0.17594126
  0.15615529  0.1799486   0.06962097  0.09842981  0.18118022  0.09488055
  0.02384195  0.03469829 -0.1862985  -0.02370101  0.1194687  -0.03900662
  0.10994858  0.04807883]