[-0.10965178  0.08952314  0.08431096 -0.03220594 -0.05839613 -0.04134798
 -0.08956028 -0.14105085  0.07537182 -0.08849885  0.22405015 -0.03906242
 -0.19235781 -0.09159517 -0.03838803  0.19562086 -0.1840174  -0.15095232
 -0.02354786 -0.01242772  0.04652378  0.01181769  0.01610925  0.02944722
 -0.08055014 -0.34334263 -0.09165718 -0.06687333  0.02454398 -0.01254939
 -0.09562392  0.00426348 -0.20370181 -0.05397179  0.04254428  0.09632204
 -0.01270793 -0.09084922  0.19017829 -0.04141874 -0.25078225  0.07944372
  0.11626158  0.22286215  0.18029992  0.07370337  0.02738161 -0.14163642
  0.11563661 -0.11334125  0.03114804  0.11315469  0.08582642  0.0155488
 -0.00075027 -0.18653272  0.01279461  0.07829168 -0.13966151 -0.0225897
  0.05246014 -0.0856095   0.0434006  -0.06828489  0.25850445  0.06737728
 -0.09085597 -0.15088667  0.14851527 -0.11999822 -0.04428374  0.05115946
 -0.13902061 -0.15868796 -0.31232938  0.01959763  0.37463206  0.06458732
 -0.17082219  0.09648297 -0.01402867 -0.01542405  0.15991411  0.16343108
 -0.03384515  0.05122219 -0.10778233 -0.01543028  0.28568092 -0.04469512
 -0.03489358  0.13920505 -0.00326455  0.06020934  0.06296542  0.02648645
 -0.08476373  0.02358447 -0.18878986 -0.00871674 -0.00593542 -0.01625098
 -0.00645219  0.11560478 -0.13685206  0.03357783  0.02242082 -0.02146074
 -0.03283517  0.00792916 -0.09189539 -0.07440456  0.09313273 -0.2158858
  0.22387801  0.15842091  0.06127203  0.13690452  0.15663105  0.07239159
 -0.02094909 -0.01446672 -0.18992506 -0.04016744  0.14326085 -0.01493853
  0.19684243  0.03320619]