[-0.05259982  0.09438362  0.00891008 -0.01149548 -0.09294207 -0.00958937
 -0.0330484  -0.13901749  0.123454   -0.1125171   0.19921811 -0.02783083
 -0.18329982 -0.14412907 -0.01922753  0.16694681 -0.13492972 -0.20343463
 -0.06513521 -0.03878505  0.0617566   0.04640488  0.00664054  0.02088765
 -0.1281355  -0.28438631 -0.12908633 -0.08542963  0.06411307 -0.02345901
 -0.10910966  0.05049269 -0.16089062 -0.10385928  0.09469127  0.0797231
 -0.02065522 -0.0489662   0.18469225 -0.03030649 -0.22039986  0.06015637
  0.09849062  0.27834663  0.17465204  0.04097938  0.00797578 -0.06376538
  0.11764067 -0.08921608  0.0874169   0.1323261   0.17528974  0.08416413
 -0.0125128  -0.1590593   0.01770426  0.13877358 -0.14571445  0.02148633
  0.10280191 -0.12219799 -0.03787669 -0.05189528  0.1638155   0.05444565
 -0.08842077 -0.23044363  0.12863487 -0.16811445 -0.07662396  0.05460502
 -0.18274917 -0.13137838 -0.27170655 -0.004529    0.36412483  0.12507264
 -0.19566935  0.04371973  0.03179248  0.02937106  0.12854303  0.12665138
 -0.02339017  0.04518378 -0.11842548 -0.01611221  0.22870293 -0.04523957
 -0.07341258  0.16828775  0.01890314  0.06821369  0.06587045 -0.00375876
 -0.02543323  0.01553355 -0.14467593  0.0175747  -0.02385913 -0.04571055
 -0.03424929  0.09119885 -0.08708929  0.15664786  0.01957151  0.08803824
 -0.07077241 -0.006481   -0.10249237 -0.03489853  0.12791918 -0.18439986
  0.19187768  0.16270857  0.06860574  0.1107127   0.13140579  0.06015951
  0.00628006 -0.03082138 -0.2439671  -0.08167814  0.11521764 -0.0752617
  0.15427943  0.04089775]