[-8.32305104e-02  1.36033490e-01  7.85980001e-02 -2.54170801e-02
 -5.06751426e-02 -2.58293338e-02 -7.94157982e-02 -1.94090262e-01
  1.14703335e-01 -1.22860014e-01  2.62527496e-01 -4.62647788e-02
 -2.07966402e-01 -1.32828012e-01 -3.79995070e-02  2.40073234e-01
 -1.66135371e-01 -1.85592264e-01 -3.20844352e-02  2.17125732e-02
  7.58404881e-02 -4.33875956e-02  5.71607612e-02  5.57543337e-02
 -8.60014707e-02 -3.47029656e-01 -1.12841807e-01 -4.75195497e-02
 -3.52299260e-03 -1.50603028e-02 -1.18722618e-01  4.04687077e-02
 -1.60032794e-01 -2.85874885e-02  4.91366275e-02  8.26788694e-02
 -1.69400852e-02 -1.06870115e-01  2.03043729e-01 -3.97213735e-02
 -2.53966540e-01  3.55661511e-02  8.30611214e-02  2.24930927e-01
  2.31991768e-01  2.13899128e-02  4.19557318e-02 -1.06561832e-01
  9.94815528e-02 -1.57137096e-01  2.47067008e-02  1.23477317e-01
  9.16850790e-02  1.87948644e-02 -2.43503111e-03 -1.88088641e-01
 -6.56472286e-03  9.24814343e-02 -9.54256877e-02 -6.41947985e-02
  5.87226152e-02 -1.15575992e-01 -3.02685890e-02 -7.73373917e-02
  2.23797679e-01  1.27976760e-01 -1.11042753e-01 -1.95216745e-01
  1.52984113e-01 -1.24152876e-01 -5.70006445e-02 -1.79370714e-03
 -2.07566977e-01 -1.49747223e-01 -3.22023720e-01 -2.12040376e-02
  3.78535479e-01  8.18400830e-02 -1.82811692e-01  8.26974511e-02
 -1.81047991e-02  5.44059165e-02  9.92096588e-02  1.61147103e-01
 -3.78425531e-02  3.70024629e-02 -1.22181654e-01 -3.21910195e-02
  2.17584014e-01 -7.61059523e-02 -3.62205319e-02  1.92222074e-01
 -2.29315702e-02  7.76634440e-02  4.62082885e-02 -1.16062956e-02
 -2.83009894e-02  4.75535765e-02 -1.80323675e-01  1.47455484e-02
 -4.34677005e-02 -9.62226465e-03  4.02567908e-03  1.30961537e-01
 -1.57384992e-01  2.95634549e-02  8.01272318e-03  6.32406846e-02
  8.09217710e-03  2.48978082e-02 -1.23379402e-01 -1.03030823e-01
  7.93879256e-02 -2.06290767e-01  1.47384807e-01  1.97304875e-01
  7.61588737e-02  1.01376034e-01  1.77651286e-01  9.94166359e-02
  2.57419441e-02  7.99952913e-03 -2.16449976e-01  1.74918780e-04
  1.22465551e-01 -1.99380405e-02  8.45177397e-02  3.77470776e-02]