[-1.03508368e-01  9.99513045e-02  9.72373337e-02 -5.16249938e-03
 -7.99383074e-02 -3.52823995e-02 -5.01161031e-02 -1.95754558e-01
  8.89809653e-02 -1.01382770e-01  2.25282028e-01 -3.68528180e-02
 -2.01137349e-01 -9.54049304e-02 -2.45290436e-02  2.09581137e-01
 -8.79403651e-02 -1.71556816e-01 -6.09914362e-02  9.23389476e-03
  5.87933026e-02 -1.62004884e-02  3.90335359e-02  5.26839867e-02
 -5.20335808e-02 -3.02716404e-01 -1.16250671e-01 -6.39775097e-02
  3.25629278e-03  3.19060317e-04 -1.24149337e-01  6.04844950e-02
 -1.54362336e-01 -6.82984143e-02  4.58914973e-02  9.94734988e-02
 -7.78665254e-03 -7.58398697e-02  2.13529229e-01 -3.81640866e-02
 -2.54317015e-01  6.27470315e-02  9.87373292e-02  2.37804651e-01
  1.99782863e-01  3.56312767e-02  4.81637642e-02 -6.72796294e-02
  9.04053077e-02 -1.85975268e-01  3.94579694e-02  1.11137092e-01
  1.19981073e-01  2.64145341e-02  4.19148570e-03 -1.91743061e-01
 -3.81976739e-03  5.84772043e-02 -9.36985239e-02  2.04222407e-02
  9.23045501e-02 -1.17387436e-01 -3.40255983e-02 -7.92521164e-02
  2.24907354e-01  1.30910158e-01 -1.06510773e-01 -1.63918808e-01
  1.06187895e-01 -1.40374348e-01 -7.34348074e-02  1.84351336e-02
 -2.19479755e-01 -1.40819594e-01 -3.00387740e-01  1.89515017e-02
  3.93656552e-01  1.01900600e-01 -2.04047441e-01  5.59044741e-02
 -9.11400653e-03  5.28490804e-02  1.08640149e-01  1.50545388e-01
 -1.43073369e-02  5.01368754e-02 -1.12963833e-01 -2.01550033e-02
  2.34702110e-01 -8.25279206e-02 -2.82772910e-02  2.17355117e-01
 -3.22811538e-03  8.88872370e-02  1.67851988e-02  2.05126163e-02
 -5.77045931e-03  8.35511554e-03 -1.76740244e-01  1.74233690e-02
  4.77305194e-03 -8.90994817e-03  2.92566251e-02  1.10618807e-01
 -1.52924851e-01  4.03256118e-02 -2.78976299e-02  7.43164420e-02
 -5.53934788e-03  2.04884820e-02 -1.22582510e-01 -6.70726225e-02
  1.07986562e-01 -1.50148273e-01  1.68249473e-01  1.95059970e-01
  2.35962514e-02  6.05563819e-02  1.76677153e-01  8.71249363e-02
  4.10936475e-02  1.77635346e-02 -1.90478072e-01 -3.49899940e-02
  1.40647992e-01 -2.63219420e-02  9.02196616e-02  5.43183573e-02]