[-0.03494877  0.10608421  0.01078051  0.00654564 -0.0832862   0.01981138
 -0.00136311 -0.12561601  0.13057707 -0.10466837  0.18805368 -0.02590989
 -0.17540501 -0.13636963  0.00373892  0.13582408 -0.14193806 -0.17770551
 -0.07760705 -0.07097465  0.0651518   0.0590613  -0.02803918  0.01727231
 -0.12837447 -0.27345732 -0.11507191 -0.09724213  0.11340115 -0.01909021
 -0.08230102  0.03553331 -0.13010599 -0.09159964  0.08469416  0.05465017
 -0.02460913 -0.03866015  0.16530605 -0.04188303 -0.21240492  0.05912397
  0.08882787  0.2720145   0.18560235  0.06393318 -0.00449515 -0.03937844
  0.1045829  -0.11256377  0.0781238   0.13542724  0.1632136   0.08501992
  0.02080671 -0.18148907 -0.01856617  0.12137355 -0.15185247  0.04096327
  0.07761625 -0.12422719 -0.01617149 -0.04273305  0.15278952  0.05877977
 -0.0846808  -0.20864482  0.14972332 -0.20248631 -0.06963604  0.05855374
 -0.14655249 -0.11827822 -0.25173506 -0.00241584  0.39407119  0.14808959
 -0.18878594  0.02374748  0.01895864  0.03474449  0.1523529   0.10792553
 -0.03095692  0.0031516  -0.10303394 -0.03528492  0.21347682 -0.02841911
 -0.0747157   0.17210916  0.00862379  0.04363579  0.05687314 -0.0128566
 -0.03372453  0.00788699 -0.11669741 -0.0026311  -0.01608158 -0.0704359
 -0.00774831  0.10112999 -0.10620332  0.17695008  0.02268728  0.09188776
 -0.04560947  0.0194648  -0.09435204 -0.00112124  0.16343971 -0.20159619
  0.20179799  0.16336368  0.03823608  0.1220737   0.10831635  0.06893827
  0.00336271 -0.05080415 -0.23157652 -0.09829988  0.07281196 -0.09691902
  0.13406233  0.03846969]