[-0.0221841   0.08284067 -0.01641433  0.01792201 -0.12423755 -0.05804184
  0.01607512 -0.13827513  0.12369304 -0.0699928   0.1913808  -0.00148094
 -0.16759351 -0.1106905   0.04149804  0.12327587 -0.10207142 -0.17447269
 -0.07342932 -0.09717528  0.03714443  0.04128137 -0.02550757  0.05166168
 -0.1349843  -0.23686944 -0.092799   -0.07249199  0.0567292  -0.0247946
 -0.05312913  0.10504027 -0.14678977 -0.0978287   0.1086921   0.05671977
 -0.03143726 -0.03268721  0.20861113 -0.02309761 -0.18517423  0.05601485
  0.10507021  0.27889442  0.19568352  0.0308216   0.02374225 -0.04935072
  0.14690834 -0.12394488  0.04629488  0.13047732  0.12764543  0.06576075
 -0.00318491 -0.17445453  0.01815146  0.08953556 -0.20032766  0.02020801
  0.08810407 -0.16733561 -0.06883924 -0.05328552  0.17030475  0.06026945
 -0.05839623 -0.19854099  0.11924304 -0.22115262 -0.10968807  0.06157435
 -0.16532944 -0.13003293 -0.29717514  0.00646686  0.39933687  0.13940899
 -0.17905144  0.07524663  0.05596638  0.02370328  0.15967289  0.10867269
 -0.01305214 -0.00646118 -0.11491343  0.00677842  0.23690592 -0.03121765
 -0.08743711  0.14886604  0.03495748  0.06744694  0.06215058 -0.00805768
 -0.02096154 -0.00704778 -0.13161467  0.01600752 -0.02697569 -0.03710948
  0.00781341  0.08159397 -0.11713617  0.17226191  0.01021851  0.05855555
 -0.10328501 -0.01770926 -0.08338796  0.00441915  0.10757152 -0.21356951
  0.21016268  0.13292091  0.02768712  0.12848882  0.05246782  0.0384813
 -0.00936103 -0.02605473 -0.19602382 -0.08998016  0.07930376 -0.06335865
  0.16205271  0.03671661]