[-0.07090887  0.08160107  0.0276101  -0.02223412 -0.16555019 -0.06899805
 -0.05932018 -0.15554665  0.12614186 -0.08222445  0.2095077   0.02213847
 -0.15784292 -0.08593088  0.00936404  0.14581732 -0.17406727 -0.19041826
 -0.02460851 -0.03757629  0.01165608  0.00343521  0.03047724  0.05296552
 -0.16411673 -0.2998924  -0.11881536 -0.07582589  0.02148852  0.00582758
 -0.03442974  0.10941505 -0.09117305 -0.03301637  0.09371091  0.09351677
 -0.0169536  -0.02200956  0.19886304 -0.0420599  -0.27745414  0.03328964
  0.09717822  0.25160071  0.2540068   0.01575792  0.07613405 -0.08876219
  0.12737602 -0.13764992  0.09858647  0.14412595  0.1109932   0.05897588
  0.02316844 -0.18280996 -0.00427073  0.11415801 -0.12741163 -0.03393237
  0.09719119 -0.07730368  0.01474697 -0.04099892  0.19731751  0.10347574
 -0.1054644  -0.18618399  0.14397161 -0.19092402 -0.12373453  0.09151136
 -0.20955038 -0.15269864 -0.32276276 -0.01405333  0.46477839  0.12597881
 -0.1574859   0.03094081  0.00661627  0.01602788  0.11729415  0.13950546
 -0.04506381 -0.01197873 -0.11871556 -0.00653936  0.23738144 -0.02945584
 -0.09404171  0.13679735  0.06075996  0.09305932  0.06904351  0.06503268
 -0.00940731  0.02548402 -0.14745681  0.00832131 -0.05751527 -0.00314437
  0.00348629  0.11425079 -0.10804677  0.17821775  0.03029997  0.0691525
 -0.09303056  0.05042344 -0.04697599 -0.03955657  0.11223271 -0.22090319
  0.17974353  0.14913304  0.04775012  0.14655216  0.06876031  0.06574423
 -0.03041032 -0.04710507 -0.14955395 -0.03139177  0.04472039 -0.05701292
  0.14796208  0.0730527 ]