[-0.1133699   0.13524103  0.08999169 -0.04457357 -0.0186037  -0.02638066
 -0.02142388 -0.15194929  0.12824257 -0.0576505   0.33929661 -0.03098623
 -0.21758036 -0.13496797 -0.00462902  0.19814979 -0.22470222 -0.14806087
 -0.10110085  0.03423269  0.03276114 -0.01992298  0.02896197  0.01138492
 -0.03877166 -0.34234861 -0.12172832 -0.08781757  0.08394488 -0.03198663
 -0.04740999  0.02809916 -0.14348455 -0.04792298  0.09499984  0.08619504
  0.01453488 -0.04844205  0.1952682  -0.09808457 -0.22296207 -0.0104294
  0.10172237  0.18953662  0.21335469  0.06347047 -0.00923039 -0.1194435
  0.06015105 -0.1978948   0.03135066  0.13489871  0.11884458  0.07278333
  0.02831307 -0.2054822  -0.03281638  0.10083009 -0.12915441 -0.05943407
 -0.01656416 -0.13028716 -0.05249946 -0.05913515  0.1771846   0.09303804
 -0.13838111 -0.17170767  0.13338421 -0.12005019 -0.02655386  0.06512422
 -0.15792306 -0.14997627 -0.28964981 -0.02951292  0.39429468  0.04180788
 -0.21443872  0.04570797 -0.06350318 -0.03643916  0.01878041  0.10150789
 -0.05935481  0.02161748 -0.12886629 -0.01610116  0.18272559 -0.11477082
  0.05054921  0.19152936 -0.06733771  0.07365688  0.01198995  0.04790409
 -0.00939118 -0.00141607 -0.15465367 -0.06467032  0.03186247 -0.01338012
 -0.01286981  0.08585524 -0.19442348  0.03595633  0.04487909  0.01279321
  0.03295115 -0.04211421 -0.01421647 -0.08311814  0.16673443 -0.22192264
  0.20241921  0.22835401 -0.01846237  0.12627123  0.10139827  0.08783957
 -0.01184128 -0.05812127 -0.16457734 -0.02548002  0.07112527 -0.00652913
  0.02957744 -0.02049139]