[-0.13395676  0.13303725  0.08908771  0.00550255 -0.01793945 -0.00492047
 -0.01473886 -0.16548203  0.09655356 -0.06503209  0.35192141 -0.03015439
 -0.23493479 -0.18166798  0.04407283  0.15284809 -0.17495051 -0.1179027
 -0.08263364 -0.00995535  0.02923065 -0.06616231  0.0697277   0.02957703
 -0.0818859  -0.33886629 -0.1108634  -0.11689507  0.03390111 -0.06505805
 -0.05499783  0.04010461 -0.13519448 -0.04579074  0.01238495  0.10097013
 -0.01047588 -0.05299435  0.19547243 -0.10051367 -0.15478067 -0.02500132
  0.03894285  0.19585381  0.21351345  0.02845055  0.02165745 -0.04434033
  0.02010774 -0.18819755  0.05859522  0.11012299  0.09694719  0.02739263
  0.01990074 -0.20004275 -0.04301307  0.07844527 -0.09211035 -0.02702054
 -0.01029519 -0.15302221 -0.08277243 -0.02244904  0.17452984  0.14115116
 -0.08560949 -0.1566778   0.14366069 -0.12269808 -0.03966661  0.05018207
 -0.17868833 -0.16434036 -0.27667561  0.00872324  0.39565957  0.06930434
 -0.22916432  0.02423511 -0.07329016 -0.02042056  0.06384363  0.0925311
 -0.03843173  0.00105143 -0.16379711 -0.0012264   0.1604858  -0.07482863
 -0.0148967   0.20822011 -0.03228474  0.05522739  0.06628855 -0.02666914
  0.0314335   0.00463784 -0.15221286 -0.05109287  0.04058343 -0.06903055
 -0.03766242  0.05969797 -0.18496709  0.0391072   0.05054197  0.03273193
  0.04182306 -0.04185797 -0.08448967 -0.05865751  0.18757728 -0.22928746
  0.15313396  0.23215941  0.02033295  0.14637791  0.12474459  0.10405099
  0.01838437 -0.03433931 -0.18755534 -0.00171103  0.06215617  0.00393131
  0.02828249  0.02241072]