[-8.47007930e-02  1.50557950e-01  5.43889292e-02 -2.66887080e-02
 -2.87848748e-02  2.06235535e-02 -9.19464976e-02 -1.27395257e-01
  4.70850728e-02 -4.60825190e-02  3.27219933e-01 -4.57055978e-02
 -2.40071088e-01 -1.27285779e-01  5.80470834e-04  1.58973709e-01
 -1.56789109e-01 -9.76483822e-02 -1.37682825e-01 -3.37744728e-02
  4.91682105e-02 -2.24799048e-02  4.61768694e-02  3.20101567e-02
 -1.54188499e-01 -3.54724288e-01 -1.24628179e-01 -4.86681275e-02
  2.27766316e-02 -9.97927114e-02 -6.05319142e-02  8.89525004e-03
 -1.35241494e-01 -3.29546668e-02  5.42310141e-02  7.58473501e-02
 -2.87639555e-02 -1.02015428e-01  2.09605888e-01 -3.91493755e-04
 -1.53599128e-01  7.74674490e-02  4.27886657e-02  2.65353203e-01
  2.50835150e-01  6.11359775e-02  7.16057792e-02 -1.05857909e-01
  9.68594328e-02 -1.98896214e-01  1.12347975e-01  1.53822571e-01
  7.46245906e-02  5.78123443e-02  3.30608487e-02 -1.70832515e-01
 -2.93329451e-02  1.49503231e-01 -1.21015094e-01 -7.64543284e-03
  8.93917680e-03 -1.09023705e-01 -6.98350593e-02 -6.83489591e-02
  1.39880449e-01  1.62489459e-01 -1.38245612e-01 -1.69860750e-01
  1.73388481e-01 -9.01520178e-02 -5.81147075e-02  5.33988047e-03
 -1.88533619e-01 -1.77222282e-01 -3.45788449e-01  6.51326180e-02
  4.25890028e-01  9.32249650e-02 -2.55964011e-01  1.33964522e-02
 -9.35550313e-03 -5.42669976e-03  9.42517221e-02  1.40229702e-01
 -6.84430525e-02 -6.19872622e-02 -1.03005283e-01  5.01171239e-02
  1.99102312e-01 -4.17900197e-02 -6.08380251e-02  1.98099121e-01
 -2.42650695e-03  4.65187803e-02  8.60186741e-02  8.26234743e-02
 -6.72118887e-02  2.96005304e-03 -1.34230688e-01  1.17530618e-02
  5.47955111e-02 -5.24721108e-02 -2.83150710e-02  1.19995452e-01
 -1.43257603e-01  1.43259808e-01  3.63034010e-02  7.30027258e-03
  1.57251786e-02 -3.53761800e-02 -8.39479268e-02 -3.09302695e-02
  1.47063181e-01 -2.52633333e-01  1.66606337e-01  2.21739441e-01
  5.28277941e-02  1.33505240e-01  1.56009734e-01  1.00821309e-01
  4.78371009e-02  1.18314726e-02 -2.13132143e-01 -6.48426339e-02
  3.96130010e-02  2.97002736e-02  4.11642343e-02  2.75677890e-02]