[-0.09031911  0.07863759  0.07020721 -0.02256518 -0.04869364 -0.03192253
 -0.02423063 -0.15944512  0.0897012  -0.05151343  0.33878741 -0.08050972
 -0.18956953 -0.13311252  0.01553169  0.18452029 -0.13745189 -0.13912205
 -0.08359539  0.01462497  0.06664669 -0.10112498  0.02355313  0.07589356
 -0.09391613 -0.36105341 -0.14741459 -0.09023632  0.02939184 -0.06264333
 -0.08761574  0.05963893 -0.15062837 -0.05580841  0.0264748   0.10729674
 -0.01807554 -0.09924138  0.17017807 -0.075941   -0.2051771   0.06530517
  0.04699879  0.21661296  0.19357878  0.03070759  0.07488487 -0.08119074
  0.05253821 -0.16258083  0.0615965   0.11261469  0.10500041  0.05662273
 -0.01151428 -0.16054899 -0.00641709  0.10572016 -0.14008959  0.0332793
  0.01623941 -0.15141518 -0.0626833  -0.05479218  0.20489442  0.1734807
 -0.12393152 -0.15911107  0.13398373 -0.10089798 -0.03760448  0.0382358
 -0.22565125 -0.19141227 -0.31339166  0.0444352   0.41993275  0.04463502
 -0.27172202  0.02906298 -0.04700646  0.04224775  0.10693955  0.14617917
 -0.00607368  0.00470946 -0.17399195  0.02113803  0.21212314 -0.10565444
 -0.03085175  0.21057092 -0.03112956  0.05855404  0.05321059  0.08348832
 -0.00093277 -0.00338425 -0.13822632 -0.02758194  0.07249755 -0.02630246
 -0.05268641  0.06248585 -0.13902639  0.06135549  0.03240761  0.04766555
  0.01259176 -0.04304381 -0.0723749  -0.07425363  0.14114206 -0.22762501
  0.18153457  0.21948703  0.0374054   0.11177456  0.10719299  0.08693289
  0.0142362  -0.0541949  -0.17518769  0.01252501  0.08982751  0.04124526
  0.04018095  0.01477281]