[-1.28859803e-01  1.36427566e-01  1.00081876e-01 -4.27492289e-03
 -2.47057732e-02 -2.47868001e-02 -1.51858293e-03 -1.99625060e-01
  8.27366337e-02 -7.18726069e-02  3.21183115e-01 -3.50198187e-02
 -2.36153752e-01 -1.64986581e-01  1.94016807e-02  1.78541973e-01
 -1.58263475e-01 -1.62819609e-01 -8.27957913e-02  7.62734562e-05
  4.61100452e-02 -5.12773283e-02  5.16081527e-02  3.30002010e-02
 -8.81945044e-02 -3.20429087e-01 -1.30131349e-01 -9.22874734e-02
  1.21811479e-02 -3.95717993e-02 -6.09187372e-02  2.95081791e-02
 -1.43438622e-01 -3.36542316e-02  4.34781015e-02  1.01493433e-01
 -4.16631112e-03 -8.05868432e-02  2.01379642e-01 -9.01237130e-02
 -1.85034826e-01 -2.32517142e-02  8.73870701e-02  1.83972225e-01
  2.04850867e-01  7.27854623e-03  3.17839496e-02 -6.19088188e-02
  1.35211144e-02 -1.54071674e-01  5.06017208e-02  1.15779474e-01
  8.61312672e-02  5.42541035e-02  2.83950754e-02 -2.19366774e-01
 -4.02177610e-02  1.00286745e-01 -9.41252038e-02 -1.76826604e-02
 -1.66295376e-02 -1.71506390e-01 -8.31005797e-02 -4.42385264e-02
  1.56178579e-01  1.26828060e-01 -9.96818915e-02 -1.93131492e-01
  1.47164986e-01 -1.37414306e-01 -6.60513043e-02  3.81747372e-02
 -1.86301097e-01 -1.53092891e-01 -3.05364966e-01 -1.25275897e-02
  3.81809711e-01  7.57124051e-02 -2.38262877e-01  4.55319546e-02
 -4.52360995e-02 -1.75915286e-02  5.90090156e-02  1.29211262e-01
 -1.11057386e-02  3.29296067e-02 -1.63407713e-01 -1.76467579e-02
  1.65790170e-01 -6.60877451e-02 -1.79403741e-02  2.08816692e-01
 -5.77382557e-02  4.97704223e-02  5.52258305e-02  2.35220394e-03
  2.05649436e-03  5.01992693e-03 -1.43650442e-01 -6.00246862e-02
  2.60118283e-02 -5.93429916e-02 -3.60566787e-02  8.53365287e-02
 -1.73899367e-01  2.91994717e-02  3.38786952e-02  4.33182716e-02
 -1.91393332e-03 -3.99978869e-02 -7.75849745e-02 -5.06537370e-02
  1.62983999e-01 -2.25263670e-01  1.66169733e-01  2.36161456e-01
 -1.06197065e-02  1.28170177e-01  1.37247875e-01  1.00093126e-01
  2.29416154e-02 -3.26604173e-02 -1.93789870e-01 -1.47728985e-02
  5.68588153e-02 -1.33193878e-03  4.92233559e-02  3.41183841e-02]