[-1.40229881e-01  8.78470540e-02  1.01924993e-01 -1.74086653e-02
 -3.91383357e-02 -4.51753885e-02 -3.66289876e-02 -1.48965880e-01
  7.67205805e-02 -7.73245022e-02  3.25841665e-01 -6.30842298e-02
 -2.16373444e-01 -1.42735124e-01  1.16593940e-02  1.78754658e-01
 -1.88874796e-01 -1.66538209e-01 -1.00258842e-01  1.63143137e-04
  5.34296744e-02 -5.56307137e-02  5.68916015e-02  3.44093405e-02
 -1.33089155e-01 -3.49983364e-01 -1.21170215e-01 -7.87052810e-02
  1.96003355e-03 -5.13631776e-02 -4.16026749e-02  1.25543820e-02
 -1.40845403e-01 -4.21298854e-02  5.70968688e-02  8.25766847e-02
 -1.48146302e-02 -8.04242715e-02  2.10343391e-01 -8.62560421e-02
 -2.45254233e-01  2.30530407e-02  1.08292818e-01  2.21509263e-01
  2.36586913e-01  5.82030602e-02  2.44227778e-02 -1.13793097e-01
  5.12891822e-02 -1.74387708e-01  8.05293471e-02  1.45907700e-01
  6.90398887e-02  3.77425626e-02  5.97571507e-02 -1.90436885e-01
 -2.74882261e-02  1.28955454e-01 -1.08003974e-01 -1.21716168e-02
  4.77812067e-03 -1.17217079e-01 -2.48541515e-02 -7.31040016e-02
  1.77720025e-01  1.24741457e-01 -1.29913375e-01 -1.65149882e-01
  1.59165904e-01 -1.13776937e-01 -6.63135573e-02  4.93975244e-02
 -1.91673964e-01 -1.94463298e-01 -3.40737075e-01 -1.59375574e-02
  4.11861897e-01  5.51970191e-02 -2.32162282e-01  5.76181673e-02
 -1.66446734e-02 -2.78140651e-03  8.48835781e-02  1.60771504e-01
 -5.23953624e-02  1.95888579e-02 -1.30970672e-01 -8.04627594e-03
  1.87117949e-01 -4.78828475e-02 -3.92576866e-02  1.78947315e-01
 -3.70482579e-02  4.44917148e-03  1.00303046e-01  4.65478003e-02
 -3.81653719e-02 -1.83755159e-03 -1.88930005e-01 -5.34452982e-02
  3.66698503e-02 -5.25395982e-02 -2.69173030e-02  8.21789652e-02
 -1.57832816e-01  5.68752363e-02  3.91033441e-02  1.50171285e-02
 -1.62895061e-02 -1.97835155e-02 -6.55702427e-02 -4.27285992e-02
  1.36496603e-01 -2.41960287e-01  1.87597439e-01  2.15169176e-01
  3.90276052e-02  1.49900481e-01  1.50506660e-01  9.52804089e-02
 -2.71693035e-03  5.37075987e-03 -1.64661139e-01 -1.61795821e-02
  5.12640476e-02  2.08533611e-02  1.23230159e-01  3.99310030e-02]