[-0.08251094  0.13031368  0.05486388 -0.04030793 -0.04352679  0.00287392
 -0.01774733 -0.17031781  0.09474348 -0.04248407  0.34435478 -0.04135206
 -0.20731334 -0.14134364  0.01946776  0.14775309 -0.16073468 -0.14205541
 -0.08412313  0.02098251  0.09322461 -0.10940806  0.0201309   0.04937282
 -0.07233183 -0.33237615 -0.1397641  -0.05358605  0.04904905 -0.07319187
 -0.05289866  0.02634925 -0.17720051 -0.0578929   0.0185583   0.10384295
 -0.06143574 -0.08963477  0.16067633 -0.06931615 -0.15997036  0.06402951
  0.03884519  0.21924384  0.23088217  0.06391957  0.05780464 -0.12073473
  0.07383116 -0.18439597  0.05490899  0.14074464  0.1135687   0.07942068
 -0.01096087 -0.20843589  0.02894209  0.07444684 -0.13213605  0.01799844
  0.00922034 -0.13637251 -0.04709119 -0.05044983  0.19558509  0.14019614
 -0.11042643 -0.18803044  0.13642411 -0.09430445 -0.06105449  0.05367329
 -0.2122068  -0.19091764 -0.3046442   0.0171761   0.42467761  0.0572952
 -0.2626065   0.02346915 -0.0730966   0.0202704   0.08499139  0.1139498
 -0.03954025 -0.01583055 -0.20673962  0.01763056  0.22286606 -0.10554742
 -0.04469711  0.21429043 -0.01199159  0.07891493  0.05772699  0.06900693
 -0.02068156  0.03651728 -0.16861962 -0.05760222  0.043766   -0.04371694
 -0.05983132  0.08022367 -0.16131508  0.12386803  0.04306014  0.06367508
 -0.02376102 -0.10054713 -0.0947929  -0.00900881  0.15483966 -0.24717019
  0.21156263  0.2316217   0.07528605  0.11220186  0.13654453  0.07026563
  0.01313294 -0.05776901 -0.20609222  0.00826371  0.05018296  0.02125177
  0.03864421  0.02654372]