[-0.11967255  0.15326135  0.0361333  -0.01205557 -0.02576832 -0.00687022
 -0.04329286 -0.14332274  0.09555929 -0.05263994  0.33126688 -0.06760835
 -0.26701009 -0.09975964 -0.0131402   0.1711738  -0.18328364 -0.11423749
 -0.08698089 -0.00437435  0.12678806 -0.04907048  0.05371986  0.06296118
 -0.09184735 -0.33592573 -0.09327146 -0.08052801  0.02994974 -0.1102571
 -0.09391909  0.00115563 -0.15254475 -0.05266787  0.03419954  0.05459671
 -0.00950269 -0.07771295  0.18996198 -0.08234993 -0.1732292   0.048225
  0.05406154  0.23515192  0.18308467  0.074329    0.00897655 -0.12794732
  0.05453065 -0.19698988  0.07011604  0.12810104  0.06767025  0.04146618
  0.03599349 -0.19549029 -0.02149713  0.09165015 -0.11730128  0.02117001
  0.03056926 -0.13000725 -0.05438022 -0.09903383  0.17841111  0.12010037
 -0.1186946  -0.16203697  0.09838921 -0.07941964 -0.05210606  0.05677488
 -0.16535616 -0.2036885  -0.27994859  0.0278593   0.39728886  0.09112764
 -0.25292736  0.03695115 -0.02146793 -0.00302268  0.1232993   0.10729263
 -0.03615938 -0.00936802 -0.17246573  0.04506979  0.17917049 -0.08526911
 -0.04603468  0.21179615 -0.04160985  0.0571954   0.05873489  0.08028805
 -0.07453623  0.02071694 -0.16429697 -0.04390581  0.08689324 -0.03209395
 -0.04880026  0.08342929 -0.12858485  0.04748816  0.01346955  0.01909367
  0.00392075 -0.04591407 -0.09599882 -0.02971955  0.11907776 -0.24367498
  0.20497215  0.20271607  0.05372878  0.11827368  0.11003476  0.06927674
  0.02789903 -0.01449253 -0.21166687 -0.03379226  0.11219032  0.03230661
  0.07703926 -0.00963114]