[-0.12896346  0.12551159  0.05270469 -0.03297071 -0.0191986  -0.01243351
 -0.03107403 -0.16172858  0.14026384 -0.08816729  0.35858986 -0.05095834
 -0.2247254  -0.11593514  0.00487627  0.19799902 -0.21603444 -0.14118972
 -0.06782743  0.00728684  0.09945787 -0.05191605  0.03425394  0.05552319
 -0.06941905 -0.34465551 -0.10772969 -0.08478512  0.06613728 -0.07041329
 -0.0861078   0.02318202 -0.1662783  -0.06197783  0.0541276   0.10005525
  0.00173725 -0.08455154  0.16777733 -0.09142529 -0.17938599  0.05908507
  0.05437781  0.21856959  0.16044812  0.06417643  0.02646524 -0.12546338
  0.07113897 -0.16679703  0.03530177  0.10689104  0.09931605  0.04009004
  0.03874071 -0.22256084 -0.01631435  0.09057462 -0.09821093  0.01163518
  0.02977168 -0.11728845 -0.03141321 -0.0832021   0.20779131  0.09510915
 -0.12986617 -0.16580856  0.11932588 -0.04098033 -0.04093442  0.06148363
 -0.19418743 -0.18451618 -0.26368022  0.02071979  0.41047403  0.04746019
 -0.23825727  0.05457571 -0.03097169  0.01134882  0.08291069  0.13903269
 -0.01519901  0.01034804 -0.17495011  0.02345282  0.18320782 -0.08100718
 -0.01782604  0.20120278 -0.06053021  0.0771549   0.02490051  0.0557605
 -0.06068299  0.02505903 -0.15447335 -0.06067834  0.05955764 -0.00114101
 -0.05365828  0.09001964 -0.13422321  0.04066637  0.01012395  0.04632735
  0.00205487 -0.02282619 -0.05455249 -0.0292304   0.10047968 -0.25307497
  0.20826571  0.21481691  0.04777351  0.12179979  0.09747528  0.06230328
  0.02641129 -0.01349608 -0.22488594 -0.02930512  0.08899457  0.01376581
  0.05760496 -0.00535137]