[-0.14811526  0.12700158  0.00899668 -0.06832391 -0.03985003 -0.0351736
  0.00354125 -0.17011446  0.17775479 -0.09756932  0.29917353  0.00277496
 -0.19841091 -0.12380207 -0.04758785  0.16597559 -0.2317643  -0.12703072
 -0.02223362 -0.01891995  0.08558742 -0.07023208  0.00841296  0.03186021
 -0.12478203 -0.28164145 -0.10958176 -0.08265894  0.06609943  0.00580258
 -0.00091782 -0.02854554 -0.20268169 -0.05172576  0.00095261  0.11385343
 -0.02071663 -0.04343373  0.20188665 -0.04002237 -0.19859748  0.0678184
  0.06140523  0.24591593  0.16907518  0.02832431  0.08172112 -0.16889432
  0.118921   -0.14419894  0.09460083  0.09771195  0.12489665  0.05560328
  0.01687356 -0.23455425 -0.0084678   0.09983503 -0.15110141  0.00924046
  0.06578735  0.02165427 -0.03334985 -0.03378574  0.20411991  0.15767074
 -0.12393545 -0.22287691  0.17381787 -0.15261427 -0.07012229  0.07433173
 -0.1390111  -0.17279975 -0.32471132  0.02239281  0.41845915  0.09514582
 -0.17235637  0.04331064 -0.07435949 -0.00197998  0.13882378  0.1265208
 -0.04355238  0.06395906 -0.1180936   0.00177653  0.21384887 -0.04325205
 -0.0904075   0.17335449  0.02515783  0.04674741  0.02371254  0.05339883
 -0.06566611  0.06460176 -0.15337281 -0.03915798  0.03911776 -0.02289989
 -0.00066001  0.09128704 -0.1811658   0.14845628  0.03747179  0.04231241
 -0.04343295  0.01893494 -0.09142148  0.01643756  0.12674163 -0.26126131
  0.27610645  0.17364496  0.02468098  0.1415652   0.15679096  0.05720217
  0.02392984 -0.01121671 -0.18163763 -0.03304723  0.0121894  -0.02770333
  0.15600269  0.04931081]