[-0.16487329  0.16619888  0.01211581 -0.09543695 -0.15962961  0.03507699
 -0.05708922 -0.14583512  0.15925144 -0.12433323  0.25337493 -0.02839414
 -0.20399991 -0.07314587 -0.06780156  0.18490992 -0.21205091 -0.17895667
  0.04530136 -0.05006805  0.07790391  0.01099501 -0.02412773  0.0201623
 -0.13929702 -0.3023158  -0.06209362 -0.08411895  0.02557709 -0.059391
 -0.00233761  0.04976653 -0.15597509  0.02840092  0.00568752  0.16802248
 -0.01672911 -0.01218171  0.14195532  0.01096769 -0.20760587  0.02100618
  0.06209799  0.26755044  0.19955316 -0.00714396  0.0636472  -0.13240544
  0.12661265 -0.17071991  0.06776603  0.10355761  0.13957779  0.01818509
  0.04771739 -0.18716966 -0.02777889  0.10194701 -0.1116552   0.05524809
  0.09766045 -0.05625235 -0.03091011 -0.07376725  0.25564563  0.12222712
 -0.11556702 -0.19977868  0.18299763 -0.13466311 -0.16676807  0.08970512
 -0.12620901 -0.13670278 -0.31790268  0.00848568  0.39032394  0.0844468
 -0.18348405  0.04114639  0.00875859  0.00763592  0.09824701  0.16944687
 -0.06029227  0.01835711 -0.14037959 -0.02671779  0.25752401 -0.04488698
 -0.07196843  0.18012351 -0.00653232  0.07779176  0.03265556  0.06121412
 -0.0705993   0.01014845 -0.11039877 -0.09448645  0.00535689 -0.10008571
 -0.05989737  0.1364159  -0.17785256  0.14943488 -0.04292653  0.05902654
 -0.06893047 -0.00503786 -0.04037801  0.04362971  0.16259985 -0.23851264
  0.21443461  0.16171817  0.02493039  0.13625281  0.14844809  0.05561627
  0.00553255 -0.03052201 -0.17909062 -0.0615091   0.00825987 -0.0856304
  0.08732929  0.06437095]