[-1.00459769e-01  1.45824805e-01  7.83010200e-02 -3.67832445e-02
 -3.29520367e-02 -2.95989644e-02 -4.19901498e-02 -1.34358212e-01
  1.72793642e-01 -8.80981535e-02  2.64065355e-01  2.82197576e-02
 -1.73973843e-01 -5.29081821e-02 -3.52191590e-02  1.54238567e-01
 -2.08391219e-01 -1.16062902e-01 -3.29866968e-02 -7.36436844e-02
 -5.46725420e-03 -4.18072240e-03 -4.19319607e-02  1.52385561e-02
 -9.57043916e-02 -2.70136446e-01 -9.22023878e-02 -9.35584754e-02
  8.66206959e-02 -3.96063253e-02 -3.62231247e-02 -5.27605489e-02
 -1.49102777e-01 -3.30027565e-02  2.18826737e-02  7.16469511e-02
 -2.29662787e-02 -3.50339040e-02  2.00786665e-01  2.28403769e-02
 -1.68731660e-01  1.44780874e-02  4.55936044e-02  2.91079223e-01
  1.98304489e-01  5.08184209e-02  2.54737325e-02 -1.40096784e-01
  1.51689321e-01 -1.72850743e-01  6.52424395e-02  1.25680447e-01
  1.16120733e-01  8.71853307e-02  2.73199826e-02 -2.10679203e-01
  4.17260826e-03  9.42996964e-02 -1.48702100e-01  3.12551782e-02
  6.69524446e-02 -2.38082148e-02 -1.55019835e-02 -3.51300351e-02
  2.56484777e-01  1.33781627e-01 -1.15287855e-01 -1.65582284e-01
  1.74433455e-01 -1.58576652e-01 -9.19828489e-02  2.84246635e-02
 -1.12587787e-01 -1.25338838e-01 -3.06978941e-01  1.43603180e-02
  4.23711270e-01  8.99796262e-02 -1.89112097e-01  7.43304798e-03
 -7.83127472e-02 -4.60514985e-02  1.26981586e-01  1.12209141e-01
 -8.65180418e-02  1.78197620e-03 -7.03738108e-02 -3.80130820e-02
  2.55193412e-01 -1.08649312e-02 -2.67496016e-02  1.30445197e-01
 -1.68808326e-02  5.52440472e-02  1.12385340e-02  3.54737118e-02
 -9.77092534e-02  3.78408544e-02 -1.26295239e-01 -5.10084108e-02
  2.04821839e-03 -6.59789965e-02  1.52674913e-02  1.42140165e-01
 -2.50630915e-01  1.88065872e-01  5.67784384e-02  1.06685972e-02
  1.11681474e-02  5.29443435e-02 -6.23848848e-02 -1.29861552e-02
  1.96448788e-01 -2.23917753e-01  2.74478495e-01  1.92673579e-01
  4.23188582e-02  1.20523334e-01  8.23363140e-02  7.24516138e-02
 -3.82460654e-02  1.42380595e-04 -1.78546101e-01 -4.65536490e-02
 -2.76118163e-02 -8.33101124e-02  9.08914804e-02  4.44585383e-02]