[-0.14979956  0.10345186  0.01937379 -0.09806456 -0.16094001  0.01030098
 -0.04201509 -0.11799093  0.09189474 -0.1016724   0.2124861  -0.02694339
 -0.2204835  -0.049197   -0.07543515  0.18992327 -0.21255355 -0.19386627
  0.00064667 -0.05719744  0.01769739  0.02429903 -0.05273449  0.03385907
 -0.15486655 -0.26359713 -0.02044132 -0.06493857 -0.00460887 -0.02229558
 -0.00501477  0.12724568 -0.16859621  0.0264108   0.02900726  0.17720614
  0.0109279  -0.00550517  0.15827911  0.04473759 -0.20204829 -0.01166762
  0.07744531  0.29920167  0.1756513  -0.02193032  0.044184   -0.07347406
  0.13323201 -0.23530264  0.03150683  0.10796145  0.14632933  0.04897331
  0.00954119 -0.16433612  0.04009142  0.0928664  -0.13569604  0.04930375
  0.06530007 -0.11485063  0.00293521 -0.07843985  0.2627818   0.09741478
 -0.09358352 -0.13382697  0.18278924 -0.11859649 -0.17372921  0.06488657
 -0.10870625 -0.11089639 -0.3335267  -0.01477824  0.3797296   0.10691039
 -0.19672     0.04312808  0.00739072 -0.01108533  0.13053153  0.1295113
 -0.05764914  0.01791326 -0.1263497  -0.00711151  0.30437288 -0.04160571
 -0.06888346  0.15332232  0.02887799  0.05493978  0.06414764  0.05366994
 -0.02257287 -0.00458285 -0.1169405  -0.03193236 -0.0005398  -0.11574831
 -0.03822188  0.11410835 -0.16937925  0.13651511 -0.01149533  0.02785287
 -0.06432821  0.00467255 -0.04885692  0.01623737  0.15537384 -0.2233547
  0.22150706  0.17798567 -0.00144594  0.12591396  0.10589524  0.04027892
 -0.03524106 -0.0418625  -0.12737642 -0.11055548  0.06280587 -0.07579449
  0.10811975  0.07327937]