[-0.13705409  0.20395675  0.03586949 -0.05610687 -0.09516682  0.01188878
 -0.06276438 -0.11807641  0.14280607 -0.06269791  0.28210789 -0.01246516
 -0.20243983 -0.1017253  -0.07781205  0.16974559 -0.19502133 -0.15877591
 -0.01523829 -0.02048773  0.09754135 -0.00716487 -0.0033381   0.01643325
 -0.10723227 -0.3045257  -0.07748378 -0.00555043  0.07455233 -0.05339622
 -0.07504431  0.00988665 -0.18197347 -0.05320364  0.04982927  0.13089933
 -0.02226013 -0.00785211  0.18196695 -0.00638786 -0.1966617   0.04813245
  0.09635451  0.2913107   0.22609356  0.07361349  0.0226772  -0.13273996
  0.10722274 -0.14413677  0.06124981  0.17018382  0.12557079  0.06808916
  0.02241955 -0.18448214 -0.03650213  0.10894444 -0.08044112 -0.00370714
  0.04590645 -0.04699834 -0.01186103 -0.10594799  0.23337987  0.08630133
 -0.10735708 -0.22834587  0.16259184 -0.12810467 -0.12324052  0.09753912
 -0.13114391 -0.11888321 -0.29650661  0.0023232   0.41770634  0.08100637
 -0.19758271  0.04287889 -0.01625997 -0.044241    0.10560351  0.12491804
 -0.07224239  0.04713053 -0.12992363 -0.03461771  0.27617428 -0.03183969
 -0.06775446  0.15959853  0.02704739  0.09517499  0.05670065  0.04431723
 -0.05949217  0.03762741 -0.17475311 -0.07598266 -0.01298259 -0.08047879
 -0.03891955  0.13077512 -0.1633621   0.1281898   0.02944496  0.0751005
 -0.05234931  0.02915586 -0.07792719 -0.01590577  0.14266855 -0.25242737
  0.23622742  0.18266274  0.04808303  0.09666212  0.16210997  0.07764589
  0.02198426 -0.00276575 -0.14060082 -0.07003225  0.02739857 -0.08334173
  0.13403569  0.04221902]