[-1.63658828e-01  1.28863648e-01  2.50152703e-02 -7.77003393e-02
 -1.39687881e-01 -1.42196268e-02 -1.97732877e-02 -1.52185589e-01
  1.26162589e-01 -9.88144279e-02  2.55451798e-01 -2.95005329e-02
 -2.45932296e-01 -9.13679078e-02 -8.95927399e-02  1.80773959e-01
 -1.76411495e-01 -2.01335818e-01  1.27719017e-02 -3.02031394e-02
  5.00435829e-02 -1.61374789e-02 -3.89780775e-02  2.01675873e-02
 -9.91496965e-02 -2.87286669e-01 -5.65642305e-02 -5.77436052e-02
  4.27079648e-02 -2.81870104e-02  1.61968376e-02  8.92715901e-02
 -1.65161014e-01 -1.93584859e-02  1.37712089e-02  1.76330671e-01
 -7.08398549e-03 -6.28282456e-03  1.90362573e-01  1.94143932e-02
 -2.10509852e-01 -4.72768070e-03  7.50741288e-02  3.06225389e-01
  1.56707451e-01  1.34009449e-02  5.50676845e-02 -1.14662685e-01
  1.17427923e-01 -2.34490037e-01  6.79895803e-02  1.06732182e-01
  1.81855619e-01  4.37293760e-02  2.75053978e-02 -2.00755075e-01
  2.41887104e-02  8.96668658e-02 -1.57766119e-01  5.80667555e-02
  8.30110684e-02 -5.57311364e-02 -1.35300448e-02 -7.95252547e-02
  2.74264634e-01  1.06213525e-01 -1.12615943e-01 -1.31717548e-01
  2.02990532e-01 -1.43592656e-01 -1.47121385e-01  8.59121606e-02
 -9.75135788e-02 -1.21197298e-01 -3.25590670e-01  5.59243187e-03
  4.13442045e-01  1.00969531e-01 -1.97855428e-01  1.46525567e-02
 -1.22393379e-02 -1.63306370e-02  1.07236288e-01  1.13816716e-01
 -7.90991858e-02  1.88007224e-02 -1.42227769e-01 -5.49957529e-02
  2.78532475e-01 -3.13194804e-02 -6.93165883e-02  1.74952433e-01
  4.42333929e-02  7.69670531e-02  5.36606722e-02  5.72058670e-02
 -2.93484721e-02 -4.74112201e-03 -1.43531114e-01 -5.80045953e-02
 -4.27980209e-03 -1.19592510e-01 -4.07676175e-02  1.06632903e-01
 -1.83957562e-01  1.47576809e-01  2.87581242e-05  3.70557718e-02
 -5.51826619e-02  5.49796922e-03 -6.28065094e-02  1.71962380e-02
  1.68312356e-01 -2.32931569e-01  2.32139140e-01  1.78653136e-01
  2.60583702e-02  1.23516776e-01  1.41633183e-01  4.79248427e-02
 -6.97296998e-03 -6.01323918e-02 -1.37777016e-01 -1.00406580e-01
  4.11504917e-02 -9.95064154e-02  9.92515385e-02  7.63464123e-02]