[-0.14936228  0.16290709  0.01347489 -0.02026975 -0.1270963  -0.0418957
 -0.08339195 -0.12800311  0.16860221 -0.05045646  0.2151285  -0.00246152
 -0.17287578 -0.12676953 -0.0983779   0.17512916 -0.17528506 -0.16115139
  0.05434554  0.02005835  0.10921835  0.01312036 -0.00257285  0.05503693
 -0.14020459 -0.30328828 -0.08892751 -0.0838831   0.02750968 -0.02062539
 -0.03958212  0.03527268 -0.17811653 -0.06890269  0.05741903  0.15068361
 -0.05090768  0.02862142  0.18043317 -0.00199322 -0.21262689  0.01856373
  0.07768095  0.28353074  0.18367575  0.07487974  0.06654055 -0.16575623
  0.08925279 -0.13177922  0.0799289   0.16041519  0.1522903   0.06958
 -0.01920677 -0.1464821   0.01149754  0.1043726  -0.16191863  0.05519163
  0.10245241 -0.05907842 -0.03612118 -0.01497006  0.2829392   0.09650272
 -0.11523061 -0.19622633  0.17926526 -0.18849877 -0.14872371  0.07912391
 -0.09412989 -0.14914213 -0.32859269 -0.01298967  0.43192005  0.0834341
 -0.17650977  0.06606547 -0.05443774 -0.01784316  0.09419657  0.14166281
 -0.08382466  0.03013553 -0.11002997 -0.03446607  0.26760697 -0.03732852
 -0.03103626  0.18270753  0.06389295  0.09954482  0.04601349  0.02591944
 -0.02574431  0.038442   -0.10137682 -0.06029043  0.01627998 -0.06919608
  0.02006719  0.11657617 -0.17810866  0.14074732  0.02975357  0.06464242
  0.00566355  0.05223199 -0.12395041 -0.07444061  0.15626051 -0.23255281
  0.26920027  0.13426435  0.06283598  0.11737566  0.1651841   0.10711687
  0.01089775 -0.05055799 -0.14399372 -0.02944295  0.06152236 -0.09187193
  0.14539079  0.06144926]