[-0.16651131  0.10654312  0.01237714 -0.05430733 -0.0706306  -0.02838661
 -0.0307187  -0.17711832  0.12941048 -0.06034917  0.28373981 -0.07635608
 -0.20447357 -0.08778507 -0.08216528  0.1902713  -0.21629834 -0.13780354
 -0.0185572  -0.00182259  0.06478284 -0.03326022  0.0083366   0.02930167
 -0.09420054 -0.3128047  -0.08512791 -0.07076395  0.04931461  0.04636779
 -0.01231972  0.02617822 -0.2126108  -0.05167213  0.05161775  0.13343184
  0.01143196 -0.03259335  0.18952273 -0.03976039 -0.21332896  0.06314491
  0.09213094  0.24507125  0.13312256  0.0481996   0.07905533 -0.17976332
  0.07682763 -0.11170256  0.06466823  0.13058108  0.12363388  0.03219541
 -0.00469479 -0.22175419 -0.00039947  0.095452   -0.10105225  0.00364414
  0.10386734  0.02381549 -0.01294914 -0.0952028   0.24966323  0.10781578
 -0.13581991 -0.21118282  0.14484982 -0.11042076 -0.09455491  0.04806233
 -0.15952878 -0.14911954 -0.3514998   0.01059851  0.39439848  0.03766702
 -0.19894823  0.06373563 -0.04200177  0.01705628  0.12222793  0.16200428
 -0.04166605  0.06688743 -0.10120592 -0.04786196  0.23314105 -0.050209
 -0.06493246  0.14453392 -0.0035479   0.03450685  0.02600896  0.05556172
 -0.05656682  0.0395191  -0.13347343 -0.02066755  0.01352726 -0.03275292
 -0.01211828  0.10719849 -0.19189982  0.10725581  0.00276797  0.04254184
 -0.02636892  0.02088946 -0.05785758 -0.00668588  0.13255389 -0.25385323
  0.25860915  0.16970867  0.03644351  0.13329665  0.16565274  0.09046104
  0.00209152  0.05646688 -0.18504779 -0.06175475  0.03338476 -0.04773558
  0.12365663  0.05807883]