[-0.14621072  0.12519282  0.02625142 -0.07762431 -0.15679426 -0.01213519
 -0.04864601 -0.13929664  0.12660135 -0.09505796  0.24091332 -0.031762
 -0.21485026 -0.09169289 -0.09696796  0.17844114 -0.20246513 -0.18139869
  0.03428264 -0.02920905  0.05230957  0.00201802 -0.02752559  0.01212762
 -0.11534531 -0.28660884 -0.04847443 -0.06950953  0.04206331 -0.03311444
  0.00417648  0.087643   -0.15733869 -0.01591971  0.02412399  0.1843081
 -0.01382217 -0.00539418  0.17282467  0.01241637 -0.20382266  0.00335979
  0.06861538  0.29081511  0.17501019  0.01615598  0.05499902 -0.13684323
  0.13133207 -0.20173407  0.06240958  0.09327895  0.16464095  0.04364508
  0.02689118 -0.19560049  0.02292402  0.10235669 -0.14412364  0.05341219
  0.08211196 -0.07147554  0.00466362 -0.07196062  0.2736007   0.09565329
 -0.0965471  -0.14730287  0.19787872 -0.13556045 -0.1562407   0.09219181
 -0.08823834 -0.10805462 -0.33073959 -0.01421324  0.40257072  0.08812914
 -0.18937121  0.01052892  0.00144453 -0.01253698  0.11676689  0.12485182
 -0.08558607  0.01309346 -0.14285104 -0.04850036  0.28061655 -0.04072531
 -0.06829467  0.15173908  0.03486978  0.08863951  0.05746783  0.04507909
 -0.04493378  0.0214923  -0.13296686 -0.06268047  0.0070966  -0.12204959
 -0.02999456  0.11735316 -0.17382149  0.13739084 -0.0091407   0.03386446
 -0.05171582 -0.00520991 -0.05515665  0.02861166  0.17756507 -0.2332534
  0.2436887   0.16663221  0.04098723  0.13780013  0.13816586  0.0514332
 -0.02637096 -0.06039194 -0.14108728 -0.07691286  0.03426836 -0.09173308
  0.11941552  0.0752467 ]