[-0.13631961  0.13716261  0.01310017 -0.04054799 -0.07851958 -0.00464553
 -0.07586226 -0.16746835  0.14014061 -0.01623679  0.23641764 -0.02715836
 -0.17956392 -0.14722265 -0.06376874  0.17287627 -0.19640326 -0.16764821
  0.0173893  -0.00862706  0.07661919  0.00383479  0.04099597  0.0297407
 -0.1299265  -0.29696938 -0.06865284 -0.10696888  0.02638421 -0.03603071
 -0.03434091 -0.0171131  -0.23386489 -0.0623844   0.04902276  0.14870284
 -0.00934299 -0.02444123  0.19043007 -0.02510698 -0.20733581  0.01043939
  0.06923347  0.25507838  0.1811682   0.03543511  0.06493888 -0.17119594
  0.12092458 -0.10761128  0.091621    0.1416866   0.1228103   0.00890611
  0.0005034  -0.18096119 -0.01520367  0.13733578 -0.0885317   0.00294268
  0.09173988  0.01708738 -0.03414162 -0.0656789   0.21704252  0.06011644
 -0.09346068 -0.18693236  0.12314482 -0.10214094 -0.07945502  0.09264314
 -0.14472321 -0.17340516 -0.32447717 -0.01520801  0.41997597  0.01412655
 -0.21345988  0.05021809 -0.04222802  0.02225349  0.14507419  0.12871997
 -0.02717175  0.07758529 -0.1317113  -0.01550652  0.24726366 -0.074108
 -0.01926222  0.13768142  0.00523872  0.05618113  0.03969587  0.04784418
 -0.02453308  0.07919906 -0.12322553 -0.03541346  0.01746662 -0.0233712
 -0.0068733   0.0942888  -0.18639944  0.07658406  0.05735192  0.04033419
 -0.0125475  -0.02413052 -0.0668774  -0.06617974  0.15639326 -0.25021985
  0.20702516  0.16322933 -0.02334098  0.13905957  0.11662549  0.12078863
 -0.01449686 -0.00225386 -0.18471561 -0.00657021  0.0480765  -0.025404
  0.10116626  0.02548453]