[-1.27832696e-01  1.47337362e-01 -3.95090599e-03 -7.17726648e-02
 -8.40638876e-02 -5.33645693e-03 -5.99084757e-02 -1.81895599e-01
  1.32109746e-01 -3.89234014e-02  2.44772345e-01 -6.98466226e-02
 -2.17256665e-01 -1.06192492e-01 -7.37828463e-02  1.66158512e-01
 -2.39986777e-01 -1.60803571e-01  9.88504197e-03 -2.98616868e-02
  6.25884384e-02  2.74994280e-02  3.78584228e-02  2.13906150e-02
 -1.14887200e-01 -3.19227993e-01 -6.99330121e-02 -1.13679908e-01
  2.37018447e-02 -1.21425586e-02 -2.34987065e-02  1.31537290e-02
 -2.11416513e-01 -4.69055250e-02  4.97965068e-02  1.30833924e-01
 -9.83457663e-04  6.65324647e-03  2.09885076e-01 -1.35248099e-02
 -2.13439703e-01  1.21801198e-02  9.36764926e-02  2.83046931e-01
  1.82547748e-01  4.44969945e-02  4.28168587e-02 -1.55541524e-01
  1.01773761e-01 -1.34487614e-01  1.00149535e-01  1.28710479e-01
  1.31782994e-01  1.59085132e-02 -1.33616393e-02 -1.91041976e-01
 -3.13318856e-02  1.16269112e-01 -9.76994485e-02  4.01687715e-03
  1.02694035e-01 -1.19950445e-02 -4.05342989e-02 -4.24956791e-02
  2.60232419e-01  7.16305524e-02 -9.74606797e-02 -1.88695982e-01
  1.37693524e-01 -1.13795415e-01 -1.08364701e-01  1.00008152e-01
 -1.46705449e-01 -1.51524469e-01 -3.18404138e-01 -9.16669145e-03
  4.25732762e-01 -2.15624250e-03 -1.92270264e-01  4.92201224e-02
 -3.38837616e-02  1.39962917e-03  1.59247652e-01  1.36232600e-01
 -4.41719517e-02  8.31278786e-02 -1.19591892e-01  1.04950415e-02
  2.58496284e-01 -9.80137885e-02 -6.25369474e-02  1.59843117e-01
  4.69635753e-03  8.05982947e-02  5.42528890e-02  5.14984801e-02
 -3.15619702e-03  5.92810921e-02 -1.57103211e-01 -3.99073586e-02
  5.35720587e-02 -1.71361435e-02 -2.75462568e-02  1.05331913e-01
 -2.01184779e-01  8.91047046e-02  4.71874215e-02  1.54020181e-02
 -1.80819798e-02 -4.19648997e-02 -4.19244133e-02 -4.63481545e-02
  1.83691487e-01 -2.62141585e-01  2.06888199e-01  1.72376841e-01
  3.38307407e-04  1.42050639e-01  1.04570918e-01  5.75274937e-02
  1.21662831e-02 -1.50950048e-02 -2.13304996e-01 -1.57075096e-02
  8.00645053e-02 -2.20630225e-02  1.09704159e-01  3.30322944e-02]