[-0.15271525  0.12217896  0.01013942 -0.07564025 -0.04051437 -0.03260018
  0.00200756 -0.17137261  0.17275476 -0.09233662  0.2948969  -0.01546213
 -0.19323067 -0.11332722 -0.05350016  0.16786171 -0.23456421 -0.12551595
 -0.01521001 -0.02194997  0.08778008 -0.05895979 -0.00623748  0.02560397
 -0.11675985 -0.29103559 -0.10395638 -0.07764943  0.06411719  0.0242464
  0.00390954 -0.01116405 -0.2017962  -0.04519057  0.00950412  0.11872824
 -0.00596315 -0.0238996   0.19703646 -0.03779967 -0.19559044  0.06475646
  0.07934809  0.2531628   0.15702736  0.03262498  0.0790978  -0.16851698
  0.10555332 -0.1321073   0.08518807  0.10798223  0.11469877  0.05728858
  0.01212128 -0.23086445 -0.00655981  0.07812151 -0.14181678  0.01001756
  0.080701    0.0219284  -0.04040067 -0.04347371  0.21651666  0.13680451
 -0.12257554 -0.23475838  0.16499689 -0.14741193 -0.08079059  0.0651885
 -0.14934047 -0.15955237 -0.32991827  0.0239524   0.41504881  0.08364754
 -0.17475651  0.06161788 -0.07109156 -0.01325292  0.14480178  0.13481268
 -0.03029481  0.0779907  -0.11291863  0.00445799  0.21304026 -0.04899692
 -0.07881632  0.16990785  0.02273567  0.04728933  0.01530146  0.05329653
 -0.06836927  0.06568127 -0.1594017  -0.04605458  0.04350935 -0.01050122
  0.00523958  0.10034355 -0.18927668  0.15505242  0.03380773  0.04271763
 -0.04202211  0.02141843 -0.08070736  0.00951875  0.13024728 -0.24877682
  0.26320705  0.17164129  0.03553289  0.13409355  0.1569843   0.05851476
  0.02387552  0.00790452 -0.18970092 -0.02894075  0.00443048 -0.03285841
  0.14240734  0.05520872]