[-1.41490802e-01  1.29737154e-01  1.23593758e-03 -7.62598142e-02
 -3.87163833e-02 -3.23273838e-02  1.75398553e-03 -1.73712015e-01
  1.73581526e-01 -9.22605693e-02  2.85323292e-01 -1.73718780e-02
 -1.90000147e-01 -1.07761659e-01 -5.07936664e-02  1.66960776e-01
 -2.34571978e-01 -1.26373395e-01 -1.95630845e-02 -1.87785868e-02
  8.79172608e-02 -5.76261543e-02 -2.25697877e-03  2.21607536e-02
 -1.18519187e-01 -2.89489955e-01 -1.09626248e-01 -7.28790760e-02
  6.68815076e-02  2.55870912e-02  3.12140747e-03 -1.97661482e-02
 -2.01159105e-01 -4.46163379e-02  1.50668565e-02  1.16267562e-01
 -1.42899351e-02 -3.27356122e-02  1.96325541e-01 -3.59787643e-02
 -1.98340178e-01  7.08928034e-02  7.43337721e-02  2.52401888e-01
  1.67232499e-01  3.57406475e-02  8.21470022e-02 -1.75493568e-01
  1.08091049e-01 -1.25020117e-01  8.04999769e-02  1.07782364e-01
  1.08349554e-01  6.10662475e-02  1.19277379e-02 -2.22999334e-01
 -2.89742282e-04  8.31846893e-02 -1.44354194e-01  4.00045840e-03
  8.64521414e-02  2.20483486e-02 -3.28447632e-02 -4.53911982e-02
  2.15063006e-01  1.30055368e-01 -1.23704515e-01 -2.36118346e-01
  1.67938218e-01 -1.56245098e-01 -8.11275914e-02  6.52509257e-02
 -1.44669697e-01 -1.63096115e-01 -3.31635028e-01  1.76666323e-02
  4.12896127e-01  9.13269594e-02 -1.66917309e-01  6.07067831e-02
 -6.49670064e-02 -7.47100869e-03  1.47438779e-01  1.37178570e-01
 -3.42328921e-02  7.59413466e-02 -1.11993194e-01  8.20706424e-04
  2.24817082e-01 -4.88639288e-02 -8.37380812e-02  1.69526011e-01
  1.99052449e-02  4.49250042e-02  1.59069430e-02  5.46893254e-02
 -6.76582679e-02  6.65402636e-02 -1.53146207e-01 -4.01315130e-02
  4.05981429e-02 -1.89377796e-02  3.49427015e-03  1.08004525e-01
 -1.89349189e-01  1.61287054e-01  2.73625795e-02  4.59651314e-02
 -4.61632945e-02  1.88616756e-02 -8.02176222e-02  1.48371374e-02
  1.31908089e-01 -2.55048454e-01  2.62207180e-01  1.76762536e-01
  3.46890055e-02  1.29491329e-01  1.53279394e-01  5.99440299e-02
  1.95221473e-02  8.45821481e-03 -1.98071286e-01 -3.42778824e-02
 -7.14490598e-04 -3.02436650e-02  1.48674369e-01  5.61668351e-02]