[-0.17701833  0.09537899  0.04382686 -0.07034954 -0.11247068 -0.05932949
 -0.09937332 -0.15286145  0.07273245 -0.09507532  0.21688466 -0.05454775
 -0.1326839  -0.10199825 -0.06198069  0.16328704 -0.19778883 -0.14150344
  0.032061    0.0087804   0.11033916 -0.01380708  0.02680084  0.00612838
 -0.1785755  -0.30174506 -0.12379093 -0.07548852 -0.00877761 -0.00447009
 -0.03013182  0.01305177 -0.22053586 -0.05267072  0.0205208   0.0888093
 -0.00448981 -0.0250026   0.15000942 -0.01225335 -0.19451223  0.01169567
  0.06997817  0.26122949  0.20364459  0.08110219  0.04575907 -0.12675852
  0.09601054 -0.10619431  0.07271327  0.0920788   0.07771366  0.0481995
 -0.00596319 -0.13607934  0.04964714  0.11868007 -0.09491743  0.03220525
  0.09215713 -0.03587938  0.01633048 -0.08258992  0.27021334  0.0414033
 -0.11236378 -0.14328873  0.14421216 -0.0762737  -0.08344343  0.02887304
 -0.1504529  -0.17545317 -0.2974565  -0.00771086  0.37729514  0.1037547
 -0.19755048  0.04912567 -0.04348864 -0.00124591  0.14688118  0.15216337
 -0.00463386  0.04546755 -0.08899709 -0.0145725   0.24927573 -0.05901247
 -0.02923673  0.21719499 -0.00273954  0.05156761  0.03137317  0.01241475
 -0.07591783  0.08770211 -0.08320575 -0.01641529  0.03314756 -0.05298208
  0.00105924  0.15100697 -0.14868192  0.14008068  0.00635355  0.09893724
 -0.02846215 -0.00433897 -0.08146187 -0.06186544  0.09275178 -0.21045904
  0.18580659  0.17606832  0.02837321  0.14591104  0.14992623  0.09781655
  0.00044647  0.03475039 -0.21223076  0.00040407  0.09050212 -0.04943269
  0.13997106  0.07593703]