[-0.11607399  0.12950455  0.09817522 -0.04208614 -0.07955364 -0.05640047
 -0.057108   -0.13039137  0.08651786 -0.04200517  0.29728088 -0.06865771
 -0.17433427 -0.12294228 -0.08783406  0.18248907 -0.23326731 -0.11487942
  0.00271493 -0.01123701  0.14030854  0.0133241  -0.00737875 -0.00106346
 -0.12936747 -0.29468748 -0.0916694  -0.06587976  0.03422443 -0.02727118
 -0.05661982  0.00463833 -0.23466416 -0.07211789  0.03264759  0.09964957
  0.01081764 -0.04050289  0.10854495 -0.02146009 -0.18982899  0.07866877
  0.06359025  0.26002479  0.20759325  0.08655306  0.01511386 -0.11229666
  0.07719838 -0.11845533  0.03649893  0.11869197  0.10267024  0.04190071
 -0.01215759 -0.13953109 -0.02011572  0.11661188 -0.10714465  0.01953622
  0.08207142 -0.09916937  0.02208467 -0.10409606  0.22462149  0.03787059
 -0.13183384 -0.1499404   0.1270573  -0.11589911 -0.10504033  0.02490493
 -0.14873968 -0.12475834 -0.35467994  0.01827297  0.40491828  0.04722646
 -0.22842713  0.03510522 -0.00857673  0.03672509  0.15481287  0.19261521
  0.02217445  0.06184281 -0.1231242  -0.01869904  0.22920413 -0.08560046
 -0.03717248  0.21021739 -0.03773167  0.06828464  0.01762836  0.0055321
 -0.03741736  0.04851086 -0.0938042   0.00790048 -0.01282184 -0.03371331
 -0.0397841   0.13113187 -0.10092695  0.05236236  0.01254638  0.06983487
 -0.03941887 -0.02754373 -0.05301918 -0.06655099  0.09824475 -0.23638354
  0.22639906  0.20308244  0.01585906  0.10690214  0.11381187  0.0804329
  0.00585074  0.00838181 -0.18276803 -0.0361844   0.062266   -0.05819223
  0.12642577  0.01873617]