[-0.12794964  0.13629822  0.06453673  0.00311893 -0.04318485 -0.03467028
 -0.02304126 -0.12687902  0.07213286 -0.05542293  0.24498859 -0.06575129
 -0.1849082  -0.10063118 -0.08820564  0.16122413 -0.19170326 -0.1433634
 -0.07945911 -0.036066    0.10896605  0.0472154  -0.02304261 -0.00867533
 -0.10945292 -0.31074926 -0.08599939 -0.06427504  0.0075747  -0.04948239
 -0.03985299 -0.03106138 -0.18203591 -0.045805    0.0369623   0.05341439
 -0.02146758 -0.04698918  0.15458329  0.00077065 -0.199333    0.07496851
  0.10101936  0.31399485  0.18615124  0.09476449 -0.01509705 -0.10837904
  0.0905116  -0.11630344  0.05973861  0.14042988  0.09220596  0.07270902
  0.05236207 -0.11488736  0.00685072  0.09634366 -0.1251121   0.02021607
  0.09824409 -0.09338946  0.02237171 -0.10232343  0.19265518  0.05960043
 -0.0965002  -0.16960061  0.11076247 -0.17085771 -0.11160926  0.02797017
 -0.10577504 -0.13596916 -0.32517824  0.01293581  0.39759824  0.09999782
 -0.20065318  0.02055627  0.01888234  0.00371805  0.21907003  0.1529661
 -0.02238577  0.03186096 -0.12113474 -0.04276969  0.24637766 -0.02001147
 -0.08121452  0.16257949 -0.01943534 -0.01717214  0.05863779 -0.00352328
 -0.06652229  0.04703127 -0.1018904   0.01255411 -0.02207045 -0.06524708
 -0.03779274  0.09442576 -0.09521245  0.08533578  0.01677408  0.05520545
 -0.04724614 -0.00225557 -0.09915306 -0.03161403  0.09619116 -0.23910761
  0.22298108  0.1621137   0.01786133  0.10458338  0.10453235  0.0934676
 -0.03262476  0.02973107 -0.18878622 -0.08083331  0.06055923 -0.01955073
  0.1575233   0.02082807]