[-0.18344985  0.11502137  0.05338649 -0.05750906 -0.11755271 -0.04838293
 -0.0733257  -0.1372238   0.07780855 -0.10519123  0.25197884 -0.02259987
 -0.14310543 -0.09785822 -0.07173681  0.15840328 -0.1840965  -0.112951
  0.00988953  0.01242205  0.14488719 -0.02847088  0.05406998  0.03293565
 -0.15411289 -0.28732491 -0.13004301 -0.09113316 -0.00279099 -0.04005068
 -0.04593965 -0.04232041 -0.21734522 -0.0609319  -0.03417725  0.07477611
 -0.03652807 -0.0230083   0.13827501 -0.03789991 -0.19300397  0.04508714
  0.06683344  0.25758573  0.21252339  0.08593621  0.05050886 -0.12145457
  0.08372671 -0.14840178  0.12536947  0.05312923  0.1186291   0.04028023
  0.02349827 -0.13387325  0.01239514  0.13802569 -0.09035757  0.07070982
  0.08260705 -0.00830136  0.00286067 -0.09134477  0.25410226  0.09310744
 -0.12328532 -0.11337887  0.14446516 -0.11233103 -0.08466722  0.0497525
 -0.13740443 -0.1994064  -0.30367276  0.02266728  0.38650629  0.14158073
 -0.20192082  0.00505904 -0.02600882  0.02835234  0.13858734  0.14715457
 -0.02966271  0.05094577 -0.10736525  0.00845087  0.21715514 -0.06018716
 -0.04887575  0.24944749  0.0263777   0.04392524  0.04002244  0.02811518
 -0.05408296  0.04950355 -0.12219198 -0.00610348  0.01661107 -0.06136152
 -0.03675505  0.11494108 -0.12489338  0.1190296  -0.00732634  0.07719618
 -0.04633621 -0.00200564 -0.1099241  -0.04822925  0.0944348  -0.19710886
  0.17928179  0.18077327  0.0247403   0.14063856  0.15191843  0.0963999
  0.01425854  0.00255437 -0.20261668  0.00757215  0.11546166 -0.06563852
  0.1541262   0.06913812]