[-0.1278969   0.0877313   0.086299   -0.01204256 -0.06419052 -0.0476991
 -0.02389607 -0.12426501  0.09213894 -0.04695204  0.27174816 -0.05099776
 -0.15835394 -0.14275494 -0.0344363   0.18492571 -0.25365788 -0.13495408
 -0.00531493  0.00316826  0.12726103 -0.02407711  0.00600445  0.00857365
 -0.11959206 -0.30312544 -0.10135763 -0.09175336  0.08199308 -0.03808905
 -0.08486215  0.00717206 -0.20472887 -0.08770176  0.02704598  0.05301313
  0.00374176 -0.08038884  0.13594766 -0.03313392 -0.19455929  0.08870933
  0.05672041  0.24988191  0.21280615  0.08603694  0.00600785 -0.09013545
  0.10861146 -0.10891631  0.04182772  0.11370007  0.11193218  0.04170595
  0.04660904 -0.15571485 -0.00283928  0.07877382 -0.12124642  0.0086821
  0.03420794 -0.05942393  0.05643689 -0.10995886  0.1639096   0.02255519
 -0.07462084 -0.15920396  0.12063459 -0.09823382 -0.08892139  0.01727332
 -0.15815908 -0.14166103 -0.31559512 -0.01309533  0.33565348  0.07403054
 -0.21906061  0.08013796  0.00927028 -0.0074804   0.14855732  0.16279858
  0.02255134  0.06233932 -0.11789968 -0.05009998  0.19359295 -0.07239733
 -0.02704744  0.20056446 -0.04134711  0.01126826  0.04696341 -0.01578083
 -0.0475658   0.07238365 -0.10862786 -0.03068658  0.01368262 -0.04264811
 -0.02841111  0.09330981 -0.13700436  0.0477275   0.01693211  0.08655407
 -0.05362261 -0.03602709 -0.08819452 -0.01214046  0.08113141 -0.25055823
  0.23298381  0.20959599 -0.00074598  0.10157017  0.09631983  0.04889734
 -0.0123124   0.01935775 -0.17584892 -0.04574421  0.08794617 -0.03319039
  0.11067485  0.03973853]