[-0.13144849  0.10426874  0.03351514 -0.07758205 -0.0962135  -0.0300223
 -0.04315333 -0.13239716  0.12662177 -0.08917912  0.21818428 -0.08972161
 -0.18037675 -0.08899751 -0.07912304  0.17493106 -0.20503636 -0.12568589
 -0.02432694  0.03894543  0.12433394 -0.03681036  0.00038967  0.02388925
 -0.11617432 -0.32505342 -0.11073675 -0.08838531  0.04142456 -0.05720628
 -0.06330418 -0.01244758 -0.21591058 -0.07903382 -0.00793872  0.1001133
 -0.0168371  -0.06155511  0.11469465 -0.00473308 -0.24207388  0.05687332
  0.04079422  0.23195851  0.19421014  0.0912985   0.03831719 -0.13337307
  0.12474164 -0.12193177  0.08396377  0.09311378  0.09339552  0.06259057
  0.01874178 -0.12556052  0.02774002  0.13333602 -0.12423488  0.06031794
  0.10222483 -0.0517922   0.04048815 -0.06794276  0.20746653  0.06743991
 -0.08171207 -0.16349435  0.154915   -0.13522241 -0.08643562  0.02949128
 -0.13208024 -0.15760517 -0.30356643  0.01180413  0.38774627  0.11958265
 -0.18415028  0.03424391 -0.03433732  0.00498236  0.15821122  0.18022387
  0.01127739  0.05681181 -0.10362738 -0.04246315  0.24967788 -0.07117089
 -0.03354612  0.21959208 -0.0242      0.02900327  0.02649578 -0.00067705
 -0.08927789  0.05435429 -0.08604222 -0.0584477   0.03461424 -0.05721772
 -0.03435042  0.11767802 -0.13433231  0.10304973 -0.01300459  0.08214461
 -0.01208194 -0.00297445 -0.05749207 -0.06106681  0.11009655 -0.19625463
  0.22221807  0.19137733  0.03954097  0.09848057  0.12877326  0.09297876
  0.0298227   0.01467104 -0.18533401 -0.03036742  0.09242723 -0.01438586
  0.12002849  0.0330723 ]