[-0.16760769  0.07408941  0.07445963 -0.06085215 -0.09019374 -0.05031747
 -0.08512338 -0.15362711  0.07843804 -0.09551152  0.24714194 -0.06742531
 -0.13562246 -0.10665089 -0.05926843  0.18170996 -0.18701923 -0.12067958
  0.01608202  0.00958937  0.1093774  -0.03547186  0.02573102  0.00753389
 -0.14919341 -0.29120478 -0.13587268 -0.08888479 -0.00697448 -0.00286605
 -0.05086778 -0.00480548 -0.22886701 -0.07444488  0.01206212  0.05584975
 -0.01428358 -0.0281093   0.13526787 -0.04346253 -0.1736467   0.04263185
  0.06601782  0.23323877  0.19447313  0.1016214   0.04162979 -0.13583253
  0.0917925  -0.11379861  0.0918853   0.06252515  0.1039783   0.04346888
  0.0219928  -0.15147595  0.027518    0.10896058 -0.0722846   0.06319869
  0.07608189 -0.02121315  0.00955953 -0.10031208  0.26145884  0.04394282
 -0.11506783 -0.13915536  0.14500199 -0.05537562 -0.05203447  0.03639321
 -0.15602539 -0.18417738 -0.29610363  0.00868364  0.36707127  0.09159837
 -0.236742    0.03201662 -0.04207568  0.0238114   0.14395384  0.14637993
  0.01505031  0.03668493 -0.08708632 -0.03560681  0.22487386 -0.08584306
 -0.02395487  0.23943062 -0.01591579  0.03832737  0.01808595  0.00427156
 -0.06310368  0.0743288  -0.0945712  -0.01822842  0.03656837 -0.03226813
 -0.01446947  0.12687543 -0.13872717  0.10972353 -0.00521119  0.10315641
 -0.0262847  -0.00358377 -0.09590264 -0.06244868  0.09533283 -0.21918194
  0.18212211  0.17321253  0.01490288  0.13096897  0.13443787  0.10816896
  0.00679429  0.03978139 -0.20859347  0.00577214  0.11027972 -0.04531669
  0.11662575  0.0728953 ]