[-0.13284981  0.10139652  0.05601425 -0.03220885 -0.0650309  -0.05804683
 -0.03263385 -0.13861109  0.09307723 -0.04363452  0.23573576 -0.02652958
 -0.15189336 -0.15079397 -0.05377005  0.16643801 -0.24132395 -0.14696677
 -0.00887851  0.00226892  0.12830167  0.00772511  0.02564824  0.02208867
 -0.09862708 -0.31356496 -0.10681397 -0.10023965  0.04500691 -0.02902308
 -0.05877907  0.04497365 -0.16923052 -0.07407843  0.03193916  0.07308193
  0.02137957 -0.05185604  0.14034347 -0.04561307 -0.18724351  0.07540666
  0.08602253  0.27690595  0.2489703   0.07345533  0.00572097 -0.08910825
  0.10994418 -0.10270858  0.04534575  0.11876515  0.08999962  0.04395617
  0.05465791 -0.14576939 -0.00619457  0.06592886 -0.10571827  0.01804176
  0.04745517 -0.06020429  0.02830963 -0.11520906  0.17213623  0.03121255
 -0.09378343 -0.1625769   0.13077036 -0.13128453 -0.12350955  0.00608175
 -0.18316568 -0.13370292 -0.30292577 -0.0226715   0.33232859  0.10356262
 -0.2204676   0.07740051  0.01250198  0.00810494  0.15004127  0.14953788
 -0.00057491  0.06151507 -0.13440238 -0.0443065   0.20459543 -0.03905846
 -0.06017502  0.21059851 -0.03235479  0.03228657  0.0681901   0.00179542
 -0.03232343  0.06719829 -0.17198579 -0.02734279  0.02274325 -0.05683761
 -0.03073491  0.10955216 -0.10071291  0.06415417  0.01515583  0.11837157
 -0.05951564 -0.01615052 -0.11808926 -0.00653464  0.11126631 -0.18951626
  0.23625031  0.18512277  0.02873505  0.09904788  0.12753244  0.06877334
 -0.02012471  0.00181072 -0.18159346 -0.0436019   0.09072652 -0.02267829
  0.13291553  0.05767575]