[-0.09081879  0.11812469  0.07621218  0.00711211 -0.09236685  0.01244282
 -0.00383028 -0.1271209   0.11753472 -0.06285258  0.26777759 -0.0397497
 -0.16187435 -0.11853553 -0.04784979  0.16137075 -0.22915196 -0.15084289
  0.02467964  0.03110565  0.11133124 -0.03922438 -0.02253148  0.01516716
 -0.09623119 -0.28827262 -0.11539073 -0.06611585  0.05443507 -0.05549588
 -0.06540992  0.02200256 -0.1953107  -0.07691202  0.02607264  0.06148667
 -0.00585574 -0.07165318  0.11734924 -0.02873194 -0.16872981  0.07023739
  0.05356703  0.2743229   0.20424402  0.09555294 -0.007942   -0.09125686
  0.08846994 -0.10908109  0.02280222  0.13268931  0.10021978  0.04254149
  0.01672298 -0.15946619  0.00055864  0.05926873 -0.11612786  0.02032453
  0.04149437 -0.06594052  0.05873736 -0.1055094   0.18334438  0.02814453
 -0.05933929 -0.19423585  0.13960533 -0.1311831  -0.11080356  0.02542759
 -0.16800968 -0.15409927 -0.28960237 -0.00691212  0.37097606  0.10246565
 -0.19319835  0.06610154  0.00627238 -0.01058559  0.12729438  0.17011891
  0.0322699   0.04181603 -0.13441342 -0.04546446  0.22464092 -0.06340586
 -0.0440832   0.18995205 -0.04636804 -0.0087411   0.04270357 -0.03939188
 -0.02033842  0.09796693 -0.14075269 -0.04425802 -0.02708728 -0.05227293
 -0.03362706  0.12121536 -0.14679109  0.05368726  0.00463915  0.07156651
 -0.06181638 -0.04420276 -0.12310499  0.00408345  0.12717019 -0.26245055
  0.22564326  0.19316326  0.0351873   0.08771663  0.09436446  0.07652228
  0.00759664 -0.00695401 -0.18192461 -0.04953081  0.05535726 -0.05728609
  0.10248742  0.02821702]