[-0.13020374  0.09850836  0.05258681 -0.06449573 -0.06726819 -0.06738944
 -0.07298374 -0.12503208  0.0845428  -0.06272906  0.28352728 -0.07365283
 -0.18148491 -0.13719858 -0.0686963   0.18545333 -0.24389271 -0.12826921
 -0.01198668 -0.03471368  0.13602741  0.00549698 -0.00209092  0.00590713
 -0.14543842 -0.32444593 -0.09071084 -0.05992911  0.00801318 -0.0418524
 -0.03860502  0.01226564 -0.22778478 -0.07377135  0.04958455  0.08685138
 -0.00901794 -0.06617799  0.11603411 -0.02364394 -0.19294572  0.04418008
  0.07501743  0.26685399  0.22033067  0.08431906 -0.00476051 -0.12364639
  0.10398078 -0.10219041  0.04263489  0.12558933  0.06225815  0.05055935
  0.00690969 -0.11131381  0.01175579  0.12923913 -0.1081753  -0.03329439
  0.0618295  -0.10420901  0.01229772 -0.10501444  0.19087671  0.03148784
 -0.10524262 -0.16310552  0.12903278 -0.09618439 -0.10536858  0.01251757
 -0.15689974 -0.14894493 -0.34351569  0.00108137  0.37285644  0.05395064
 -0.19561578  0.06212251  0.01532663  0.02186679  0.18322413  0.16632476
  0.0147117   0.0409329  -0.10774068 -0.00042552  0.22583523 -0.07562052
 -0.05813451  0.18233865 -0.05054307  0.03620697  0.05942076  0.01426531
 -0.05925445  0.08068185 -0.11342204 -0.01346567  0.04272702 -0.02874545
 -0.02934161  0.12433551 -0.10199242  0.06049219  0.03471489  0.07629365
 -0.02089475 -0.03707944 -0.07185698 -0.07224869  0.07126498 -0.22526625
  0.22726797  0.19775878  0.03827335  0.12867141  0.11939223  0.06092674
 -0.00716552  0.00425752 -0.19776176 -0.03062559  0.08264702  0.01221644
  0.1374182   0.00669162]