[-1.07403152e-01  1.26502559e-01  5.33329435e-02 -6.35015517e-02
 -8.50665420e-02 -2.34553171e-03 -2.29772385e-02 -1.18996955e-01
  1.09716393e-01 -4.06014249e-02  3.00318807e-01 -4.09348458e-02
 -1.73089966e-01 -1.31946951e-01 -7.73625374e-02  1.78824574e-01
 -2.57002890e-01 -1.15257278e-01 -2.12263200e-03  2.49352809e-02
  1.40153378e-01 -5.63528411e-05  2.24330984e-02  9.25188232e-03
 -9.08944830e-02 -3.13865632e-01 -1.00125156e-01 -6.57960698e-02
  7.24312291e-02 -7.47912154e-02 -6.09366670e-02  1.73588414e-02
 -2.11060554e-01 -6.95092604e-02  3.84341590e-02  6.55855611e-02
  1.27271255e-02 -8.43029693e-02  1.53181687e-01 -2.75588669e-02
 -2.04333782e-01  9.03328285e-02  5.92091382e-02  2.56591201e-01
  2.24818036e-01  5.71891032e-02 -1.00482246e-02 -1.30992591e-01
  1.12657167e-01 -9.27742571e-02  4.83683273e-02  1.33885965e-01
  7.21426234e-02  3.37105095e-02 -7.76989618e-03 -1.27868339e-01
 -1.74471270e-02  1.09469712e-01 -1.18727244e-01 -4.59359447e-03
  7.59663358e-02 -7.76315853e-02  5.18476479e-02 -1.30813941e-01
  1.50568292e-01  2.44610738e-02 -9.73045155e-02 -2.07079321e-01
  1.21281408e-01 -1.08781673e-01 -8.47048387e-02  4.04890738e-02
 -1.66850254e-01 -1.45577684e-01 -2.80176252e-01  1.38979917e-02
  3.66819441e-01  8.20145011e-02 -1.96298286e-01  4.95760180e-02
 -1.90674514e-02 -2.95741688e-02  1.33807257e-01  1.65593520e-01
  2.38878671e-02  4.84044515e-02 -1.20952547e-01 -2.48740818e-02
  2.43062690e-01 -6.08507656e-02 -3.96476947e-02  2.30076700e-01
 -5.20126335e-02  2.74660978e-02  4.82053272e-02  8.57628882e-03
 -4.97836061e-02  9.17850658e-02 -1.34094074e-01 -1.36199743e-02
 -2.87458450e-02 -8.99387747e-02 -3.83267403e-02  1.26660690e-01
 -1.27949864e-01  6.19108453e-02  3.30918282e-03  8.29618350e-02
 -3.99100892e-02 -5.25803082e-02 -8.93606022e-02 -2.87393015e-02
  1.20524265e-01 -2.26252601e-01  2.47809440e-01  1.85914099e-01
  7.28118345e-02  9.65484530e-02  1.31821588e-01  8.86573121e-02
  5.15598152e-03 -1.18265599e-02 -1.89115331e-01 -2.79252715e-02
  8.22508261e-02 -3.48422602e-02  1.34482235e-01  1.26887411e-02]