[-0.12994622  0.10842494  0.03057218 -0.07804852 -0.09447463 -0.04133357
 -0.05034278 -0.13295536  0.1183489  -0.08530293  0.21824245 -0.09322893
 -0.17843388 -0.08608874 -0.07566307  0.16778076 -0.20579401 -0.12652232
 -0.02899408  0.0380168   0.12991302 -0.03210089 -0.00060876  0.02235731
 -0.12507556 -0.31844154 -0.10887074 -0.08892154  0.04067057 -0.06457183
 -0.06866374 -0.01855624 -0.22097845 -0.08288348  0.00549231  0.10027698
 -0.01584261 -0.05502604  0.10833925 -0.00319436 -0.24019341  0.05612406
  0.0432854   0.23204806  0.20361486  0.10282325  0.02991991 -0.13680305
  0.1273177  -0.12818532  0.09420642  0.08928156  0.08936993  0.06311461
  0.02337308 -0.12467792  0.02685699  0.1353557  -0.13026273  0.06020064
  0.10666144 -0.04807799  0.02865783 -0.06140679  0.19890662  0.07227371
 -0.08136396 -0.16651137  0.15557961 -0.14275543 -0.09075516  0.0341325
 -0.12180188 -0.1570037  -0.30027875  0.00390414  0.39332819  0.11788628
 -0.18991183  0.02916795 -0.02658573  0.0065207   0.16808997  0.16599457
  0.00779981  0.05555568 -0.10401135 -0.03823444  0.25437129 -0.06903813
 -0.03499604  0.22019236 -0.0251      0.02890706  0.0350358   0.0033308
 -0.08686062  0.04990852 -0.0922205  -0.06591327  0.04088781 -0.05230016
 -0.04192174  0.12428241 -0.13323061  0.10331149 -0.0106582   0.07959497
 -0.01430702 -0.00587158 -0.05761146 -0.06359769  0.10355874 -0.19966601
  0.22094254  0.19231756  0.03733554  0.09176343  0.12140181  0.08087155
  0.03970548  0.0121937  -0.19018693 -0.03787224  0.09110603 -0.01005612
  0.11697995  0.02570382]