[-1.41299233e-01  9.48075876e-02  1.77570023e-02 -6.95806742e-02
 -1.01167582e-01 -5.69563396e-02 -4.65073399e-02 -1.19722150e-01
  1.34027883e-01 -8.15132186e-02  2.08179280e-01 -7.76354000e-02
 -1.80639014e-01 -8.99092853e-02 -6.37295097e-02  1.83008790e-01
 -2.10590050e-01 -1.35387063e-01 -3.08399703e-02  1.63393226e-02
  1.35301068e-01 -8.71800911e-03 -5.58412727e-03  3.20406221e-02
 -1.16361819e-01 -3.31981510e-01 -9.70120654e-02 -9.91567224e-02
  3.64632457e-02 -4.45841961e-02 -7.33059794e-02  9.61212069e-03
 -2.13361979e-01 -9.83361602e-02  2.33819652e-02  1.13492109e-01
 -2.06754096e-02 -5.34362569e-02  1.20252311e-01 -1.26271322e-02
 -2.33965501e-01  4.28284220e-02  7.48918504e-02  2.40504608e-01
  2.07467511e-01  9.81533453e-02  4.25001830e-02 -1.30858853e-01
  1.20567463e-01 -1.13460258e-01  7.59196207e-02  9.57384780e-02
  9.14583057e-02  8.07060525e-02  3.56658511e-02 -1.30782634e-01
  3.92010026e-02  1.07533313e-01 -1.23022094e-01  4.23653536e-02
  1.15643777e-01 -6.80113956e-02  1.87529251e-02 -6.40182048e-02
  2.28431419e-01  5.04543856e-02 -7.72408471e-02 -1.65102184e-01
  1.46078870e-01 -1.50816426e-01 -1.15634136e-01  2.52546947e-02
 -1.37360677e-01 -1.40547261e-01 -3.13269645e-01 -7.09210429e-03
  3.84525508e-01  1.13952003e-01 -1.82351500e-01  6.64323866e-02
 -3.47565091e-03  4.01466852e-03  1.79184839e-01  1.83822975e-01
  1.01075638e-02  7.02755079e-02 -1.05936326e-01 -2.59856042e-02
  2.48927638e-01 -6.14952706e-02 -3.16140689e-02  2.01826796e-01
 -1.26405424e-02  3.58949490e-02  5.04162982e-02  4.21086838e-03
 -7.65810534e-02  4.18945849e-02 -9.70315710e-02 -5.85162938e-02
  5.46085797e-02 -4.14447002e-02 -2.79126521e-02  1.10027850e-01
 -1.16907798e-01  9.07362327e-02 -1.69323720e-02  9.32776481e-02
 -2.62174495e-02 -6.52797753e-03 -6.01718314e-02 -5.92518337e-02
  9.12388489e-02 -1.84891209e-01  2.25623235e-01  1.76307350e-01
  2.18221303e-02  9.94062275e-02  1.14182405e-01  8.98682326e-02
  1.59798600e-02  1.54618714e-02 -1.99185893e-01 -3.64059843e-02
  9.61680561e-02 -2.64057511e-04  1.41394883e-01  3.65542434e-02]