[-0.17054014  0.14720702  0.02184651 -0.05839675 -0.10777894 -0.06143947
 -0.09285515 -0.1274205   0.1197833  -0.04669792  0.19467668 -0.05154756
 -0.20144378 -0.07159214 -0.08719026  0.15876569 -0.19405435 -0.13051617
 -0.01706831 -0.07075053  0.13578156  0.08308827 -0.02944567  0.01753296
 -0.14780422 -0.35484165 -0.07453709 -0.06937948  0.03738857  0.00852232
 -0.05944681  0.00459997 -0.21797279 -0.08905201  0.06230038  0.12618425
  0.03707532 -0.03850457  0.16279113  0.0244585  -0.18486388  0.10062256
  0.07111888  0.28247726  0.19946808  0.04002319  0.07383318 -0.13052678
  0.0951739  -0.12998366  0.01292779  0.17318816  0.0709392   0.03248768
  0.00456637 -0.14045349 -0.01755163  0.10457506 -0.14104913  0.0068978
  0.12866414 -0.06709565 -0.03201116 -0.09129808  0.20165995  0.04579519
 -0.10917407 -0.17924762  0.1267399  -0.15484107 -0.09642007 -0.0007189
 -0.1340827  -0.13525085 -0.31655306  0.04331162  0.41449809  0.10513463
 -0.19440468  0.11305385 -0.04730562  0.02077805  0.18180984  0.11108515
  0.01237111  0.04337693 -0.08363835  0.034264    0.26264665 -0.02493664
 -0.02933513  0.17745252  0.01982415  0.08640794  0.05005697  0.04810634
 -0.0851737   0.02221303 -0.08036815  0.04527329  0.01742055 -0.05190076
  0.01737276  0.10970455 -0.15046962  0.11469125 -0.00071113  0.03608617
 -0.05261059 -0.00418343 -0.06428541 -0.0148738   0.1270483  -0.22089946
  0.24976864  0.1907319  -0.00831345  0.15887064  0.13033493  0.04633151
  0.00903556  0.02635874 -0.19366688 -0.09670531  0.03631929 -0.04077615
  0.13385445  0.03800638]