[-0.16896603  0.16863357  0.05413346 -0.05766742 -0.12045004 -0.0569709
 -0.07279323 -0.10491085  0.11951498 -0.03203995  0.24258129 -0.05028266
 -0.23174849 -0.11337069 -0.05854076  0.18421689 -0.16611063 -0.11938639
 -0.02514403 -0.04166083  0.14026438  0.0536709  -0.00473735  0.03127435
 -0.12762207 -0.35071179 -0.07895811 -0.02136037  0.02495318 -0.04176423
 -0.08043542  0.01752056 -0.19325672 -0.10468125  0.07731716  0.10401682
  0.00239376 -0.02460704  0.1540556  -0.02237318 -0.20573561  0.06705017
  0.12946139  0.28491917  0.20916222  0.05355383  0.04908047 -0.17540282
  0.10603696 -0.08956288  0.03487054  0.16430631  0.08021675  0.0314337
  0.03548725 -0.13184717 -0.01093076  0.11524998 -0.14591873 -0.00608735
  0.0984449  -0.0645607  -0.04157814 -0.11489167  0.18471169  0.039487
 -0.09385706 -0.23833387  0.12647527 -0.16595954 -0.11844549  0.0515164
 -0.16144101 -0.12458813 -0.39067823 -0.00917748  0.39518982  0.08366867
 -0.20493971  0.08453326  0.00681293 -0.01918099  0.15633734  0.14427517
 -0.04750908  0.05507169 -0.10462152  0.03029761  0.25382933 -0.02662289
 -0.04186457  0.17121378  0.06438202  0.07629518  0.06471653  0.03980548
 -0.09077545 -0.0023526  -0.16633879 -0.02392556 -0.00920903 -0.05288953
  0.00594131  0.14733748 -0.15722635  0.09830633  0.0296118   0.03986114
 -0.07421325  0.01173167 -0.08623755 -0.05445362  0.09995672 -0.19820486
  0.1994734   0.18179786  0.06551344  0.0893444   0.13271795  0.05124745
 -0.0043998   0.02883837 -0.14592938 -0.03795725  0.05931789 -0.06524701
  0.16653052  0.02819483]