[-1.54800296e-01  1.12853818e-01  8.26320276e-02 -5.04033566e-02
 -1.42500907e-01 -8.79504681e-02 -7.11920038e-02 -1.17321849e-01
  1.13099925e-01 -1.17033102e-01  2.04088375e-01 -5.19210473e-02
 -1.62874147e-01 -1.24775441e-04 -6.07516058e-02  1.97332814e-01
 -1.17469586e-01 -1.25612155e-01 -9.04306397e-02 -5.62553369e-02
  6.32416457e-02  1.00465611e-01 -4.60629947e-02  1.67410597e-02
 -1.27045974e-01 -3.66672516e-01 -7.27187917e-02 -3.26806419e-02
  3.54315750e-02  7.60620087e-03 -8.89714658e-02  3.74324545e-02
 -1.58131942e-01 -5.64240478e-02  8.42135325e-02  9.99019369e-02
 -1.33912116e-02  2.84688864e-02  1.38532162e-01  2.49805152e-02
 -2.45938405e-01  7.74916857e-02  1.13224104e-01  2.94128180e-01
  1.97907820e-01  5.15066870e-02  8.01832527e-02 -1.66824445e-01
  9.94969010e-02 -1.66790769e-01  4.73781303e-03  1.31231323e-01
  7.48655200e-02  4.66239564e-02  6.07608855e-02 -1.38593346e-01
 -1.90758314e-02  1.58420786e-01 -1.39830396e-01  7.23032206e-02
  1.46385506e-01 -2.98092812e-02 -7.46728256e-02 -9.54486877e-02
  2.48193547e-01  7.91705996e-02 -1.48709893e-01 -1.83214679e-01
  1.30871460e-01 -1.73647985e-01 -1.03182591e-01  6.45567616e-03
 -1.36432707e-01 -1.48138791e-01 -3.42425436e-01 -4.17951116e-04
  3.85043949e-01  1.15113378e-01 -1.99440166e-01  6.63996339e-02
 -2.52855849e-02  5.33306301e-02  1.66722953e-01  8.95738229e-02
 -6.89026415e-02  2.29855832e-02 -6.60687909e-02  1.22509934e-02
  2.51123667e-01 -1.36058629e-02  2.54171640e-02  1.85026467e-01
  2.22117547e-02  6.80445060e-02 -5.96591225e-03  6.41507208e-02
 -1.49769336e-01 -2.80976649e-02 -1.46536186e-01 -3.34565565e-02
  1.42083215e-02 -3.49448249e-02  4.99848351e-02  1.65464923e-01
 -1.91916376e-01  1.81054696e-01 -4.21307757e-02  7.16690496e-02
 -1.44589751e-03  7.16444775e-02 -5.13476245e-02 -4.91340421e-02
  1.14726476e-01 -1.51346520e-01  1.98821858e-01  1.98772445e-01
  2.22272947e-02  8.45841318e-02  1.49263084e-01  1.75525043e-02
 -2.15219762e-02  5.95945232e-02 -2.08851084e-01 -3.81949209e-02
  4.87122275e-02 -1.12498932e-01  8.95524845e-02  3.34461443e-02]