[-0.19638239  0.09396605  0.07618888 -0.08459949 -0.05892013 -0.0518759
 -0.07761254 -0.12027206  0.13248885 -0.07449465  0.24145482 -0.06775036
 -0.21242905 -0.02988951 -0.10145862  0.20181258 -0.18691653 -0.12581299
 -0.03671809 -0.02248334  0.09819146  0.05655241 -0.0587402   0.02604951
 -0.10847014 -0.35479021 -0.1182464  -0.04984085 -0.03709074  0.01205799
 -0.04884913  0.02840366 -0.20433412 -0.05110613  0.03624462  0.09627267
  0.04091708 -0.01570435  0.14391507  0.01848751 -0.1779146   0.12480229
  0.11765295  0.26511514  0.18970129  0.06172448  0.05715799 -0.1398686
  0.06172726 -0.16483353  0.01627397  0.13950191  0.10581709  0.04772272
 -0.00365535 -0.16627795 -0.02803605  0.1086867  -0.1278874   0.06520107
  0.12515111 -0.06906475 -0.05580197 -0.09186617  0.20291959  0.09554815
 -0.15397033 -0.16795944  0.12502711 -0.12429265 -0.07567207 -0.0229339
 -0.17801908 -0.16751532 -0.34221926  0.06751657  0.40826344  0.08620104
 -0.19719236  0.09840542 -0.03874931  0.0537913   0.11976659  0.10672325
 -0.0358079   0.0087121  -0.07136025  0.0335692   0.22922428  0.00249041
 -0.00831365  0.17754047 -0.01191575  0.06925481  0.00947902  0.0634808
 -0.05328366 -0.00902197 -0.11470617  0.04598349 -0.02899111 -0.03925837
  0.01565486  0.11040916 -0.1515034   0.10452423 -0.00836381  0.02740909
 -0.03927655  0.06928087 -0.06542218 -0.02174414  0.11528831 -0.19962466
  0.21366791  0.19219565  0.01425893  0.13756745  0.13857605  0.09812725
 -0.01731387  0.06765001 -0.19325064 -0.05849593  0.05526752 -0.01844188
  0.13881856  0.05890703]