[-1.29229367e-01  1.87132254e-01  2.06800830e-02 -7.00395182e-02
 -1.30485833e-01 -5.17824069e-02 -1.03548422e-01 -1.70472249e-01
  1.18530564e-01 -1.66061278e-02  2.49829084e-01 -8.95276573e-03
 -1.97806761e-01 -1.27331138e-01 -5.70335500e-02  1.78323388e-01
 -2.48029858e-01 -1.39841482e-01 -8.75857379e-03 -2.39662323e-02
  7.84481391e-02  5.94088808e-02  6.80085346e-02  6.81165159e-02
 -1.17284857e-01 -3.34991515e-01 -4.78860401e-02 -6.02592900e-02
  6.16335757e-02 -1.71407666e-02 -7.77611732e-02  5.13843969e-02
 -2.21232176e-01 -1.35051489e-01  9.40284282e-02  1.50065407e-01
 -1.92277040e-02 -1.61340963e-02  1.83586285e-01  1.78455915e-02
 -1.76874429e-01  6.67630062e-02  1.23468757e-01  3.29552829e-01
  2.45932296e-01  4.66511846e-02  5.33901230e-02 -1.35955557e-01
  1.08781792e-01 -1.23873852e-01  5.86282127e-02  1.47269130e-01
  1.11253910e-01  4.12840135e-02  2.52993554e-02 -1.33397937e-01
 -1.37923229e-02  1.42571881e-01 -1.54411599e-01  2.87882928e-02
  1.34766951e-01 -4.50984426e-02  1.42102840e-03 -1.04130544e-01
  2.28465706e-01  4.89498749e-02 -9.83724371e-02 -1.81446180e-01
  1.04208425e-01 -1.22546293e-01 -1.54939815e-01  5.27701862e-02
 -1.47512197e-01 -1.13404892e-01 -3.45952630e-01 -1.69209260e-02
  3.76667917e-01  8.25814679e-02 -1.77478388e-01  2.97341701e-02
  9.71817691e-03 -4.99044582e-02  1.11538529e-01  1.12569213e-01
 -3.79125737e-02  3.37994918e-02 -9.42036733e-02  3.32928970e-02
  2.45717913e-01 -1.01475827e-02 -3.15366536e-02  2.12256774e-01
  3.65708023e-02  4.81453501e-02  6.47244155e-02  6.40315935e-02
 -8.05680603e-02  5.33526130e-02 -2.03225538e-01 -2.35360768e-02
 -2.77905203e-02 -6.26952797e-02  3.03059462e-02  1.19319715e-01
 -1.59109995e-01  6.83979988e-02  2.01011635e-02  3.88427414e-02
 -4.15776856e-02 -5.57646481e-03 -1.11051343e-01 -6.54818565e-02
  1.34027749e-01 -2.21856907e-01  2.39827156e-01  1.96481183e-01
  7.43169188e-02  8.96801949e-02  1.13849096e-01  3.69628966e-02
  9.48965084e-03  3.27313697e-04 -1.24779038e-01 -6.15984686e-02
  6.97234347e-02 -6.32208213e-02  1.58460364e-01  4.59223650e-02]