[-1.84430242e-01  9.63113382e-02  7.31196329e-02 -7.89210126e-02
 -8.87101293e-02 -5.07361777e-02 -7.63716623e-02 -9.17162076e-02
  1.28870711e-01 -6.84709400e-02  2.49296188e-01 -6.73101172e-02
 -2.09040746e-01 -1.39154447e-02 -1.10919587e-01  2.14571267e-01
 -1.74763501e-01 -1.09063208e-01 -4.64439802e-02 -2.46569533e-02
  1.02321900e-01  7.44032189e-02 -6.31017536e-02  4.41303849e-02
 -1.10055543e-01 -3.55089188e-01 -1.28534839e-01 -6.17031753e-02
 -3.49870175e-02 -7.88821187e-03 -5.06231077e-02  2.52049025e-02
 -1.88162774e-01 -7.31582269e-02  3.45371328e-02  8.36044550e-02
  2.49656178e-02 -1.83393713e-02  1.30017251e-01  3.64519767e-02
 -1.76363721e-01  1.32550478e-01  1.23447396e-01  2.89026350e-01
  2.01397285e-01  7.11222887e-02  6.50787130e-02 -1.19771101e-01
  5.30412495e-02 -1.76786005e-01  1.31883537e-02  1.21941887e-01
  1.03403412e-01  5.57639711e-02  2.70177405e-02 -1.64838433e-01
 -3.30033675e-02  1.15938641e-01 -1.32194549e-01  7.24711567e-02
  1.01600699e-01 -3.99095230e-02 -1.69422422e-02 -8.76704529e-02
  2.07073078e-01  9.39584747e-02 -1.36994556e-01 -1.52946219e-01
  1.33399814e-01 -1.39637023e-01 -7.31326714e-02 -1.68175306e-02
 -1.80087283e-01 -1.68887004e-01 -3.39031279e-01  5.43616302e-02
  4.01169866e-01  1.00087419e-01 -1.88443109e-01  8.99963155e-02
 -2.19822954e-02  4.44301143e-02  1.24578021e-01  8.75213072e-02
 -1.78826451e-02  5.31371590e-03 -7.56401941e-02  3.92538458e-02
  2.36901313e-01 -1.21991290e-02  3.91061039e-04  1.94737136e-01
 -1.00043733e-02  5.08041941e-02  2.57225279e-02  6.39029071e-02
 -6.60032108e-02 -1.11234998e-02 -1.20960154e-01  4.61244956e-02
 -4.34142798e-02 -4.08576503e-02  1.48855066e-02  9.41293463e-02
 -1.37331173e-01  9.11205634e-02 -1.15427924e-02  2.75100060e-02
 -8.18999708e-02  7.20418915e-02 -9.14460048e-02 -5.33260126e-03
  1.39316127e-01 -1.78660423e-01  2.21822888e-01  1.88314632e-01
 -9.10019781e-03  1.21895194e-01  1.35422111e-01  7.42093921e-02
 -2.59801429e-02  4.16216776e-02 -1.72965154e-01 -5.48665933e-02
  5.37282936e-02 -3.87964509e-02  1.40475631e-01  5.60798831e-02]