[-0.12288272  0.1335737   0.04143576 -0.06607299 -0.14726532 -0.05176503
 -0.09471376 -0.13392653  0.11490156 -0.00502462  0.29397628 -0.00986506
 -0.19958489 -0.11346193 -0.04680337  0.18173932 -0.20914613 -0.11019542
 -0.01788677  0.00330832  0.08751466  0.04125968  0.04846361  0.05410008
 -0.07925067 -0.34528533 -0.05371037 -0.02796304  0.03311    -0.01670569
 -0.08287274  0.05129997 -0.19533709 -0.13169317  0.08663518  0.13764742
 -0.0378596  -0.03415867  0.17319283  0.0076162  -0.20148075  0.08069289
  0.1080272   0.26441702  0.22057478  0.08170144  0.05151121 -0.13999437
  0.09758925 -0.17795208  0.06992884  0.16311871  0.13356124  0.01509741
  0.01380821 -0.14532651 -0.03118506  0.14870469 -0.12706822  0.00980061
  0.09753904 -0.03461888 -0.02283555 -0.13260378  0.20562808  0.09076204
 -0.11115515 -0.1566392   0.07606295 -0.08425296 -0.16096118  0.05985421
 -0.17446239 -0.15579198 -0.33107942  0.00482496  0.40859872  0.05834142
 -0.18544999  0.02422449 -0.01118549 -0.00532006  0.08689696  0.09348219
 -0.03661565 -0.00148073 -0.09852047  0.01489485  0.21614213 -0.04855796
 -0.02559931  0.2072852   0.0277472   0.1010407   0.03012859  0.07565685
 -0.02482991  0.06173592 -0.15384884 -0.03175904  0.03547521 -0.04849906
  0.03800565  0.09941602 -0.1922541   0.06100957  0.01469088  0.06510475
  0.03993769 -0.00265315 -0.07587786 -0.05912244  0.12345477 -0.23165663
  0.24288645  0.20679501  0.03637109  0.09977084  0.12062342  0.05383782
  0.00753423 -0.0156658  -0.1459042  -0.04738162  0.07120589 -0.03518336
  0.11900661  0.04425867]