[-0.19371583  0.09323283  0.06074113 -0.08660598 -0.08153461 -0.04971554
 -0.06805827 -0.09797614  0.13624972 -0.07364297  0.24842493 -0.06859855
 -0.21378623 -0.0327832  -0.10419947  0.21729887 -0.16735534 -0.11206196
 -0.06437314 -0.03601355  0.099698    0.07352213 -0.05437921  0.03595577
 -0.113759   -0.35580918 -0.12621389 -0.07330649 -0.02753816 -0.00783439
 -0.04652607  0.01083063 -0.18716431 -0.07804075  0.03060147  0.08346464
  0.01097696 -0.02731708  0.14077929  0.02580501 -0.17704131  0.11659198
  0.13044418  0.27323535  0.19690704  0.06903367  0.0718136  -0.12036667
  0.05985936 -0.17151932  0.01150488  0.11435157  0.09964608  0.06647759
  0.03980052 -0.16065894 -0.03199048  0.12387101 -0.13863483  0.06144191
  0.09353244 -0.03915759 -0.03041701 -0.08663511  0.2115041   0.09711192
 -0.13447882 -0.15735777  0.14458576 -0.14095971 -0.07064503 -0.00870068
 -0.17395225 -0.16723703 -0.33542725  0.05339934  0.39645308  0.10537123
 -0.17376076  0.08939342 -0.02552171  0.03824744  0.12045491  0.0793302
 -0.01541759  0.00853431 -0.07057726  0.03235839  0.23317595 -0.01843456
 -0.00088909  0.18411805 -0.00637472  0.04915306  0.02076867  0.06165144
 -0.07662541 -0.01104924 -0.11173667  0.04121797 -0.029771   -0.03564269
  0.02463439  0.08313327 -0.12538134  0.09710655 -0.00984019  0.02624944
 -0.08507717  0.06846991 -0.08237701 -0.00404499  0.13182749 -0.17785934
  0.22730713  0.18458994 -0.01455198  0.12882188  0.13665812  0.07568447
 -0.02694676  0.04759151 -0.17588054 -0.06328709  0.05431709 -0.02686119
  0.1474027   0.05825419]