[-0.17611352  0.12464889  0.06480877 -0.05696337 -0.13623308 -0.10694865
 -0.08451652 -0.11783024  0.130623   -0.11959626  0.2166113  -0.07245056
 -0.18908019 -0.02792709 -0.0629579   0.20928665 -0.14049488 -0.12653995
 -0.06718061 -0.06295723  0.09616042  0.09188951 -0.04710341  0.04451531
 -0.14023043 -0.37011215 -0.07992379 -0.04300949  0.00113734  0.00147695
 -0.09260418  0.02968713 -0.15879433 -0.07744922  0.06773414  0.10152043
  0.00547777  0.00897726  0.13120984  0.03553915 -0.2486372   0.09725269
  0.11688922  0.27536342  0.18280755  0.05455707  0.08592007 -0.17778197
  0.11304116 -0.1751819   0.0098956   0.14658941  0.06984098  0.04334237
  0.05364913 -0.14643188 -0.02606307  0.15224677 -0.14220755  0.06302558
  0.1492123  -0.02012894 -0.06498034 -0.09190561  0.23281585  0.09656245
 -0.14574729 -0.178093    0.12293216 -0.17413476 -0.11691769  0.02653622
 -0.13989548 -0.16760929 -0.34968001  0.02476042  0.40071198  0.12042772
 -0.19143225  0.06830113 -0.03676911  0.05140675  0.16459475  0.10419334
 -0.04701184  0.02200175 -0.07419176  0.00851335  0.25352603 -0.00523034
  0.00886559  0.20608304  0.0437104   0.094995    0.00780596  0.07178531
 -0.14441334 -0.04008893 -0.13106868 -0.02607667  0.01162163 -0.02979898
  0.02186524  0.13466059 -0.17819102  0.16238268 -0.03402851  0.05337018
 -0.03383086  0.07886089 -0.04452009 -0.03851824  0.09716387 -0.15785109
  0.19984858  0.19432946  0.03606864  0.11068696  0.14953189  0.02319464
 -0.020533    0.03486077 -0.18263613 -0.05292514  0.05968194 -0.08897106
  0.10676634  0.02642213]