[-0.17469744  0.09092034  0.05345966 -0.06279764 -0.11731253 -0.06070188
 -0.09449358 -0.1023884   0.14758502 -0.04397601  0.18011682 -0.02241052
 -0.18810277 -0.07352763 -0.05813465  0.18604241 -0.17005472 -0.15172185
 -0.03992577 -0.05097561  0.065942    0.04582752 -0.00720531  0.0256634
 -0.13135459 -0.32726029 -0.06597845 -0.01818236  0.04074087 -0.01031144
 -0.07351898  0.01553141 -0.21257018 -0.08111139  0.08648841  0.15303643
  0.01260608 -0.01438963  0.17820115  0.02218227 -0.21514423  0.06593133
  0.08333434  0.28109062  0.20173228  0.05974753  0.04249677 -0.12951647
  0.13300455 -0.12892795  0.0272537   0.18925843  0.11749357  0.00551517
  0.00967052 -0.1614434   0.0008507   0.15269834 -0.14835905  0.02160271
  0.09539684 -0.07522258 -0.04857475 -0.0901223   0.18879671  0.07119092
 -0.11094882 -0.19963302  0.12626353 -0.1210224  -0.07564162  0.00291335
 -0.16686015 -0.14410818 -0.35930645 -0.02535249  0.39080435  0.0774758
 -0.22023602  0.09889576 -0.01628053  0.04004106  0.12939475  0.13167426
 -0.0581494   0.0609347  -0.10141978  0.00068943  0.21032803 -0.01938365
 -0.01730108  0.1238328   0.04077119  0.08048967  0.03079165  0.03085386
 -0.10102015 -0.00779338 -0.14242147 -0.03946859 -0.00550065 -0.02146793
  0.05502308  0.11501464 -0.16510679  0.13060297  0.03244935  0.0455449
 -0.04886225  0.04580141 -0.04437689 -0.06078574  0.10472015 -0.19614819
  0.22155641  0.20508604 -0.00346948  0.13790658  0.13419342  0.07171287
 -0.02013668  0.08188502 -0.12956494 -0.05893692  0.00653844 -0.04523652
  0.166318    0.05974079]