[-1.42803475e-01  1.40899882e-01  8.16523470e-03 -6.80543333e-02
 -8.79163891e-02 -5.42086251e-02 -9.04831216e-02 -1.25054821e-01
  1.64278507e-01 -5.49034439e-02  1.98889017e-01 -7.51480386e-02
 -2.50849396e-01 -8.85371491e-02 -1.24086678e-01  1.87944874e-01
 -2.23270535e-01 -1.24436498e-01  1.11127540e-03 -4.68212925e-02
  1.11691192e-01  8.21217522e-02 -1.49513008e-02  4.87771519e-02
 -7.45935515e-02 -3.88288558e-01 -9.14219096e-02 -5.04153930e-02
  9.69796441e-03 -3.14346179e-02 -2.37714592e-02  3.55467796e-02
 -2.10383341e-01 -8.34515318e-02  5.08463383e-02  1.02255069e-01
  1.87131632e-02 -2.29911245e-02  1.78743348e-01  1.13922060e-02
 -1.70859680e-01  5.88523224e-02  1.10829949e-01  2.71608561e-01
  1.88495114e-01  6.91291466e-02  3.48949283e-02 -1.57047585e-01
  7.64553770e-02 -1.11105442e-01 -7.62407621e-03  1.92292601e-01
  4.15813215e-02  3.81923281e-02 -1.00564957e-02 -1.69515759e-01
 -5.19407354e-02  1.29863247e-01 -1.36734784e-01  1.74057987e-02
  9.22459364e-02 -9.19993594e-02 -6.49925843e-02 -9.38731208e-02
  2.03750208e-01  3.84954624e-02 -1.14589393e-01 -1.96177036e-01
  1.63485959e-01 -1.70148373e-01 -1.01700269e-01 -1.26765287e-02
 -1.32994801e-01 -1.43673345e-01 -3.26672047e-01  1.81686729e-02
  3.84715647e-01  7.32907429e-02 -1.57450810e-01  1.30585834e-01
 -1.37263034e-02  3.06757586e-03  1.33264154e-01  1.35599062e-01
 -2.12960150e-02  3.48631702e-02 -6.56465590e-02  2.54559759e-02
  2.04421386e-01  1.98188680e-03 -3.02587599e-02  1.57793835e-01
 -1.93866938e-02  1.05769776e-01  5.72548173e-02  2.60030776e-02
 -7.30308965e-02  2.97237765e-02 -1.51908070e-01  2.52943933e-02
 -1.04504940e-03 -6.05289526e-02  1.48074059e-02  8.81116465e-02
 -1.23151682e-01  9.16874707e-02  3.46269794e-02  1.27440095e-02
 -4.37913202e-02  2.90095638e-02 -9.32237953e-02 -1.91438738e-02
  1.62598655e-01 -2.24593550e-01  2.87447423e-01  1.73930526e-01
  3.54668014e-02  1.79778337e-01  1.45805746e-01  1.01449989e-01
 -3.20779160e-04  1.10691634e-03 -1.85804546e-01 -7.38967210e-02
  5.10057025e-02 -3.16682272e-02  1.58736676e-01  2.46450808e-02]