[-0.17020115  0.08658233  0.02521319 -0.07163843 -0.11233492 -0.0346337
 -0.0822986  -0.11332057  0.14392953 -0.06244247  0.21671763 -0.07431867
 -0.23737125 -0.0695404  -0.12787458  0.21259165 -0.20849264 -0.14150091
 -0.02119805 -0.02980512  0.08285213  0.06296603 -0.02229425  0.05535683
 -0.07223343 -0.38544184 -0.08470075 -0.03513609 -0.02023608 -0.02355362
 -0.0435767   0.0592948  -0.23634246 -0.09191473  0.05069964  0.13781433
  0.01432247 -0.01549824  0.15351881  0.01697536 -0.17804521  0.09950433
  0.13269016  0.2932491   0.19596295  0.0711385   0.02815816 -0.14502408
  0.06743416 -0.15472649 -0.00600121  0.1675965   0.09359648  0.02992313
 -0.01787618 -0.16149859 -0.00646685  0.10949383 -0.10823667  0.02868913
  0.11850753 -0.08023005 -0.05570098 -0.09903145  0.20443831  0.03300119
 -0.11068165 -0.19689125  0.12036755 -0.14409316 -0.1070583  -0.00566728
 -0.16264199 -0.15552013 -0.36857128  0.02555914  0.39922827  0.08636596
 -0.17515317  0.12725331 -0.01067811  0.04987845  0.12428071  0.11980599
 -0.0301845   0.02762561 -0.10231473  0.03755533  0.20398426 -0.00281652
 -0.02628961  0.15331613  0.00730176  0.08950041  0.04866787  0.04330499
 -0.05182904  0.02844603 -0.16791759  0.02856349 -0.00376324 -0.03251591
  0.02574403  0.09039198 -0.14501289  0.0893953   0.00114299  0.02360406
 -0.02828144  0.03939432 -0.09855192 -0.0164299   0.13515007 -0.22867513
  0.23656297  0.20461772  0.03667174  0.14772193  0.165051    0.09015311
 -0.02398904  0.04363262 -0.19640653 -0.06594869  0.05446066 -0.03486617
  0.15427151  0.05056985]