[-0.12341467  0.13772407  0.03867546 -0.06746903 -0.14166994 -0.04259394
 -0.10797232 -0.13178158  0.1219772  -0.01648647  0.28284189 -0.01507062
 -0.19881223 -0.09778856 -0.0635403   0.18335576 -0.23135434 -0.11442752
 -0.00900665 -0.00567526  0.0870207   0.06197925  0.02587038  0.04693943
 -0.07787649 -0.34641609 -0.04376746 -0.03073258  0.03552139 -0.0094655
 -0.06900038  0.05784251 -0.18840048 -0.11731675  0.09666086  0.14182945
 -0.02490848 -0.02034262  0.1697899  -0.00494699 -0.19991396  0.08013567
  0.11957543  0.27035329  0.22604728  0.07195327  0.04182891 -0.14049447
  0.10234419 -0.16367625  0.05207619  0.17060776  0.13660793  0.02993235
  0.00913188 -0.13995436 -0.03477864  0.14761011 -0.12461634  0.01339922
  0.10494814 -0.05071771 -0.00981934 -0.11834075  0.20523046  0.07110036
 -0.11531068 -0.17591859  0.08475021 -0.10043044 -0.17842726  0.04653572
 -0.16748214 -0.14126401 -0.34227988 -0.0084101   0.40478539  0.04882963
 -0.17797957  0.04905451  0.00359014 -0.01632254  0.08779419  0.10685197
 -0.0366341  -0.00333211 -0.08347782  0.01501468  0.23037449 -0.03473622
 -0.03130675  0.19199537  0.01659893  0.09587494  0.03636361  0.0789123
 -0.02119811  0.05833932 -0.15262181 -0.02220763  0.01723817 -0.05295566
  0.03984724  0.10795072 -0.18785925  0.0749651   0.01057722  0.07394847
  0.03535332  0.01655491 -0.07324641 -0.04921746  0.13772225 -0.23257802
  0.25661722  0.19893999  0.04919986  0.10418004  0.11874651  0.05297924
  0.01030068 -0.00639904 -0.15217859 -0.06455569  0.05330097 -0.04044005
  0.12686561  0.0529008 ]