[-0.14265671  0.13893013  0.01136038 -0.07054114 -0.0828545  -0.05629472
 -0.08592283 -0.12752777  0.16791862 -0.06466743  0.19125877 -0.07314451
 -0.25345784 -0.07746395 -0.13313331  0.18274198 -0.22187248 -0.11999319
  0.00564555 -0.04744537  0.12049899  0.08588057 -0.01913374  0.04120653
 -0.06633285 -0.37485805 -0.092716   -0.03864514  0.00889149 -0.0364479
 -0.02116143  0.03825661 -0.20765975 -0.07408496  0.04925024  0.10661612
  0.02075943 -0.01543795  0.17735784  0.0168047  -0.16985503  0.06198103
  0.10048392  0.27255344  0.18567854  0.07263671  0.02552907 -0.16626303
  0.07692312 -0.11213025 -0.008261    0.19635783  0.04040248  0.03121736
 -0.01107811 -0.17238317 -0.05414931  0.12720101 -0.14203304  0.02462181
  0.10003314 -0.10132221 -0.06568118 -0.09488599  0.1895261   0.03410254
 -0.11650379 -0.19707577  0.17155059 -0.17706551 -0.09792655 -0.00884564
 -0.12448774 -0.15165031 -0.31531879  0.01783012  0.38526079  0.08335799
 -0.15240739  0.13178189 -0.01195196  0.00229917  0.13779081  0.13895611
 -0.02301212  0.04048759 -0.06381367  0.02464328  0.19900911  0.00539865
 -0.03459215  0.16220959 -0.02004242  0.10513376  0.05368022  0.02000869
 -0.07083238  0.02891496 -0.15687078  0.01875216 -0.00904768 -0.07239541
  0.01382589  0.09096567 -0.12089684  0.09721338  0.0286967   0.00924547
 -0.04938974  0.02728585 -0.09299798 -0.01332651  0.16414036 -0.22902356
  0.2834951   0.17775524  0.03807903  0.18149005  0.1449706   0.10757251
  0.00776646 -0.00326835 -0.18660523 -0.07693177  0.04538284 -0.02953397
  0.16186124  0.02331542]