[-0.16921778  0.08650803  0.02443067 -0.06893013 -0.12012517 -0.03288128
 -0.07765005 -0.10642069  0.14638898 -0.05960134  0.21003297 -0.07755829
 -0.2329731  -0.06940924 -0.12649605  0.2143586  -0.20891634 -0.14571647
 -0.02148551 -0.03503414  0.08135246  0.06005959 -0.02613262  0.05495533
 -0.07349887 -0.39063305 -0.08401403 -0.03472367 -0.01334163 -0.03228889
 -0.04084526  0.0641542  -0.23882878 -0.09440172  0.05302976  0.14053215
  0.01296105 -0.01693942  0.1543154   0.01852508 -0.17451164  0.09963918
  0.13316816  0.29488999  0.19427255  0.06971705  0.02978085 -0.14791018
  0.06808156 -0.15117793 -0.00617139  0.17241965  0.08208595  0.03908331
 -0.01731656 -0.1573817  -0.00861949  0.1139164  -0.10950188  0.034142
  0.12040857 -0.07843684 -0.05443441 -0.10307548  0.21014221  0.02998724
 -0.11136635 -0.19795369  0.12536226 -0.14104949 -0.10465884 -0.00759519
 -0.1585774  -0.15110181 -0.36274627  0.03436182  0.40663132  0.08364287
 -0.17444696  0.12170362 -0.01551376  0.04079568  0.12165054  0.1220484
 -0.02976029  0.02251239 -0.09724579  0.04167566  0.20616849  0.00364961
 -0.02188725  0.15094112  0.00729926  0.08821862  0.04790092  0.04677989
 -0.05977539  0.03055556 -0.16853498  0.02501298 -0.00624816 -0.04025142
  0.02478365  0.0936256  -0.1387136   0.09201814  0.00239075  0.02173811
 -0.03335771  0.04217911 -0.10022942 -0.01628003  0.13606295 -0.23090421
  0.24330831  0.20309249  0.03969027  0.14822531  0.16293547  0.09659355
 -0.02217     0.03949687 -0.19076988 -0.06195417  0.05241795 -0.03244573
  0.1477706   0.05066825]