[-0.1005283   0.06936305  0.07622595 -0.01394059 -0.09077785 -0.04536636
 -0.08462472 -0.12843244  0.11272311 -0.07091833  0.24753201 -0.00799754
 -0.17956288 -0.10099963 -0.03892006  0.15622373 -0.16240542 -0.08503021
  0.00084805  0.02004925  0.03076362 -0.0590055   0.09200986  0.03397324
 -0.09870191 -0.32502484 -0.12565973 -0.10858579 -0.02823853 -0.02996053
 -0.06036163  0.024836   -0.15689956 -0.02610053 -0.01788201  0.07410447
 -0.04371333 -0.04267069  0.20528153 -0.0216223  -0.18027039 -0.03588365
  0.02053056  0.22871824  0.19395564  0.0664133   0.04861743 -0.03918645
  0.07887441 -0.20132378  0.04885794  0.09274938  0.10476889 -0.00576986
  0.00137888 -0.12694417  0.0214752   0.06771541 -0.08030772 -0.0009063
  0.05358619 -0.07483713 -0.04712104 -0.03144902  0.29380694  0.12216961
 -0.12102281 -0.11395915  0.10458379 -0.11398344 -0.08072645  0.0207686
 -0.18281502 -0.17282675 -0.34893033  0.01469504  0.40368748  0.06588539
 -0.1637162   0.01327157 -0.07957215  0.03134705  0.09490962  0.09716295
 -0.07235999  0.02280233 -0.1401038  -0.00858615  0.21500997 -0.12055927
 -0.05288972  0.15878835 -0.01069976  0.11199142 -0.01282718 -0.01276954
  0.02303261  0.05571492 -0.12654446  0.05595839  0.07659876 -0.02081626
 -0.00102034  0.0993464  -0.18259297  0.02248315  0.02643232  0.00130427
  0.040429    0.01001612 -0.21785279 -0.09792637  0.14312778 -0.23102923
  0.17852436  0.21046057  0.05214496  0.0997275   0.15544872  0.0645185
 -0.00515066  0.01562155 -0.16563646 -0.00663831  0.11127803 -0.00793182
  0.06689493  0.03799273]