[-0.04852339  0.06919105  0.00841392 -0.10659062 -0.12486958 -0.01622405
 -0.04642189 -0.10706557  0.16383266 -0.1024169   0.25433999 -0.05399938
 -0.18410702 -0.11174877 -0.06871832  0.18315944 -0.20835553 -0.11529248
 -0.00471748  0.05178549  0.10403933  0.00715898  0.05013884  0.04339484
 -0.05872632 -0.36223319 -0.11171824 -0.05341871  0.01509611 -0.01993332
 -0.08170312  0.06944349 -0.20653684 -0.08386278  0.02768193  0.04542416
 -0.0390933  -0.0529213   0.18055895  0.00882815 -0.22167169 -0.00274104
  0.04258096  0.23129562  0.18061607  0.04063893  0.02189005 -0.12647735
  0.05967934 -0.16726229  0.0626258   0.12448374  0.10494321  0.03012608
 -0.04000822 -0.11272115  0.01311957  0.1037389  -0.10736956 -0.01013038
  0.10661151 -0.07888849 -0.04919831 -0.08096162  0.27499637  0.09388658
 -0.10059967 -0.19478236  0.14593057 -0.07711243 -0.08383773  0.0433083
 -0.17252102 -0.1490076  -0.25357649 -0.00329738  0.37385538  0.07247283
 -0.1857063   0.02556958 -0.10338185  0.03610536  0.12553744  0.10728993
 -0.02078801  0.04728933 -0.11034625  0.03567203  0.20153569 -0.11713388
 -0.04866453  0.22923675  0.00888916  0.09782889  0.04542275  0.0028999
  0.01110439  0.09373911 -0.163444    0.01964206  0.08768492 -0.02463073
  0.00206567  0.13725428 -0.13783601  0.08244721  0.00905732  0.04458094
  0.06609108 -0.0409525  -0.11586712 -0.10324508  0.11749494 -0.20160596
  0.19575779  0.13638231  0.08399394  0.11036064  0.12043595  0.09094443
  0.00208844 -0.07183003 -0.23233481  0.02751557  0.14418249 -0.00704771
  0.09762118  0.01569591]