[-0.10274182  0.04418907  0.06948524 -0.01000332 -0.05914769 -0.0040781
 -0.03337364 -0.10276826  0.1609942  -0.09504631  0.22960892  0.01179207
 -0.19952081 -0.11815587  0.03123912  0.11189401 -0.08652486 -0.08161908
 -0.04056697 -0.03250133 -0.01036877 -0.00352645  0.10878595  0.01493572
 -0.14857183 -0.34420186 -0.13277438 -0.12917593  0.04648378 -0.03757004
 -0.07070106  0.02745947 -0.16348396 -0.02891447  0.00382534  0.09157448
 -0.08344314 -0.05298261  0.24298482  0.02728963 -0.15894797 -0.06844243
 -0.03539808  0.21887842  0.19107543  0.02194376  0.02099396 -0.06120257
  0.0419178  -0.1712631   0.10026687  0.12887344  0.09135828  0.03230357
  0.02218139 -0.1326153   0.0067042   0.0629233  -0.11661758  0.00209016
  0.012734   -0.03557664 -0.08457365 -0.00410119  0.24060419  0.14990096
 -0.10295378 -0.11390852  0.1504821  -0.13595004 -0.01629308  0.06073086
 -0.18783943 -0.1814713  -0.25105166  0.02215123  0.39052162  0.10830627
 -0.2081091  -0.04436062 -0.09482565 -0.02601389  0.11034634  0.08115701
 -0.08643292 -0.00195366 -0.07169346  0.03145943  0.19654056 -0.07142895
 -0.07720117  0.17600273  0.00525598  0.10793427  0.02816261 -0.04425979
  0.00371483  0.00061189 -0.14881706 -0.03374657  0.10064194 -0.04424528
  0.00246952  0.12730096 -0.18488501  0.12471753  0.08203947 -0.03540407
  0.07734669  0.00561284 -0.19780813 -0.07626887  0.1971249  -0.17551716
  0.20935285  0.18216376  0.0467799   0.11247404  0.14158815  0.06935128
 -0.00718094 -0.00354395 -0.17339611  0.00889925  0.07912429 -0.02199828
  0.08115312  0.00543723]