[-9.63537917e-02  5.64289801e-02  6.58444986e-02 -1.82379652e-02
 -8.84252116e-02 -5.04720509e-02 -9.04505551e-02 -1.28320992e-01
  1.34808645e-01 -1.27996802e-01  2.03689575e-01 -1.95654873e-02
 -1.99058175e-01 -8.65610614e-02 -5.27450517e-02  1.62883341e-01
 -1.66735336e-01 -1.02018200e-01 -5.32200653e-03  2.06508692e-02
  6.26572520e-02  6.17720373e-03  3.62189151e-02  9.02380608e-03
 -9.16121528e-02 -3.39719415e-01 -1.38999447e-01 -9.33935046e-02
 -1.48251429e-02 -1.61854979e-02 -1.12900153e-01  2.36900765e-02
 -1.49711683e-01 -4.77395914e-02  1.26934638e-02  1.08963691e-01
 -6.29545450e-02 -8.10252875e-02  1.79153427e-01 -1.47449421e-02
 -1.98175222e-01 -2.46194731e-02  3.44099738e-02  2.35386878e-01
  2.06882402e-01  8.23831633e-02  2.37598252e-02 -6.68090582e-02
  1.17210448e-01 -2.06343517e-01  6.66753277e-02  9.72814187e-02
  1.03447869e-01  4.16764654e-02  3.64426449e-02 -1.45422265e-01
  1.15008894e-02  7.71838948e-02 -8.82307217e-02 -1.43326847e-02
  4.07534502e-02 -8.57506320e-02 -5.87181514e-03 -4.24746163e-02
  3.06983620e-01  1.13622956e-01 -1.21014319e-01 -1.05728425e-01
  1.27658501e-01 -1.49342269e-01 -8.55922252e-02  1.02502871e-02
 -1.75064817e-01 -1.66332364e-01 -3.15853298e-01  1.32711381e-02
  4.10835952e-01  9.89990532e-02 -1.57712325e-01  3.65852825e-02
 -3.73789445e-02  2.39372996e-04  1.46400526e-01  1.48842558e-01
 -2.96693649e-02  4.19978425e-02 -1.14260368e-01 -8.75683036e-03
  2.64720529e-01 -1.19782127e-01 -6.73668459e-02  1.70152411e-01
 -1.92506704e-02  1.14194326e-01  1.37184039e-02 -3.83280218e-02
 -1.37828442e-03  2.17636526e-02 -1.30499229e-01  1.39033785e-02
  9.42779258e-02 -9.10266675e-03 -2.42903307e-02  1.29056945e-01
 -1.28856584e-01  4.59439680e-02  1.70016121e-02  1.67020746e-02
  3.43797766e-02 -4.06044275e-02 -1.88498408e-01 -7.63133317e-02
  1.33915395e-01 -2.03964263e-01  2.04336643e-01  1.57695249e-01
  3.99735942e-02  1.25116542e-01  1.31288782e-01  5.60855940e-02
  7.95714837e-03 -1.17740547e-02 -1.97519913e-01 -3.23490798e-02
  1.44189566e-01  1.48126185e-02  1.18228853e-01  1.72362532e-02]