[-2.58462429e-02  5.74149787e-02  1.98329780e-02 -7.00813755e-02
 -8.71913433e-02 -4.66169119e-02 -5.84484302e-02 -1.16308883e-01
  1.53190210e-01 -1.09363712e-01  2.54135132e-01 -5.41252978e-02
 -1.60193861e-01 -1.33229911e-01 -4.83749360e-02  1.29600257e-01
 -1.89277351e-01 -1.12774551e-01  5.65968547e-03  1.22590959e-02
  1.21249609e-01 -1.80696379e-02  3.21515948e-02 -1.36606031e-04
 -7.73901939e-02 -3.27851504e-01 -1.33753553e-01 -5.10425866e-02
  5.38585559e-02 -3.52784735e-03 -4.76053134e-02  3.91323343e-02
 -2.13679433e-01 -9.17384997e-02  8.11511301e-04  3.93782668e-02
 -4.27127518e-02 -5.90022281e-02  1.60228238e-01  2.74919765e-03
 -1.71281442e-01 -6.41548261e-03 -2.32089753e-03  2.16693118e-01
  1.86275363e-01  6.55440912e-02  1.66147500e-02 -1.18257180e-01
  7.48724863e-02 -1.71344265e-01  4.27127406e-02  1.31828502e-01
  1.21068619e-01  6.06540404e-02 -3.26625779e-02 -1.12736881e-01
  5.44726551e-02  7.77516663e-02 -1.06741905e-01 -2.02900898e-02
  7.04806075e-02 -7.68320933e-02 -2.05854531e-02 -4.28457521e-02
  2.72672147e-01  5.62851503e-02 -8.76904652e-02 -1.73774317e-01
  1.39669418e-01 -8.26597512e-02 -8.34010094e-02  5.23017421e-02
 -1.49664298e-01 -1.37589172e-01 -2.79645294e-01  1.29111698e-02
  3.80057544e-01  6.32905737e-02 -1.86243370e-01  3.08660455e-02
 -1.20736755e-01  3.44991647e-02  1.24447308e-01  8.02032873e-02
 -2.74718683e-02  2.27437392e-02 -1.46368906e-01  6.74350420e-03
  2.04610780e-01 -1.39347479e-01 -5.83927408e-02  2.11499244e-01
  5.45831257e-03  1.27012357e-01  3.39783877e-02  9.84655507e-03
 -1.17122121e-02  1.05939522e-01 -1.14407480e-01  1.36749092e-02
  1.29318982e-01 -1.08672930e-02 -8.32446013e-03  1.40600845e-01
 -1.38680682e-01  1.21021807e-01  1.12023009e-02  4.35533933e-02
  5.61650284e-02 -7.24030361e-02 -1.10251449e-01 -7.78517053e-02
  1.11482218e-01 -2.20082194e-01  1.89705536e-01  1.53369918e-01
  7.86646307e-02  1.28000796e-01  1.15420856e-01  6.91040531e-02
 -1.90548748e-02 -6.59006760e-02 -2.31866792e-01  4.75410745e-03
  8.50474313e-02  5.52943349e-03  5.19342683e-02  2.48709898e-02]