[-0.10006373  0.0696811   0.07907183 -0.01658127 -0.08250955 -0.03527083
 -0.09184181 -0.11927725  0.15307373 -0.13604406  0.21158345 -0.01348768
 -0.20460215 -0.07601124 -0.04686822  0.14326924 -0.14744008 -0.11804527
  0.00930604  0.0241729   0.07804787  0.02027822  0.04766284  0.00705892
 -0.10789508 -0.33188841 -0.14090256 -0.07835453  0.00685473 -0.01300814
 -0.12806743  0.00432523 -0.14890401 -0.05898044  0.01483528  0.09939863
 -0.0665011  -0.07901158  0.18578593 -0.00852267 -0.2123045  -0.02382372
  0.014235    0.23698233  0.20380874  0.08047507  0.01549703 -0.09567724
  0.09009441 -0.1978413   0.08430382  0.12489273  0.11020114  0.05042295
  0.03314836 -0.12715329  0.0058103   0.09201129 -0.090647   -0.01326576
  0.04238715 -0.05116132  0.0181412  -0.0505176   0.28776431  0.10599917
 -0.12449741 -0.10849953  0.12642398 -0.14895682 -0.10371985  0.03871302
 -0.16821073 -0.18044093 -0.30142757  0.01228852  0.42456952  0.11125793
 -0.16661631  0.0291581  -0.03244823 -0.01786689  0.14435516  0.15633443
 -0.04501541  0.04336788 -0.09080914 -0.00803142  0.26399827 -0.09439088
 -0.08507766  0.17428873  0.00156721  0.12184192  0.03692495 -0.00669825
  0.01263556  0.0223022  -0.14178799  0.00590214  0.07585319 -0.00761702
 -0.03016773  0.1447558  -0.13365766  0.07782602  0.02829839  0.00599469
  0.03651242 -0.02534719 -0.16701962 -0.07335085  0.13056824 -0.21575193
  0.18777877  0.160394    0.05413835  0.12573616  0.12552425  0.05494112
  0.01811432 -0.01680581 -0.19569106 -0.03920994  0.13679598 -0.00259491
  0.13292442  0.02167699]