[-9.42237303e-02  7.73434043e-02  5.89584224e-02 -1.98165476e-02
 -9.17364284e-02 -4.08098809e-02 -8.49548429e-02 -1.31074265e-01
  1.25066921e-01 -6.53889999e-02  2.46541172e-01  8.67770705e-03
 -1.80032179e-01 -1.01938896e-01 -4.71583493e-02  1.45350322e-01
 -1.60556108e-01 -9.14094001e-02  4.63209813e-03  1.92279611e-02
  3.17861140e-02 -5.93949370e-02  8.32988843e-02  3.24029587e-02
 -1.16306521e-01 -3.25268835e-01 -1.24443904e-01 -1.00439213e-01
 -3.64634283e-02 -4.58678566e-02 -5.52411862e-02  2.62942147e-02
 -1.69149563e-01 -4.01574820e-02 -8.61282833e-03  8.08619559e-02
 -4.07642946e-02 -4.40935455e-02  2.01088950e-01 -8.63454025e-03
 -1.61838219e-01 -2.91135851e-02  1.89500954e-02  2.35392526e-01
  1.91815093e-01  6.63159117e-02  5.43818139e-02 -4.63878065e-02
  8.66055861e-02 -1.92468882e-01  4.75621037e-02  8.58448669e-02
  9.99800190e-02 -3.25620477e-03  2.30143149e-03 -1.25265524e-01
  1.94416065e-02  8.33003074e-02 -8.73734877e-02  1.39791821e-03
  4.87491786e-02 -7.49484152e-02 -5.67004941e-02 -3.54188345e-02
  2.84897864e-01  1.21828198e-01 -1.16648674e-01 -1.23866998e-01
  1.06018834e-01 -1.11315869e-01 -9.56085995e-02  1.11088827e-02
 -1.70631856e-01 -1.71260595e-01 -3.48829836e-01  2.53376570e-02
  4.09715027e-01  8.00872371e-02 -1.71599507e-01  1.42205507e-02
 -6.85503855e-02  2.44421363e-02  9.06490088e-02  8.83064270e-02
 -7.41687641e-02  2.44522486e-02 -1.39510050e-01 -6.30555442e-03
  2.23457456e-01 -9.11612734e-02 -6.51327670e-02  1.44494832e-01
 -1.93976313e-02  1.16768301e-01 -3.31807369e-03 -1.28382863e-02
 -2.93877732e-04  6.33112118e-02 -1.31390452e-01  4.19331081e-02
  7.81448781e-02 -1.58496387e-02 -1.80146995e-03  1.16135620e-01
 -1.73913538e-01  3.76637466e-02  1.69604663e-02 -6.89744670e-03
  3.18374783e-02  1.26028275e-02 -2.13538647e-01 -8.59151259e-02
  1.36839673e-01 -2.35991001e-01  1.88978270e-01  2.03441009e-01
  5.47641218e-02  1.03430055e-01  1.55788347e-01  5.40874116e-02
 -1.86850884e-04  3.01567744e-02 -1.72913358e-01 -2.45196372e-02
  1.05148256e-01 -1.19073419e-02  8.84328410e-02  2.78110504e-02]