[-0.07767352  0.05676714  0.04466784 -0.05018433 -0.08696582 -0.01470639
 -0.0694821  -0.15796345  0.12761019 -0.0909714   0.26771304 -0.05946612
 -0.16686459 -0.12437623 -0.07057583  0.15367471 -0.187793   -0.12724754
 -0.01284098 -0.00483033  0.09231723 -0.01331845  0.05124445 -0.005803
 -0.10312654 -0.33525264 -0.13642402 -0.04400231  0.02821869 -0.00074459
 -0.0508255   0.03280608 -0.2197725  -0.07284538  0.02714764  0.05914801
 -0.01544166 -0.05358106  0.1706448  -0.00816851 -0.20986299  0.04915826
  0.01661474  0.23675095  0.16499479  0.06822972  0.02925358 -0.15555127
  0.10123128 -0.11082496  0.06705388  0.15820752  0.0802202   0.04086221
 -0.05675548 -0.13462459  0.01227508  0.11550299 -0.09874599 -0.01172133
  0.0780552  -0.07314561 -0.02549971 -0.10816049  0.19060679  0.05969542
 -0.1108886  -0.21046424  0.11505687 -0.07605548 -0.05906988  0.05949557
 -0.20170788 -0.18358986 -0.33466759  0.03788988  0.42263874  0.03878464
 -0.17249219  0.03453903 -0.05856655  0.04208587  0.12073302  0.15928014
 -0.01013061  0.05782511 -0.08731099  0.00641333  0.19320187 -0.11267821
 -0.08374456  0.19417939 -0.01808932  0.0994262   0.03218156  0.06341448
 -0.00721248  0.09963565 -0.11272138  0.04634292  0.05508397 -0.0290691
  0.00060164  0.09936628 -0.13849954  0.12003626  0.02081184  0.05623446
  0.01983441 -0.04784713 -0.0889159  -0.07748741  0.11793774 -0.27329311
  0.19514726  0.20569177  0.07856915  0.16220559  0.12868729  0.10519668
 -0.01356942  0.00354839 -0.21016796 -0.00835523  0.08195108  0.01491619
  0.07410581  0.03296134]