[-0.10174201  0.04828683  0.02435872 -0.05573529 -0.07651428 -0.04355113
 -0.06610384 -0.17389475  0.12680972 -0.07321765  0.25595415 -0.07678363
 -0.15429032 -0.13984083 -0.07368327  0.15049885 -0.18844135 -0.13724488
 -0.00688754 -0.01880993  0.06774934 -0.03074431  0.03923131  0.03631492
 -0.10102756 -0.3340722  -0.14539996 -0.0662578   0.00731958  0.00418899
 -0.03896817  0.0620671  -0.21592629 -0.08435048  0.02396775  0.07859652
 -0.01328017 -0.05368944  0.17254938 -0.01162769 -0.1925807   0.02528181
  0.02230988  0.24598174  0.1613075   0.0652998   0.02890526 -0.12814508
  0.10161956 -0.09533034  0.04811296  0.16325139  0.07970288  0.04146395
 -0.0633397  -0.13101749  0.03643482  0.08963629 -0.11238543 -0.03611697
  0.06503505 -0.09852184 -0.03804849 -0.09539887  0.20113769  0.07544447
 -0.09460379 -0.19953851  0.13612488 -0.09019725 -0.06562849  0.04756599
 -0.19858627 -0.17882191 -0.34278664  0.04076895  0.40857315  0.04505292
 -0.1684522   0.05470812 -0.05573717  0.04147814  0.1153269   0.15051103
 -0.02563     0.06971931 -0.09845877 -0.008317    0.18158495 -0.09034325
 -0.08788106  0.16848643 -0.01841089  0.09298333  0.06295248  0.05276613
  0.00127934  0.09490291 -0.11240198  0.05727083  0.07138027 -0.02577675
 -0.00455479  0.08257482 -0.13487554  0.11754145  0.02963193  0.04334455
 -0.00884093 -0.04640224 -0.09719657 -0.07484501  0.12588905 -0.26701841
  0.19040407  0.19265632  0.07084216  0.17882596  0.12595402  0.10517938
 -0.035882   -0.00518569 -0.1957037  -0.02048254  0.09709603  0.02095774
  0.0839703   0.03816843]