[-7.85212144e-02  1.21410586e-01  7.72588849e-02 -1.83319189e-02
 -7.99559727e-02 -4.65639532e-02 -2.04263069e-03 -1.25264257e-01
  1.12466134e-01 -2.94889659e-02  2.64659435e-01 -3.24537940e-02
 -2.15714812e-01 -9.20647830e-02 -4.52542416e-04  1.77685469e-01
 -1.71620741e-01 -5.38770035e-02 -9.06980038e-02 -3.63326408e-02
  6.25806302e-02 -4.06201780e-02  3.09134480e-02  2.85919067e-02
 -1.12429813e-01 -3.18963975e-01 -8.38665515e-02 -5.65545857e-02
  3.83125655e-02 -1.64897200e-02 -1.18052296e-01  3.29790302e-02
 -1.67697176e-01 -1.59710094e-01  8.35122243e-02  4.86660264e-02
 -4.90320809e-02 -5.68629578e-02  1.94712967e-01  6.59698388e-03
 -1.80916652e-01  6.00791946e-02  4.60082181e-02  2.78399795e-01
  2.55174875e-01  9.23154652e-02  2.40681712e-02 -1.04629211e-01
  1.56587824e-01 -2.31705770e-01  8.58474150e-02  9.87119600e-02
  7.38779306e-02  3.94049697e-02  3.58955748e-02 -1.20763637e-01
  1.75363093e-03  1.06547236e-01 -1.95902303e-01  3.64548271e-03
  7.62105212e-02 -1.45892918e-01 -3.47943604e-02 -7.34470710e-02
  1.85045972e-01  1.35838360e-01 -7.95231089e-02 -1.18497811e-01
  1.71290964e-01 -1.30014300e-01 -5.07647060e-02 -2.75079794e-02
 -1.53514624e-01 -1.51135683e-01 -3.85245830e-01  3.14957760e-02
  4.10375655e-01  1.49965450e-01 -1.96106762e-01  2.91277841e-03
 -3.89346741e-02  5.30125983e-02  1.82881877e-01  1.12825774e-01
 -3.82755212e-02  4.52999026e-03 -5.40091507e-02  5.76533144e-03
  2.00704604e-01 -7.99019113e-02 -7.76501596e-02  2.48411253e-01
  1.64707042e-02  4.22420166e-02  8.17424580e-02  1.61776524e-02
 -4.00752202e-02 -3.02834958e-02 -2.02476963e-01 -1.58744603e-02
  5.92111014e-02 -5.09303398e-02  7.08830133e-02  1.45093545e-01
 -2.09535405e-01  4.48125266e-02  1.69178107e-04  3.54973190e-02
  2.77385414e-02 -4.08606306e-02 -1.13037109e-01 -8.38446394e-02
  1.10088609e-01 -2.18792871e-01  1.93345830e-01  2.20301554e-01
  1.31224571e-02  8.63004178e-02  9.54340696e-02  1.23718744e-02
  3.10627371e-02 -1.22014200e-02 -1.26876399e-01 -3.87938879e-02
  1.09083436e-01  3.36077847e-02  1.02842890e-01  2.40299758e-02]