[-0.06244802  0.14949349  0.14849237 -0.04628005 -0.18737569  0.01202442
 -0.03285604 -0.09706371  0.10700345 -0.05521595  0.24028246 -0.11639433
 -0.20636261 -0.02102087 -0.03303411  0.24574459 -0.20175986 -0.16494083
 -0.04151187 -0.08770978  0.01414499  0.06058455 -0.016545   -0.00555961
 -0.13688628 -0.37012172 -0.03027095 -0.03968935  0.06884573 -0.03524679
 -0.06153471  0.13713814 -0.14684147 -0.02182016  0.05955893  0.13929325
 -0.06967943 -0.10484811  0.15580043  0.03742528 -0.24952097  0.03112173
  0.08486719  0.28230539  0.24876335  0.01068399  0.032872   -0.09532046
  0.13246252 -0.22530079  0.0163281   0.14785126  0.04986351  0.05526891
  0.05475273 -0.14379737 -0.00490359  0.12493398 -0.14999895 -0.02851574
  0.10766577 -0.08779008  0.04666453 -0.12852049  0.21065226  0.06760549
 -0.07126801 -0.08978273  0.17511286 -0.08410292 -0.07542694  0.07047234
 -0.13567425 -0.11982372 -0.28661785 -0.02475082  0.45391294  0.06651542
 -0.17359744 -0.02109222  0.01943381 -0.01133459  0.17046829  0.12998484
 -0.02025558 -0.04280577 -0.13114928  0.00660754  0.26640537 -0.08046204
 -0.00464271  0.20909297  0.01844759  0.04972156  0.03007013  0.05770583
 -0.08388099  0.04166457 -0.16515471 -0.05782974 -0.03562815 -0.0593262
 -0.03704069  0.11923124 -0.1594713   0.12527411  0.03877249  0.05769798
 -0.04285417 -0.0682114  -0.01876038  0.00295186  0.17492853 -0.20975296
  0.11105271  0.17960086 -0.02326523  0.11547778  0.08877311  0.034479
 -0.03666173 -0.11794446 -0.18595654 -0.02620384  0.05851721 -0.05995572
  0.03412757  0.05862479]