[-1.25590369e-01  8.64310861e-02  7.35451132e-02 -6.69030100e-02
 -6.11650720e-02 -8.64933059e-02 -2.14382187e-02 -1.86802641e-01
  1.45421907e-01 -1.09466806e-01  2.10376486e-01 -1.10435799e-01
 -2.25116119e-01 -1.11174501e-01 -4.52055708e-02  2.56927550e-01
 -2.31308565e-01 -1.58746883e-01 -7.02863559e-02 -7.25408411e-03
  7.99968466e-02  3.79107404e-03  1.62470695e-02  4.78534177e-02
 -9.33622345e-02 -3.69369775e-01 -1.00300565e-01 -6.72985539e-02
  1.48951262e-02  5.10714490e-05 -5.34635298e-02  1.04691796e-01
 -1.96644351e-01 -7.65556768e-02  6.63430914e-02  5.06534986e-02
  7.18339812e-04 -7.12593123e-02  1.68207511e-01 -2.07860079e-02
 -2.43469283e-01  5.94476946e-02  1.48678586e-01  2.13274509e-01
  1.85551673e-01  5.93781434e-02  2.67991927e-02 -1.29028693e-01
  1.34303883e-01 -2.02127203e-01 -4.84300479e-02  1.33738518e-01
  9.71599221e-02  4.77773361e-02  6.01087511e-02 -1.49838641e-01
  8.79918784e-03  1.05208591e-01 -1.48702785e-01  2.47322973e-02
  7.28957728e-02 -6.77314922e-02 -5.32471649e-02 -7.28901625e-02
  1.85108095e-01  8.15671906e-02 -1.28552034e-01 -1.32274598e-01
  1.37973502e-01 -1.12244785e-01 -6.15299940e-02  2.44762283e-02
 -1.64105818e-01 -1.66123092e-01 -2.83396810e-01 -5.45133911e-02
  3.42775673e-01  6.02826253e-02 -1.99473053e-01  4.31517847e-02
 -1.42155187e-02  3.23632322e-02  1.07620172e-01  1.36273906e-01
 -2.10477319e-02 -5.99371642e-03 -7.14351311e-02 -9.54211969e-03
  2.18694434e-01 -7.10253716e-02  2.91474666e-02  2.41383269e-01
 -3.66332382e-03  4.86885868e-02 -4.01530899e-02  1.67137664e-02
 -8.10803398e-02  1.08612580e-02 -1.65256426e-01 -3.57476659e-02
  4.39042337e-02  3.11833061e-02 -7.64170894e-03  1.05913483e-01
 -1.61834553e-01  7.16916472e-02  5.73749887e-03  3.52585800e-02
 -4.70368704e-03  1.09506480e-03 -5.05919643e-02 -3.24142128e-02
  6.30199537e-02 -1.70890480e-01  2.08077297e-01  2.18505248e-01
 -2.29875576e-02  6.33584633e-02  8.18202570e-02  2.54575703e-02
  1.05678588e-02 -5.33935800e-03 -1.70016363e-01 -7.51968846e-02
  1.44185856e-01 -4.51880954e-02  4.30270247e-02 -3.94436307e-02]