[-0.01758537  0.15607926  0.02995111 -0.0034835   0.00211999 -0.01736148
  0.05221672 -0.15597835  0.15164323 -0.03205419  0.24652682 -0.05509238
 -0.20676506 -0.10162833  0.01571267  0.14080958 -0.21133839 -0.11293329
 -0.03157274 -0.0546293   0.08791315  0.01705147  0.06893487  0.01109449
 -0.15144871 -0.32988685 -0.12042206 -0.10348812  0.08531119 -0.05653466
 -0.04129642  0.10956607 -0.19507082 -0.10538197  0.06695596 -0.02180069
 -0.04621137 -0.05425723  0.21067674  0.0598774  -0.1360236   0.09330444
 -0.02481688  0.30437177  0.20357518 -0.00162397  0.02360887 -0.08849835
  0.03677399 -0.1898427   0.03583261  0.14657871  0.0135928   0.07689223
  0.00676855 -0.14369351 -0.02660655  0.03512244 -0.20883696  0.0214273
  0.08160359 -0.11017614  0.01453686 -0.02554067  0.0912615   0.05679974
 -0.06384011 -0.1617983   0.09411364 -0.10129328  0.00206701  0.04254137
 -0.16920969 -0.17649972 -0.29062372  0.07421767  0.38462994  0.1080128
 -0.12144553  0.02750047 -0.07202021  0.00706406  0.1236489   0.04736505
 -0.03262072 -0.01518864 -0.06092015  0.09240284  0.14088094 -0.06172161
 -0.14263463  0.21792288 -0.08744524  0.03883632  0.05787279  0.05141957
 -0.05053503  0.04097588 -0.15216835  0.01270988 -0.00586222 -0.07351269
  0.00449984  0.16391055 -0.15560189  0.09160817  0.0049178  -0.02658126
 -0.06469212 -0.02172307 -0.14740966  0.00732672  0.10602941 -0.27251592
  0.22909443  0.23291472  0.01415779  0.105114    0.05418835 -0.0235738
 -0.00514403 -0.02039623 -0.15561126 -0.03936832  0.10010828  0.08476224
  0.05231869 -0.02808567]