[-0.06312848  0.06935582  0.08440404 -0.00582904 -0.05899981 -0.10258939
 -0.02179252 -0.16748743  0.08906334 -0.03619241  0.23564319 -0.00859654
 -0.21715538 -0.11208495  0.03135537  0.14077471 -0.15225299 -0.06916466
 -0.0366106   0.00274016  0.05647776  0.02317253  0.06433123 -0.02771783
 -0.06558539 -0.35379666 -0.12775159 -0.06829596 -0.01611677 -0.03429091
 -0.02907103  0.07693153 -0.16286752 -0.10092002  0.06625414  0.0212593
 -0.07160435 -0.03101651  0.18451259  0.02962495 -0.17058924  0.04006819
  0.03671877  0.2544156   0.21439472  0.06807212  0.05212457 -0.17047803
  0.11470652 -0.17462468  0.04087793  0.12834607  0.04977843  0.05742383
  0.01359499 -0.10977938  0.04995466  0.03482725 -0.18014643  0.0100997
  0.12640171 -0.06855761 -0.07737098 -0.01276399  0.18202792  0.05525551
 -0.08438502 -0.14107454  0.09938981 -0.13935281 -0.09878992  0.02224886
 -0.19659647 -0.19675608 -0.31893462  0.01505063  0.3245908   0.06047962
 -0.21260493  0.01330785 -0.05372322  0.05259025  0.18504684  0.10986289
 -0.00396956 -0.00583391 -0.08103469  0.00058155  0.20022106 -0.11151802
 -0.05600598  0.23801921  0.03771293  0.0785937   0.06242963  0.03057169
  0.00283714  0.0159941  -0.20702712 -0.03031217  0.08275083 -0.00844973
  0.0140064   0.13435182 -0.1762877   0.1325285   0.02915594  0.02223554
  0.04193751 -0.08742052 -0.11216589 -0.08771159  0.09286309 -0.19910781
  0.21666847  0.21601804  0.02172416  0.07564034  0.0555172   0.04530987
 -0.03497931 -0.00598702 -0.17189167 -0.00492603  0.10407194  0.06946068
  0.01252531 -0.03224152]