[-0.02000219  0.12196783  0.08159012 -0.06407856 -0.08557883  0.02780361
 -0.0402141  -0.02536344  0.13967459 -0.03474398  0.23048361 -0.0504184
 -0.1951568  -0.14899984  0.00857727  0.13032873 -0.11373644 -0.07351758
 -0.07361341 -0.05949396  0.0539551   0.01220147  0.04194669  0.05853846
 -0.1674023  -0.32736033 -0.05345061 -0.11632573 -0.01215032 -0.1703725
 -0.0698859   0.09782725 -0.10974938 -0.08564837  0.00534572  0.07308555
  0.01091845 -0.06951379  0.13585128  0.05563534 -0.12629466  0.07176663
 -0.00283621  0.30009463  0.22825943  0.01618583  0.06684925 -0.06478607
  0.1969837  -0.20854254  0.05267964  0.11257654  0.0647936   0.03480409
  0.09494402 -0.11245145 -0.01977438  0.14898007 -0.15616241  0.05453938
  0.02257553 -0.0429179  -0.04746864 -0.12124506  0.15932487  0.0974782
 -0.10148025 -0.1301063   0.12185552 -0.06148665 -0.07508922  0.04071326
 -0.17400061 -0.11964549 -0.26127437  0.06715959  0.31264663  0.11770581
 -0.24151538 -0.00912495 -0.09815174  0.02417167  0.03978724  0.05818458
 -0.02865489 -0.01162228 -0.07485528  0.01474821  0.17643951 -0.03743634
 -0.01239924  0.22375129  0.00256158  0.03368061  0.02269464 -0.00603715
 -0.12396323  0.05486112 -0.15222111 -0.01140596  0.04033489 -0.11461615
 -0.01216092  0.07117464 -0.23594029  0.14672697  0.01130025  0.01825014
 -0.00197095 -0.03497786 -0.11745565  0.04007275  0.18487245 -0.26163885
  0.16399221  0.18804334  0.09985536  0.11050441  0.09875109  0.0403012
  0.00747374 -0.03511613 -0.12267655 -0.04510861  0.0861363  -0.01266348
 -0.0077862   0.01528807]