[-0.03196493  0.18017769  0.05352574 -0.1166028  -0.07369741  0.04996642
 -0.08036641  0.01028438  0.16253708  0.0047508   0.20426174 -0.0348416
 -0.218504   -0.11615824  0.01533025  0.10776897 -0.21006587 -0.06938144
 -0.06043833 -0.02280442  0.09114446  0.02474429  0.01566823  0.09222748
 -0.12290386 -0.32382473 -0.03086984 -0.14454554  0.04074813 -0.18334697
 -0.07493062 -0.01611583 -0.19070636 -0.10901735 -0.01201172  0.08156125
 -0.0187414  -0.09312484  0.12221552  0.04128164 -0.11421911  0.102774
 -0.0258778   0.2856288   0.22149995  0.06181191  0.02448834 -0.07811924
  0.16158755 -0.24351488  0.0907882   0.14372101  0.06049815  0.03316156
  0.09100853 -0.17721041  0.0011596   0.13027364 -0.19931541  0.07179045
  0.01358324 -0.02801044 -0.01112147 -0.10574327  0.19806235  0.09749045
 -0.09250215 -0.11997554  0.11266687 -0.05421235 -0.05592782  0.03681686
 -0.13184093 -0.12799492 -0.26123556  0.0848892   0.36237851  0.14150922
 -0.24915731  0.03090664 -0.11904522 -0.0116879   0.04432024  0.05985447
 -0.06641452  0.01833693 -0.08215421  0.07048824  0.14674069 -0.02150381
 -0.00147482  0.2328236   0.00137091  0.03440252  0.04900008 -0.02820812
 -0.1179051   0.02316491 -0.16553639 -0.03515559  0.06112081 -0.11768933
 -0.02955688  0.10052045 -0.23856071  0.09182407  0.04777881 -0.05140396
 -0.01283615 -0.01785192 -0.1255886   0.01292774  0.20510276 -0.28849956
  0.22624972  0.19488144  0.10826975  0.13081577  0.09040446  0.03958443
  0.01710254 -0.04924329 -0.14045712 -0.03919305  0.09395801  0.02296393
  0.05276029  0.02858675]