[-0.01745198  0.17143929  0.11084954 -0.07207207 -0.03347925  0.00494322
 -0.1093935  -0.11290488  0.10665267 -0.1008724   0.32229599  0.01559245
 -0.16995876 -0.13886605 -0.0277643   0.12565871 -0.1975791  -0.08766618
 -0.07220145 -0.06181268  0.027062    0.01616365  0.03568356 -0.04096762
 -0.1600811  -0.30848816 -0.12140296 -0.1106206  -0.02018372 -0.095993
 -0.04167784  0.01609497 -0.15095155 -0.03388283  0.01914276  0.02502738
 -0.01599449 -0.03287125  0.14041592  0.04437353 -0.11886748  0.10907646
  0.0275596   0.26515764  0.26325271  0.03534814  0.01920689 -0.09874355
  0.15825234 -0.14176679  0.07683928  0.11593809  0.16318922  0.07654559
  0.09809735 -0.11641651  0.00589711  0.0852822  -0.14711438 -0.06339713
  0.01714675 -0.02569469 -0.00239872 -0.05466839  0.19918799  0.12802967
 -0.11406852 -0.10499477  0.11396398 -0.07207707 -0.04570378  0.04771809
 -0.16653363 -0.12359747 -0.25401783  0.0386823   0.36404869  0.11906003
 -0.23583689 -0.00764058 -0.0764968  -0.02477343  0.0706296   0.05649359
 -0.09456002  0.03564894 -0.04502824  0.02710489  0.18256938 -0.05187346
 -0.0598591   0.20115848 -0.02358794  0.05499751  0.07320277 -0.05194876
 -0.07240223  0.00115982 -0.14606744 -0.02182016 -0.05844271 -0.06931602
 -0.05312759  0.06284594 -0.16892143  0.1252367   0.04388993 -0.00554273
 -0.06344265 -0.01349215 -0.0661928  -0.0030187   0.14081906 -0.27873951
  0.18020342  0.13980648  0.0187777   0.13976891  0.0995252   0.04364715
 -0.06467397 -0.04389327 -0.10263741 -0.06019972  0.07319134 -0.00394345
  0.12876891 -0.02152523]