[-0.07407095  0.19059692  0.11092491 -0.01700291  0.01356556 -0.01227025
 -0.03444245 -0.09214492  0.12161392 -0.04817823  0.30264059  0.03867897
 -0.15231259 -0.17271797 -0.03803758  0.11283839 -0.19122742 -0.06147438
 -0.07557216 -0.0024348   0.01884018  0.055343    0.07895156 -0.00159446
 -0.1106118  -0.32380995 -0.05391714 -0.15227602  0.0321075  -0.08070572
 -0.09331017  0.04419922 -0.15458128 -0.07633891  0.00665867  0.00323877
 -0.03140822  0.0159647   0.17980339  0.06613877 -0.14201152  0.04960621
  0.00706195  0.30149037  0.29479739  0.02607933 -0.01852311 -0.0816991
  0.11534382 -0.17628554  0.05539779  0.12627262  0.11471235  0.07705064
  0.068941   -0.15403192 -0.02611206  0.0204019  -0.14162891 -0.02210046
 -0.01174307 -0.04573896 -0.00452331 -0.0276476   0.16487084  0.07997995
 -0.08291887 -0.10656901  0.13110165 -0.10058518 -0.01265682  0.08057173
 -0.14633408 -0.13567524 -0.22938624  0.02845195  0.32184941  0.14483418
 -0.18885101 -0.01444149 -0.14021033 -0.06120103  0.05328922  0.04179404
 -0.07769749  0.02028819 -0.04633442  0.00432576  0.13921891 -0.01773566
 -0.0622665   0.21970741 -0.0417722   0.03072046  0.05930526 -0.05650605
 -0.07138602  0.03889414 -0.17948684 -0.05064138 -0.03311539 -0.10797435
 -0.00428148  0.09739874 -0.20771246  0.09957306  0.05489871  0.02515412
  0.02019878 -0.00895669 -0.09841435 -0.01112442  0.15428208 -0.20679548
  0.24686567  0.15496336  0.06441033  0.12010746  0.11161941  0.02137989
 -0.05371712 -0.03636881 -0.11046112 -0.03017561  0.0852938  -0.02086656
  0.1061483  -0.01477429]