[-1.32487684e-01  7.29893073e-02  7.59009793e-02 -7.39574656e-02
 -7.36606419e-02 -1.33948205e-02 -5.47132641e-03 -1.43722579e-01
  1.87758937e-01 -1.32460266e-01  2.10183010e-01 -1.11234665e-01
 -2.62275547e-01 -2.05434598e-02 -4.73135151e-02  2.23759323e-01
 -1.90177113e-01 -1.74602494e-01 -5.28307818e-02 -4.25693132e-02
 -6.04736712e-03  2.59449761e-02 -1.41476560e-02  7.40376040e-02
 -1.50069341e-01 -3.33373070e-01 -8.93368647e-02 -1.07263684e-01
 -1.16275558e-02 -1.63800772e-02 -1.69821661e-02  3.44635658e-02
 -2.00496539e-01 -3.45201828e-02  5.37698232e-02  8.52965638e-02
  9.89038777e-03 -9.69579443e-02  1.26529455e-01 -4.67587775e-03
 -3.06564301e-01 -6.48704022e-02  9.33354869e-02  2.74332821e-01
  1.59589812e-01 -8.21005926e-03 -1.61487889e-02 -9.68004093e-02
  9.97762457e-02 -1.83701158e-01 -5.25237992e-04  8.28119442e-02
  8.89725313e-02  1.86173730e-02  2.72345673e-02 -2.00861335e-01
  4.51663887e-04  1.52196735e-01 -1.55924320e-01 -4.76596616e-02
  4.25568968e-02 -6.15084283e-02 -1.31604252e-02 -6.62520900e-02
  2.71933228e-01  9.85925347e-02 -1.66734368e-01 -1.32052854e-01
  1.50185660e-01 -1.35201916e-01  1.52200256e-02  6.09035455e-02
 -1.48251489e-01 -1.67545483e-01 -3.07430118e-01 -3.03589348e-02
  4.19915050e-01  3.37594189e-02 -1.80334046e-01  6.78187907e-02
 -5.97406216e-02  5.75024374e-02  8.97310227e-02  2.15586051e-01
 -9.44916904e-03  9.89862233e-02 -4.87828031e-02 -3.21302824e-02
  1.86218128e-01 -7.38652200e-02 -1.03732608e-02  1.82730645e-01
 -7.84649625e-02 -3.49032395e-02  3.69439162e-02  2.34662462e-02
 -1.23722695e-01 -2.18910165e-02 -1.17362715e-01 -6.59721047e-02
 -1.51845661e-03  1.64797530e-03 -9.13174730e-03  1.09521940e-01
 -2.17081949e-01  1.10090785e-01  5.17506190e-02  3.15327197e-04
  3.47760879e-02  1.26725028e-03  5.38075808e-03 -9.59493071e-02
  1.40366495e-01 -2.73391873e-01  1.31708264e-01  1.52215242e-01
 -4.21561711e-02  1.72317341e-01  5.64223416e-02  6.61323816e-02
 -3.11806183e-02  2.74519920e-02 -1.61363676e-01 -2.09107008e-02
  9.77443680e-02 -7.89247304e-02  9.32855979e-02 -4.08855230e-02]