[-1.22549228e-01  2.55633388e-02  1.03486374e-01 -2.48659197e-02
 -1.49505913e-01 -8.75958800e-02 -4.32000905e-02 -1.88698336e-01
  9.80032980e-02 -1.19387306e-01  2.19718054e-01 -6.07226081e-02
 -2.01888844e-01 -3.92721333e-02 -1.08806977e-04  2.23985791e-01
 -1.16333239e-01 -1.98727906e-01 -7.33373389e-02 -1.66692771e-02
  1.48118231e-02 -3.58468341e-03  4.23985757e-02  2.69781593e-02
 -1.60272464e-01 -3.26349467e-01 -1.30085647e-01 -2.68389862e-02
  1.83206387e-02 -3.27109359e-02 -1.19237743e-01  9.22681242e-02
 -1.59707740e-01 -3.88932042e-02  8.31989795e-02  1.01571538e-01
 -1.19809676e-02 -7.16764405e-02  1.69479281e-01  1.87975038e-02
 -2.96113461e-01  4.55600433e-02  9.70479473e-02  2.48401523e-01
  2.15045050e-01  2.78186034e-02  4.93985415e-02 -1.39689326e-01
  1.04033552e-01 -1.86233059e-01  3.58060785e-02  9.70873535e-02
  8.01900551e-02  6.34537488e-02 -3.32618511e-04 -1.31761983e-01
  6.04145369e-03  8.42595473e-02 -1.57679603e-01 -6.33992348e-03
  1.34405375e-01 -7.33886957e-02 -5.98220043e-02 -1.14838853e-01
  2.24265128e-01  1.48164138e-01 -1.36459798e-01 -1.54660508e-01
  1.13394499e-01 -1.63618490e-01 -8.19986984e-02  3.36715356e-02
 -1.75201550e-01 -1.41649917e-01 -2.95688599e-01 -5.16482703e-02
  3.79659384e-01  5.42992353e-02 -2.26478934e-01  1.17415804e-02
  1.28727406e-04  4.36962359e-02  1.13697864e-01  1.52035773e-01
 -7.84975011e-03  5.46375178e-02 -7.44127631e-02 -7.76672876e-03
  2.56676316e-01 -9.69398841e-02  2.01671068e-02  2.07205653e-01
  4.52455841e-02  6.47662207e-02  5.71551397e-02  1.06119432e-01
 -6.26405627e-02 -1.68387778e-02 -1.52255774e-01 -1.28771858e-02
 -2.23175380e-02  3.44119663e-03  2.34116670e-02  8.83938819e-02
 -1.31607175e-01  1.85321763e-01  1.25925364e-02  4.81835380e-02
 -1.10304924e-02 -7.24204257e-03 -2.37891264e-02 -9.43966731e-02
  6.03034794e-02 -2.14822218e-01  1.49388105e-01  1.97906241e-01
 -1.03613017e-02  8.34630132e-02  4.99974750e-02  8.62574801e-02
 -4.29494828e-02  4.76457402e-02 -1.36525676e-01 -3.07290256e-02
  8.71511027e-02 -6.35397956e-02  6.09547608e-02  2.92541217e-02]