[-7.73198828e-02  1.14200592e-01  9.38318595e-02 -7.03357607e-02
 -1.28445849e-01  2.15040669e-02 -3.39551754e-02 -7.23555312e-02
  1.68142587e-01 -1.47125229e-01  2.05673367e-01  6.18518004e-03
 -1.52322546e-01 -2.30906252e-02 -5.07677682e-02  1.57262295e-01
 -1.73647985e-01 -1.50217786e-01 -2.81785219e-03  6.45777211e-03
  5.12697659e-02  5.04004955e-02  2.09400151e-02  8.38759840e-02
 -1.58510849e-01 -3.68590266e-01 -1.03721321e-01 -1.29197344e-01
  7.26634040e-02 -7.66768381e-02 -8.52592513e-02  2.93681212e-02
 -1.56606808e-01 -2.85829161e-03  1.65779795e-02  3.93767357e-02
 -9.08223074e-03 -6.66416213e-02  1.79611072e-01  9.65626538e-02
 -2.32260510e-01  7.23981932e-02  1.01671349e-02  2.83777684e-01
  1.93304434e-01 -2.76007690e-02  2.96876132e-02 -6.81056306e-02
  1.28701434e-01 -2.24881440e-01  5.93987666e-02  1.05736412e-01
  6.42440245e-02  7.58887678e-02  8.59032497e-02 -1.06324270e-01
  1.10631438e-04  9.06884968e-02 -1.79811507e-01  3.24645638e-02
 -1.99423521e-03  1.76155323e-03  3.13214287e-02 -7.08245188e-02
  1.67671770e-01  9.05791149e-02 -6.38604686e-02 -1.44449756e-01
  1.68681562e-01 -1.67806715e-01 -5.13679199e-02  8.17760974e-02
 -1.20183825e-01 -1.34816006e-01 -1.79113060e-01  4.34468202e-02
  4.38307613e-01  2.18794331e-01 -1.77623123e-01  3.38907689e-02
 -7.30167702e-02 -1.03899084e-01  4.46573049e-02  1.01320483e-01
 -1.08798174e-02  3.67846005e-02 -2.89341751e-02  4.18163389e-02
  2.13779375e-01 -5.42285247e-03  1.24162389e-02  2.55340576e-01
  2.56701801e-02  5.48681505e-02  5.69482446e-02 -1.45416353e-02
 -1.18790925e-01  3.49106058e-03 -1.52253315e-01 -6.20029345e-02
 -9.10255760e-02 -4.46366854e-02 -2.97368355e-02  1.25862852e-01
 -2.30862290e-01  1.89323053e-01  2.96369079e-03 -7.55366310e-02
 -3.94169241e-02  8.99417102e-02 -6.30820543e-02 -2.26485338e-02
  1.21198237e-01 -2.17798978e-01  1.63002089e-01  1.76258370e-01
  7.97255561e-02  1.21447347e-01  3.43383066e-02 -4.49400907e-03
 -3.11858967e-05 -5.08666746e-02 -1.34231165e-01 -6.16760328e-02
  8.48329812e-02 -1.04272805e-01  3.11105046e-02 -1.05875852e-02]