[-0.14563908  0.14332946  0.03351103 -0.04972902 -0.05359359 -0.0320875
 -0.03810858 -0.1378343   0.12791172 -0.05448082  0.22297214  0.00079482
 -0.19172327 -0.18207459 -0.02308574  0.15933095 -0.20577447 -0.19160686
 -0.01687614 -0.0321255   0.07166901 -0.0037277   0.01381118  0.0012943
 -0.11132306 -0.29521433 -0.09813555 -0.09151753  0.07292919 -0.02195202
 -0.07420188 -0.00222442 -0.18764083 -0.07257442  0.0516808   0.08049991
 -0.00473565 -0.01227793  0.20159487 -0.02945675 -0.19317405  0.00103382
  0.08947704  0.25540927  0.20056467  0.05069549  0.03878787 -0.0954605
  0.10491759 -0.08867837  0.08158683  0.15440379  0.15567939  0.0615881
  0.01498401 -0.18208884 -0.02260339  0.08079307 -0.09021907  0.02999094
  0.05729045 -0.09496136 -0.03816421 -0.04991608  0.22405337  0.044174
 -0.09643912 -0.24139313  0.15872525 -0.13205437 -0.12105089  0.0449499
 -0.15639353 -0.10021921 -0.33231589  0.00066953  0.35548916  0.06009002
 -0.19892292  0.08031786 -0.04881082 -0.02556905  0.09935839  0.14739309
 -0.06881134  0.07773014 -0.11853056 -0.05056386  0.2379968  -0.05251204
 -0.06938741  0.13475703 -0.00316323  0.09364901  0.04690927 -0.00800591
 -0.0267152   0.03497806 -0.12082934 -0.03190436  0.02525069 -0.07534613
 -0.01283989  0.12793122 -0.14132689  0.08414117  0.0400622   0.07818013
 -0.05415229  0.03118846 -0.1067961  -0.07027241  0.11579432 -0.21620117
  0.25714794  0.19927107  0.04575118  0.10026772  0.15903957  0.07757489
  0.01686641  0.02699601 -0.15772152 -0.05182621  0.07001465 -0.0337557
  0.13220705  0.07058499]