[-1.03047386e-01  1.79418012e-01  6.25802204e-02 -2.98401993e-02
 -8.36460963e-02  7.17725698e-03 -7.25683793e-02 -1.08916096e-01
  1.48926660e-01 -3.66480425e-02  2.78514355e-01  1.39384447e-02
 -1.66635200e-01 -1.24104358e-01 -6.93939254e-02  1.55900627e-01
 -2.12341383e-01 -1.13095559e-01 -2.71132449e-03 -8.14104453e-03
  8.19753259e-02  5.45125864e-02  5.10453656e-02  4.86849621e-02
 -1.61947116e-01 -3.28856081e-01 -4.82384823e-02 -9.48911384e-02
  3.90749089e-02 -9.37042460e-02 -1.25213236e-01  2.46692952e-02
 -1.75178677e-01 -7.65069649e-02  6.17787428e-02  7.31498748e-02
 -1.33869993e-02  1.49061829e-02  1.85256124e-01  4.90639061e-02
 -2.01973557e-01  9.10119712e-02  5.24703264e-02  3.42465401e-01
  2.72287250e-01  2.61244960e-02  2.54278611e-02 -1.31850168e-01
  1.30927533e-01 -1.80347666e-01  4.87511344e-02  1.68059617e-01
  9.53448042e-02  2.61412319e-02 -1.98789430e-03 -1.09500848e-01
 -6.72281981e-02  1.13598906e-01 -1.42271757e-01  4.84810397e-02
  7.12959245e-02 -8.29731226e-02 -3.64432926e-03 -5.13750799e-02
  1.84479043e-01  8.29940960e-02 -1.08074524e-01 -1.87236071e-01
  9.80120897e-02 -1.36518106e-01 -1.03532255e-01  5.92920557e-02
 -1.59584358e-01 -1.59055099e-01 -3.21281761e-01  7.76836742e-03
  4.20639277e-01  9.16625038e-02 -1.72371805e-01  6.50952086e-02
 -7.55101889e-02 -2.67016347e-02  9.07948092e-02  1.35125980e-01
 -4.91435193e-02  3.95801552e-02 -7.00984150e-02  6.19358011e-02
  2.37208292e-01 -4.54933904e-02 -3.48296948e-02  2.05924675e-01
 -4.03520791e-03  7.59003237e-02  4.61704396e-02  3.99192870e-02
 -7.16666207e-02  4.10293452e-02 -1.58515826e-01 -3.44780944e-02
 -4.57604825e-02 -5.80947809e-02  5.37293851e-02  1.33926511e-01
 -2.16167241e-01  1.04199350e-01  2.42137332e-02  2.54720952e-02
  1.18210912e-02  9.88377724e-03 -6.84494451e-02 -4.98707071e-02
  1.27263978e-01 -2.43831232e-01  2.39115387e-01  1.92922503e-01
  9.26066712e-02  1.03619359e-01  1.06702946e-01  1.07264118e-02
  1.42141553e-02  8.28658789e-03 -1.15504958e-01 -1.05618425e-02
  5.21629266e-02 -4.95293252e-02  1.31629184e-01  3.99401033e-04]