[-0.13797148  0.13247937 -0.00175501 -0.09589045 -0.12641481 -0.02976713
 -0.11485398 -0.16627482  0.10854101 -0.05240614  0.28202325 -0.02513084
 -0.20886329 -0.12549935 -0.0498316   0.19018532 -0.20240676 -0.12499513
 -0.04643937 -0.05320508  0.04297502  0.02725152  0.03449947  0.08115935
 -0.10708232 -0.33403373 -0.0654622  -0.0623651   0.03793168 -0.02673554
 -0.10341237  0.0363166  -0.19852674 -0.13264041  0.10115702  0.14038415
  0.00535945 -0.01049673  0.17756394  0.01891596 -0.1644647   0.07808288
  0.13573721  0.31170166  0.22959797  0.07012229  0.04042883 -0.13727713
  0.13115361 -0.12569505  0.07153941  0.14637691  0.13854471  0.0300928
  0.02585575 -0.12158459 -0.00531015  0.168157   -0.16331264  0.02708935
  0.11612246 -0.03270069 -0.02842071 -0.11072295  0.22943175  0.09537727
 -0.11941673 -0.18939239  0.11509696 -0.12264892 -0.14476934  0.01507406
 -0.17208046 -0.13157006 -0.35387969 -0.00216216  0.35990492  0.10814082
 -0.2039278   0.02956032 -0.00396198 -0.04602472  0.11697781  0.09942972
 -0.0265255  -0.00553018 -0.06466064  0.00520022  0.23926063 -0.00737293
 -0.00460923  0.2138727   0.03029622  0.04579005  0.0461035   0.07889476
 -0.10255288  0.02842966 -0.18346812 -0.02201073 -0.03880129 -0.04757676
  0.05032759  0.11102743 -0.19637261  0.08425657  0.00560345  0.04020062
 -0.02189397  0.01715961 -0.08219013 -0.08332827  0.12703188 -0.22438057
  0.21578975  0.21501318  0.08843708  0.0857067   0.12478065  0.03651113
  0.02477266  0.01387452 -0.14886127 -0.07059704  0.05228003 -0.07468902
  0.12494155  0.05001241]