[ 0.01961181  0.13212365  0.13220091 -0.06024684 -0.14869204  0.06408586
 -0.07439775 -0.0513474   0.19887771 -0.14422332  0.17719576 -0.00581072
 -0.21717329  0.03337412 -0.03648981  0.21165693 -0.15980265 -0.18371022
 -0.00442654 -0.00473084 -0.02466086  0.0783849   0.01200072  0.04078885
 -0.16705434 -0.35143587 -0.0710054  -0.05898364 -0.01155986 -0.09174474
 -0.13157135  0.04569438 -0.13731925 -0.00653832  0.09950683  0.07687616
 -0.05971953 -0.04789745  0.17609328  0.11749675 -0.2494334   0.01419336
  0.08120031  0.28957233  0.2088186   0.01704194  0.03106188 -0.12560175
  0.17771406 -0.2723003   0.03669784  0.16199093  0.0874055   0.06170703
  0.07700837 -0.0855692  -0.03046127  0.14154737 -0.13675369  0.07055327
  0.09816557 -0.00892854 -0.0105028  -0.08129858  0.20271574  0.06268491
 -0.11427071 -0.1404098   0.14009146 -0.1397773  -0.10391361  0.06519834
 -0.12457912 -0.17696324 -0.23176546 -0.02779386  0.39498854  0.14672822
 -0.14378527  0.02743251 -0.02396287 -0.02847374  0.03258212  0.1162187
 -0.05498985  0.05317894 -0.03657849  0.06552313  0.28155872 -0.06971806
  0.06012557  0.222505   -0.0103605   0.08833637  0.00695041  0.04751921
 -0.10945389  0.00454812 -0.22521196 -0.07400315 -0.04336383 -0.01395019
  0.02541048  0.13832669 -0.24235116  0.13552205 -0.01539589 -0.05351607
  0.01364716  0.0567888  -0.09773894 -0.06828778  0.1654021  -0.21431826
  0.1152002   0.17753339  0.03317164  0.04240444  0.07396373  0.01196082
  0.00760235 -0.07646275 -0.13708082 -0.06198862  0.06498837 -0.07657635
  0.02447578 -0.02936395]