[-0.0573244   0.12180328  0.09614643 -0.06832265 -0.13922842  0.05777349
 -0.07040893 -0.06095218  0.13423984 -0.13871884  0.25867155 -0.03030818
 -0.18647991  0.02536728 -0.07323646  0.20267199 -0.12524398 -0.12324055
 -0.03197805 -0.0200074  -0.02428214  0.07472029 -0.01353288  0.03381184
 -0.14593522 -0.3286483  -0.08720882 -0.0775969   0.00639347 -0.05779212
 -0.11133806  0.05224344 -0.08117347  0.0168888   0.0977452   0.07310075
 -0.04389107 -0.00734545  0.20372491  0.06984032 -0.21618521  0.06348955
  0.07638156  0.32093057  0.17213456  0.02969736  0.06965836 -0.15282916
  0.14545344 -0.22166012  0.07955603  0.12778546  0.14149682  0.05598518
  0.03664853 -0.11423534 -0.02616003  0.15995853 -0.14052778  0.0513869
  0.10003477  0.00060395 -0.02367637 -0.0832453   0.24454534  0.12482921
 -0.16402081 -0.15011273  0.14307532 -0.12710856 -0.09608286  0.03859769
 -0.14399944 -0.16996539 -0.25427741  0.04396301  0.43008167  0.15608548
 -0.17440756  0.01983579 -0.03226944 -0.02050263  0.06811472  0.12633908
 -0.11311817 -0.00803526 -0.02138512  0.03003273  0.25109825 -0.06263044
  0.02156692  0.17009225  0.01893396  0.0823443  -0.0024924   0.05432973
 -0.11152504  0.00427051 -0.1440067  -0.02202746 -0.06367635 -0.04030849
  0.03789297  0.1532474  -0.24760857  0.19951491 -0.03492432 -0.03361679
  0.02022907  0.08711216 -0.04321945 -0.04854029  0.14889765 -0.22445364
  0.11912502  0.1571586   0.06391847  0.10574404  0.13227986  0.05056103
  0.01503792 -0.00884088 -0.18100938 -0.05281081  0.08018129 -0.08426166
  0.06386173  0.00776139]